19
13
10.0
8.0
0.00010000000000000000
10.00000000000000000406
10.00000000000000000406
10.00000000000000000406
10.00000000000000000406
10.00000000000000000406
10.00000000000000000406
10.00000000000000000406
10.00000000000000000406
10.00000000000000000406
10.00000000000000000406
10.00000000000000000406
10.00000000000000000406
10.00000000000000000406
0.50000000000000000000
0.50000000000000000000
0.50000000000000000000
0.50000000000000000000
0.50000000000000000000
0.50000000000000000000
0.50000000000000000000
0.50000000000000000000
0.50000000000000000000
0.50000000000000000000
0.50000000000000000000
0.50000000000000000000
0.50000000000000000000
0.50000000000000000000
0.50000000000000000000
0.50000000000000000000
0.50000000000000000000
0.50000000000000000000
0.50000000000000000000
0.50000000000000000000
0.50000000000000000000
0.50000000000000000000
0.50000000000000000000
0.50000000000000000000
0.50000000000000000000
0.50000000000000000000
0.50000000000000000000
0.50000000000000000000
0.50000000000000000000
0.50000000000000000000
0.50000000000000000000
0.50000000000000000000
0.50000000000000000000
0.50000000000000000000
0.50000000000000000000
0.50000000000000000000
0.50000000000000000000
0.50000000000000000000
0.10000000000000000000
0.00001426258965480508
0.00084548555876550762
0.00000489684170952731
0.00000923075790721933
0.00000000119160429645
0.00000587781967765727
0.00000000170535803652
0.00000655201455511846
0.00000001095332909667
0.00000423854050365097
0.00000001387826494679
0.00000665926797696422
0.00000004045004631914
0.00000033045898302247
0.00000000195711475412
0.00206780706055014880
0.00000005305666982853
0.00005825927541308032
0.00000077561588390503
0.00137029638237262122
0.00000306638518287106
0.00000221040379437090
0.00000003312215306459
0.00019134728880527804
0.00000005726121194333
0.00000029371154317290
0.00000005262322730270
0.00048411069643551560
0.00000000293929861945
0.00000342918391257871
0.00000000662973982180
0.00002495502947593847
0.10000000000000000000
0.00000256058835772567
0.01631793260610978886
0.00000000781809860539
0.00006925229857497515
0.00000004313285531955
0.00000633979630481433
0.00000000585597827647
0.00000469380009457686
0.00000000023802421202
0.00000357917561505337
0.00000000686041204599
0.00000460304230990661
0.00000000220300782788
0.00000092572479993996
0.00000277331365566517
0.00002223903423874902
0.00000001137642706885
0.01568805981305529600
0.00000270631152130254
0.00213726087522725888
0.00000009442172875466
0.00004683818947891843
0.00000019213515760594
0.00020434067725309720
0.00000000268289928981
0.00002597593937541685
0.00000035235206888830
0.00000629698558317634
0.00000001541640298842
0.00001935411358654245
0.00074690276847808112
0.00000129281964239967
0.10000000000000000000
0.00000142960814642623
0.00000329125110946856
0.00000000091167723078
0.00000462103946849011
0.00000000401637690424
0.00006699728681922611
0.00000000744482211554
0.00000601405255995616
0.00000000060108708849
0.00004432716893366230
0.00000021963012049984
0.00001145718462775297
0.00000003733676866142
0.00029114959347338898
0.00000028987543904635
0.00001106799764362806
0.00000076123532745463
0.00246832550774536986
0.00000274873358817284
0.00001310123936050947
0.00000002915980643186
0.00002991595198062554
0.00000005793685175413
0.00001019319334012018
0.00000001767409547730
0.00001800952589998550
0.00000002706318519253
0.00000589735733800433
0.00000001870714377215
0.00000566285600972557
0.01078511769019117608
0.00000187145156818678
0.10000000000000000000
0.00000000307462698415
0.00000131958673614394
0.00000006537835584084
0.00000061132882306311
0.00000004479119465796
0.00001171820895542226
0.00000000333880198870
0.00000519503780510517
0.00000002473701348059
0.00008248567560226772
0.00000001202145816381
0.00001839923750736020
0.00000077833436487472
0.00013095469208705398
0.00000001932860245173
0.00241650286805633248
0.00000164455258794400
0.01998195828492623686
0.00000000739892479050
0.00006543351299254189
0.00000001595486907820
0.00003338422689025786
0.00000000424822839680
0.00000165263865825648
0.00000002608247492570
0.00001956654083616357
0.00000000548744593626
0.00000134390379710625
0.00001239635346094301
0.00000000600064637184
0.00000500333674098961
0.00000000357050438770
0.10000000000000000000
0.00000135836985685539
0.00386370673341943286
0.00000170615334685051
0.00557234187081434722
0.00000001856812168859
0.00025001524577391578
0.00000006041058422071
0.00092354336771866528
0.00000046772972123368
0.00003549816483403969
0.00000004338682466159
0.00000338066449158980
0.00000007651450123829
0.00270971244042391040
0.00000000058614222708
0.00001113609544475817
0.00000000264007633354
0.00102297681959301322
0.00001187313779479427
0.00079424553157627658
0.00000012441371740058
0.00003264897559897384
0.00000055034432740157
0.00272948147919394180
0.00000028848975567395
0.00043952383455966576
0.00000008557073129893
0.00000000100207858471
0.00003328466678543802
0.00000000086786655806
0.00000095959551370579
0.00000085061133624123
0.10000000000000000000
0.00001739383018746171
0.00200158050331505044
0.00000569254953012734
0.00003555363600849285
0.00000015414785871000
0.00013480064709991516
0.00000076757264808479
0.00035070290588630800
0.00000006668206202667
0.00002040635414313202
0.00000046179727634596
0.00035086698313127698
0.00000005140756991216
0.00001213663829313447
0.00000001675197056872
0.00000327508130884502
0.00001288141703503024
0.01060290697461901864
0.00000107246900104691
0.00002537268705837068
0.00000004467615579223
0.00054010901390551392
0.00000030814761711302
0.00005564090629430206
0.00000056738084062560
0.00016620181950108644
0.00000321046113173566
0.00000001346479255330
0.00000285714946889763
0.00000003087917574816
0.00157144332578663382
0.00001129735206781401
0.10000000000000000000
0.00000305492642726247
0.00488588508498462662
0.00000006100973613608
0.00006604732985386055
0.00000017092057488669
0.00027221138685816960
0.00000048329459908914
0.00002311453266819961
0.00000007104952934238
0.00070590002369463360
0.00000062247376840068
0.00878574175425511948
0.00000002745818130306
0.00002314332536787915
0.00000000737589380041
0.00786282615319078084
0.00000698909113288619
0.00028272596170136818
0.00000232092033524492
0.00000283215590263288
0.00000032253852768645
0.00006054641961422202
0.00000000649615506890
0.00000062018173187650
0.00000001385865131123
0.00000000227552115787
0.00000483482668454892
0.00000000606655154118
0.00000070537607482192
0.00000169522277444347
0.00317591336794522004
0.00000746302511807668
0.10000000000000000000
0.00000014008869824399
0.00008979429589240448
0.00000014541923075505
0.00057068601886172784
0.00000049717090074880
0.00088219947970033584
0.00000021648176191650
0.00000828428403313320
0.00000021498098879101
0.00078234040383379152
0.00000043721574985751
0.00002892060807649546
0.00000001438608433859
0.00000505957536930563
0.00000129079175991210
0.00840677498403474246
0.00000007655673016825
0.00046251418358860618
0.00000000004892964255
0.00017456155466634338
0.00000043735212677753
0.00008280079901732700
0.00000020944248053910
0.00059260262291967184
0.00000535039097263059
0.00000000273306790614
0.00006193127277952326
0.00000003162888323093
0.00338837780528927444
0.00000552774197350187
0.00730470624102513280
0.00000008573308647576
0.10000000000000000000
0.00000000508459630391
0.00004217323271332915
0.00000051736172405855
0.00048872653277788498
0.00000145490733713098
0.00000137472176642657
0.00000004019508843327
0.00064084490932995824
0.00000400907907868552
0.00067284347466154704
0.00000005046093081389
0.00000378573650374821
0.00000003494344689701
0.00205657790257472724
0.00002008641824270233
0.00136270240834375786
0.00000065633737552678
0.00001074179066685905
0.00000089902471622658
0.00070454880910289386
0.00000001451431957152
0.00004408732423633456
0.00000064453206326116
0.00000001205789176175
0.00000295318146703914
0.00000000927730201343
0.00001115493462536464
0.00000001522077017538
0.00004654141103485496
0.00000012296265545569
0.00007408131592948389
0.00000000685442544444
0.10000000000000000000
0.00000389476334049437
0.00515581221227587468
0.00000133451694317505
0.00096709165435904000
0.00000000874102666868
0.00000316634423389841
0.00000002363483430236
0.00014623587898843610
0.00000020788935441377
0.00000235074712646256
0.00000000930847371280
0.00000093522280545861
0.00000007927054628015
0.00025536488876327840
0.00000098290978924181
0.00021209509835386856
0.00000002441376318967
0.00058257425895153952
0.00000009680048690254
0.01297365098462940486
0.00003483272045879900
0.00127179418653338560
0.00000344123639366793
0.00000000011044844502
0.00000552722970580108
0.00000000234406354028
0.00015114997238014710
0.00000014882159175181
0.00009817530890168858
0.00000008848195439257
0.00004192995504821082
0.00000287246005796357
0.10000000000000000000
0.00000132420438571290
0.00465394594234547840
0.00000068828146401801
0.00001040497973590445
0.00000002645863035378
0.00003464134948347764
0.00000030423156487334
0.00034261858417184704
0.00000001118114115953
0.00001614052674009299
0.00000000418721290880
0.00075459602436279402
0.00000004661051812941
0.00017525902961467096
0.00000006054228737855
0.00007975882247309881
0.00000189984835166937
0.00139019299577843760
0.00000046504431735167
0.00794807710099577868
0.00000729244190579386
0.00000001515805782054
0.00000223424962263495
0.00000000074316955402
0.00000490656599024761
0.00000004913204386494
0.00017507762296941848
0.00000034178387716236
0.00046713274589320120
0.00000069197756655080
0.00511540744577504320
0.00000178141554368653
0.10000000000000000000
0.00001468447122789476
0.00051871698590222592
0.00000003367905413501
0.00002989842704201419
0.00000002358555553332
0.00012554918807369264
0.00000002007603067444
0.00000839560897390215
0.00000000109864986756
0.00000154520481642021
0.00000055127875120105
0.00051178821678226560
0.00000084686931221076
0.00027532970270606618
0.00000009149858606202
0.00017819874837257262
0.00000230795107094908
0.01533098396909047240
0.00000540410232016679
0.00768262868952626246
0.00000416280112610079
0.00000000245103590175
0.00003136687775272815
0.00000001337171107392
0.00042989250705031960
0.00000057057001111442
0.00031154034884510824
0.00000023291613102020
0.00037412301345469146
0.00000075780596405780
0.00358329312614111808
0.00000840444615554442
0.10000000000000000000
0.00000032521905858343
0.00002195844862055932
0.00000007124831410732
0.00015106190626105762
0.00000004302456400773
0.00029108508922102924
0.00000000500422522666
0.00001932105184074284
0.00000000489135231449
0.00010228103947390184
0.00000024944002777949
0.00051919339607553258
0.00000013300697739705
0.00004908696884539881
0.00000096046872553863
0.00100658548409455808
0.00000112593255568601
0.01008270973822533602
0.00000838567264203363
0.00000003779635753525
0.00000245819421542323
0.00000023230841944339
0.00006664844296622901
0.00000032543877971590
0.00038967322799531938
0.00000082678332547144
0.00061777796935317440
0.00000166477518692273
0.00082086798162487616
0.00000079213431921711
0.00044376496283816138
0.00000048612476031015
0.10000000000000000000
0.00000014355586499606
0.00019298934085178120
0.00000191707604822892
0.00084767532986089952
0.00000111040806312833
0.00004792995709070912
0.00000000763331601213
0.00008178748501938769
0.00000024327646567629
0.00189662860618560362
0.00000459715021035054
0.00091203760657364506
0.00000008445503153200
0.00235562562724840404
0.00000272537169501685
0.00000745384925277251
0.00000011889995835046
0.00231923806883804580
0.00000030757816527254
0.00000000117191005511
0.00001207140932489408
0.00000000967554943384
0.00002460295383920478
0.00000007380354803716
0.00003938872284793240
0.00000015100591115254
0.00000156690289847122
0.00000000739052245012
0.00001192836745505152
0.00000002870049855369
0.00003269493076773462
0.00000014299733873801
0.10000000000000000000
0.00000350833794697326
0.00002028213923744398
0.00000007311779922906
0.00005125557093650550
0.00000000074375537049
0.00000538125589591329
0.00000001085742410338
0.00001445589438405957
0.00000000887181437551
0.00075274824437835824
0.00000050043131819501
0.00007397531061229501
0.00000004666928631492
0.00029382220018082376
0.00000005295644933587
0.00000951691325299414
0.00000000507456822540
0.00000000195505037820
0.00000052852296252815
0.00000004222022230271
0.00001589359105073661
0.00000003227326757504
0.00002424026485526042
0.00000012994264700175
0.00000620199392821726
0.00000004917042762293
0.00000287325747546278
0.00000003255448664018
0.00002734523232376290
0.00000011385630428709
0.00020632129707928188
0.00000376534819216292
0.10000000000000000000
0.00000003204812263210
0.00055678904750176280
0.00000083199106582012
0.00000136539689318695
0.00000000509717615528
0.00002994545908323166
0.00000001279448958095
0.00014580746712239076
0.00000041013093387376
0.00029613165521447424
0.00000144959859395826
0.00016707093947589888
0.00000070555811728852
0.00005124022172732716
0.00000001282339120154
0.00006922142348471515
0.00085232396078455952
0.00000065333206582791
0.00013584792107373572
0.00000027742234362432
0.00000103762437643565
0.00000022634782743164
0.00053270493764690120
0.00000006640938127582
0.00032347219634511400
0.00000000884956657879
0.00001758698187981575
0.00000000890086898784
0.00009960714056435718
0.00000084567423578526
0.00000898194732011154
0.00000001322378000636
0.10000000000000000000
0.00000018287227952092
0.00074105334963687696
0.00000011640762467245
0.00009455196666595264
0.00000014301544642847
0.00060010159804175706
0.00000056868368843613
0.00159636795695042240
0.00000066469055232852
0.00001053548672873055
0.00000008964552739885
0.00147959337505768788
0.00000001483283892980
0.00001238083426297376
0.00000001417499461698
0.00000005770529439636
0.00001382394181815917
0.00000035688575855494
0.00012316215637205096
0.00000006196733731626
0.00045378324425096624
0.00000123949725767789
0.00063768489179342586
0.00000533961114902246
0.00014447888081689144
0.00000040755082376958
0.00012502049006546678
0.00000007485709685015
0.00098667538139745002
0.00000008543992228848
0.00060621223231189112
0.00000048253505391960
0.10000000000000000000
0.00000111832286229569
0.00007116420988310812
0.00000023012533489617
0.00008126414980758331
0.00000102245471487650
0.00196272212549049206
0.00000609994133868134
0.00965155251464525226
0.00000030884850769765
0.00243570659305733204
0.00000044359403650922
0.00009760712503028684
0.00000008521537134931
0.00016200513211643284
0.00002325863330001830
0.00000000259576456743
0.00000500184576162095
0.00000000667267715922
0.00080553743532614000
0.00000002440486822229
0.00642164640512741860
0.00000013081260825688
0.00032894439633636818
0.00000007539214827703
0.00016847360119017544
0.00000000733818367841
0.00018590021859668524
0.00000047442852612011
0.00002198478628476536
0.00000033250341760076
0.00071775116094399720
0.00000041049761910707
0.10000000000000000000
0.00000009893196103677
0.00013477656339661008
0.00000004122873177938
0.00085431674425709786
0.00000009153395865114
0.00287579297036646584
0.00000050463043874923
0.00040559268454278618
0.00000134822186317351
0.00100069708450176586
0.00000033244997600330
0.00076840298645542698
0.00000015871906314267
0.00002450672144333553
0.28330096682422512044
0.00002722698672771773
0.06602469164898064060
0.00000001379065646813
0.00045600248386383978
0.00000158839726389346
0.00068482662109306480
0.00000195246434681152
0.00006747131727024835
0.00000043513746840008
0.00024287473397117752
0.00000025293923237374
0.00162074479230204224
0.00000002524821586347
0.00004318727164304297
0.00000892329526363246
0.00206739983946688042
0.00000782989656620901
2.00000000000000000000
0.00013104088246192782
0.11301490344606210688
0.00000066033160663154
0.00335014556382644244
0.00000834993016222240
0.00656533881919405528
0.00000006487845767925
0.00143717976377926560
0.00000939625634782791
0.00004728091037848586
0.00000003713760494251
0.00009206043283177342
0.03800528632899017608
0.00004289904105788984
0.07749506622996302484
0.00003944189838868652
0.00022998835780116076
0.00000055249159869630
0.00117517921271150560
0.00000029902451447516
0.00012857875470136118
0.00000023452153581827
0.00055137748956480032
0.00000002789847216939
0.00085723736331870112
0.00000022657490913110
0.00016035230320864378
0.00000014151988876311
0.00636217162574746182
0.00000586838039580804
0.00936320998540993064
0.00011502646859079730
2.00000000000000000000
0.00003492725127431754
0.00141754343816643008
0.00000046413134495851
0.00636117735077858660
0.00000060936787446152
0.00002027173479850501
0.00000040828857156161
0.00391870025507352000
0.00000027477846043326
0.00042438330959972058
0.00000076605454812559
0.00011073557803556002
0.04411215808682812808
0.00011236608340808068
0.62399206077157040220
0.00000007099379028910
0.00014064128806560608
0.00000048766767166611
0.00013693335005098172
0.00000154530975682149
0.00003067964381297250
0.00000018624616712501
0.00005109026288822488
0.00000028257272712374
0.00316094105896941608
0.00000042125913484686
0.00108255453299717360
0.00001252993250778226
0.00269825997854724448
0.00000372942031728692
0.12916881272324420264
0.00004547737410484576
2.00000000000000000000
0.00000037236234113904
0.00095130392840405760
0.00000085950185097710
0.00133620868785025568
0.00000029287637887589
0.00005397609683798931
0.00000063454548861550
0.00023156676137018656
0.00000004315262354422
0.00050507920395465760
0.00003951757117337495
0.00000096478573738520
0.00026513870631512818
0.00000011438466017753
0.01361845467148579840
0.00027384987492322736
0.25736301895768460868
0.00001729455951783896
0.04502493833593082606
0.00000128737548013638
0.01661632468980667622
0.00000902363447372940
0.00292519342253493760
0.00000465465823998649
0.00027766788566604352
0.00000022898125419893
0.02602847515556015686
0.00001680687751764017
0.03825766257801532808
0.00000037363038893046
0.00091374603419551264
0.00000018434183640373
2.00000000000000000000
0.00049823795484069058
0.02644476533539623686
0.00000066122328814036
0.00112043162628206720
0.00000811286473423970
0.00938665128564420008
0.00000046070425932462
0.00242895139779370720
0.00000205363539470358
0.00000045189574109354
0.00036522465534590658
0.00000045034614564413
0.00077197008768417264
0.00012062257813840252
0.17201840604275762200
0.00017457788751941256
0.08595750594815828204
0.00033559194236941432
0.00316486819384608606
0.00000078325910053470
0.00639295409628348988
0.00000544410713509138
0.02769306721679289862
0.00000013004516050911
0.00199139674234747360
0.00001882330053732867
0.02462083814732043624
0.00000312811579315230
0.00144658796002087444
0.00000022831323634306
0.00035940036131683300
0.00038022254985484424
2.00000000000000000000
0.00003809012125993374
0.01235177328507898248
0.00000124345048200908
0.02387231627041937844
0.00001184954481429954
0.00016370754563578100
0.00000845210465748853
0.00668505535890113606
0.00264981172126842586
0.00000152068704081269
0.00046896200302875632
0.00000019105855787805
0.00819013186145788260
0.00001766069259770290
0.00716815249348077204
0.00000079453086690107
0.02310910160440317808
0.00001236462984180271
0.00298933740824707766
0.00001073743911801700
0.01150171738021898024
0.00006813189569169374
0.01119965165723743842
0.00000568556421186529
0.05363286806197342428
0.00007766810135927249
0.09975420431132464042
0.00000365962871776454
0.00317614784538586004
0.00000032959381302052
0.02048395412553422406
0.00003866209382666084
2.00000000000000000000
0.00001151363571282458
0.00371705433689594240
0.00003158727821092125
0.05218777905748876068
0.00000086256858726468
0.00362508180679476322
0.00000080512006836815
0.00000073267340257098
0.00149432485155151968
0.00000083916412198105
0.00036937862516569618
0.00000118539084069399
0.00038605273437643656
0.00005436995407963686
0.00443516355722617280
0.00001028410166790245
0.00246521770168996320
0.00000095413657946056
0.00322548161758131806
0.00000272248278946242
0.01248911634342339624
0.00000687949297440255
0.00379308925873077440
0.00002063358600705145
0.11354588375499952048
0.00001617350774566525
0.00265869497195089408
0.00000028112531009568
0.00047343865307883440
0.00000047323777588690
0.01158402573150319044
0.00001063823723849179
2.00000000000000000000
0.00000590031510945542
0.01731774586467462826
0.00001686371876317460
0.00489676321042770728
0.00000591541342896694
0.00125263954424987200
0.00000422985030036668
0.00000002208252104966
0.00016617143450604024
0.00000005290447228518
0.00035012002573858620
0.00000076508565375403
0.00007467409721713992
0.00000000052809337550
0.00018943926581465944
0.00000031938422766192
0.00141476577896522048
0.00000120645181232643
0.00113086568409215280
0.00000130166307589996
0.00114459762311504640
0.00002089825766568556
0.00036809837733290472
0.00000408953393200293
0.01463103276597008002
0.00000002957099783561
0.00001052604932256665
0.00000011679597039065
0.00090254884484632608
0.00000131254072932556
0.00386554014896159386
0.00000664093604641070
2.00000000000000000000
0.00000089915431042264
0.00347225440228633246
0.00000136646829746436
0.00101460585415076240
0.00000092310158309933
0.00000094521266273421
0.00026666352407041780
0.00000035936135618947
0.00002566909198000769
0.00000736088370596728
0.01153622603182297068
0.00001060675391913643
0.00234982406554948186
0.00001977484182833722
0.00950556856134646824
0.00004203129961981847
0.00293054447076215764
0.00002759790455905765
0.04528218733360387202
0.00000090062764051695
0.00300407869144176960
0.00000390648350431423
0.04022549064366334426
0.00006065886847279774
0.00081700483275985146
0.00000026441724625301
0.00002684683285407864
0.00000815093932395088
0.03142873658065070480
0.00004097052732672035
0.02431047942747679262
0.00000112145615834436
2.00000000000000000000
0.00005131613388773769
0.02407896431424322028
0.00005991764249375551
0.01532577815964246086
0.00720601245309166988
0.00000299755703975219
0.00030345530545906520
0.00000033572190218623
0.03025337925112797802
0.00000545430504183791
0.00165001403496494506
0.00000487883652891511
0.01284253475887906404
0.00000130888842453284
0.02548750102752597802
0.00003145346838061036
0.02396855329068327686
0.00004341553385641216
0.00469890858683496000
0.00001051335817860742
0.05343158091960153868
0.00000607100171124495
0.03731073904970550402
0.00000442656317278173
0.00210311430481451968
0.00000026154873345186
0.00781524121990318562
0.00001292802874526604
0.05609529563163224024
0.00001961795754087513
0.00358887130201814242
0.00004252577210398749
2.00000000000000000000
0.00000074041261406265
0.01480985558886712004
0.00000701869280542350
0.00000006144781918845
0.00007523774364883210
0.00000064044788796483
0.00035371816547133500
0.00000449093293357539
0.00138320719157074560
0.00000024863827777536
0.00129727481066380160
0.00000037157696178257
0.24637675407515938604
0.00001197454266641602
0.29344344184646498660
0.00003765442053383444
0.00016676789366974828
0.00000118944312932097
0.00107233900196246026
0.00000075230224964855
0.00187615455013722762
0.00001740884492822450
0.00003128312094602170
0.00000020711709768913
0.00013405361066526812
0.00000053872405028303
0.00025084865249824504
0.00000130215804330746
0.00800058929446116266
0.00000198361937466522
0.02802518671218643204
0.00000103988722444684
2.00000000000000000000
0.00028666598253554960
0.08813838921589835226
0.00003547546380880499
0.00000009115083661490
0.00006906163774924578
0.00000004908944316263
0.00338581438358523924
0.00000697978829844365
0.00001174640893342903
0.00000162381583256708
0.00055852212364690058
0.00032734028357741192
0.10127475618125108200
0.00005118615208110449
0.16686121354771798444
0.00000131640063075810
0.00010577803017904236
0.00000013280014036057
0.00031073668673114740
0.00000081054955527696
0.01991164936499960420
0.00000001215941487317
0.00015829460090583712
0.00000001236186623319
0.00140552153018795306
0.00000640888504849169
0.00270808575345909204
0.00000478269313794184
0.00072883746010036352
0.00003450960353975469
0.01029290106634547042
0.00014185697712271312
2.00000000000000000000
0.00015199269479184802
0.00000011296064705665
0.00018847088590471100
0.00000036081143673986
0.00001980064848601433
0.00000108567375611362
0.00336741575567799780
0.00000043231519080200
0.00756709087907183842
0.00001344821203558868
0.01968440432195821648
0.00015304018945320652
0.11984837359624144068
0.00022856483745946392
0.04229072125463730626
0.00000009289489366992
0.00118067277838542368
0.00000058594776909334
0.00253795422759320800
0.00000677392938213857
0.00004964381844854585
0.00000047060971026734
0.00023830310670759138
0.00000195720087073721
0.00834864521587212584
0.00000099060070884496
0.00166804173821091562
0.00000109213468393015
0.01453788299187969064
0.00000803408812150193
0.07183449316629474680
0.00025033184294664040
2.00000000000000000000
