18
25
100.0
8.0
0.00100000000000000000
10.00000000000000000406
10.00000000000000000406
10.00000000000000000406
10.00000000000000000406
10.00000000000000000406
10.00000000000000000406
10.00000000000000000406
10.00000000000000000406
10.00000000000000000406
10.00000000000000000406
10.00000000000000000406
10.00000000000000000406
10.00000000000000000406
10.00000000000000000406
10.00000000000000000406
10.00000000000000000406
10.00000000000000000406
10.00000000000000000406
10.00000000000000000406
10.00000000000000000406
10.00000000000000000406
10.00000000000000000406
10.00000000000000000406
10.00000000000000000406
10.00000000000000000406
0.50000000000000000000
0.50000000000000000000
0.50000000000000000000
0.50000000000000000000
0.50000000000000000000
0.50000000000000000000
0.50000000000000000000
0.50000000000000000000
0.50000000000000000000
0.50000000000000000000
0.50000000000000000000
0.50000000000000000000
0.50000000000000000000
0.50000000000000000000
0.50000000000000000000
0.50000000000000000000
0.50000000000000000000
0.50000000000000000000
0.50000000000000000000
0.50000000000000000000
0.50000000000000000000
0.50000000000000000000
0.50000000000000000000
0.50000000000000000000
0.50000000000000000000
0.50000000000000000000
0.50000000000000000000
0.50000000000000000000
0.50000000000000000000
0.50000000000000000000
0.50000000000000000000
0.50000000000000000000
0.50000000000000000000
0.50000000000000000000
0.50000000000000000000
0.50000000000000000000
0.10000000000000000000
0.00000263213568195679
0.00046101173092447560
0.00000043137846054462
0.00021288329186380172
0.00000000900487873107
0.00041075917301394880
0.00000012820083056993
0.00000552275530025389
0.00000001201030741226
0.00003636177130944259
0.00000000167713125839
0.00001722940972619674
0.00000000653000438331
0.00001597253762623121
0.00000000000000000000
0.00000000000000000000
0.00000000000000000000
0.00111247703759640906
0.00000111247703759640
0.00000249415376512382
0.00000008642705262006
0.00038953596069387938
0.00000040367297330402
0.00033046106786321880
0.00000000710492222798
0.00001672120017079723
0.00000103951899705388
0.00013361105755278104
0.00000001695298511738
0.00002455394772247391
0.00000002404976601505
0.00002533391777026786
0.00000003108746182240
0.00000082367921961540
0.00000000161889451103
0.00000904502170740455
0.00000002142934546427
0.00000000000000000000
0.00000000000000000000
0.00000000000000000000
0.00000000000000000000
0.00029875108330178720
0.00000321735363074360
0.10000000000000000000
0.00000021613094175489
0.00006167439450612222
0.00000034273294327989
0.00006139494553398110
0.00000015356854310279
0.00015833535857172550
0.00000006206213073083
0.00000242772390931986
0.00000001594557903289
0.00000018839596653801
0.00000001612247068108
0.00001888606044479944
0.00000003255730686283
0.00000000000000000000
0.00000000000000000000
0.00000000000000000000
0.00000067564505647825
0.00067564505647825584
0.00000086602926026505
0.00018210893051711178
0.00000023798217700534
0.00000448734271887203
0.00000028368451467024
0.00003985665939524111
0.00000000051107773397
0.00027561181756102324
0.00000003094115033416
0.00001196172522425254
0.00000004216559937982
0.00006357989748489224
0.00000000381583298342
0.00001099494354635490
0.00000001413662558192
0.00002222635858360047
0.00000001170402239772
0.00002031449415055879
0.00000000000000000000
0.00000000000000000000
0.00000000000000000000
0.00000000000000000000
0.00000038445640937756
0.00045347832902227578
0.00000017392859197235
0.10000000000000000000
0.00000031745167313859
0.00047109538398625618
0.00000047625599113937
0.00027729949340767472
0.00000004786971071257
0.00050683378088228792
0.00000000234358421458
0.00004026849579683594
0.00000000054434091483
0.00000549851954359503
0.00000001023829394324
0.00001282065032754440
0.00000000000000000000
0.00000000000000000000
0.00000000000000000000
0.00056443041392890400
0.00000056443041392890
0.00029518085547815378
0.00000040732967072935
0.00025617674497485618
0.00000108579868733208
0.00000684178183676672
0.00000062998829578441
0.00027654170194246676
0.00000046855248171395
0.00007761121330089662
0.00000002953986320915
0.00004685353037546664
0.00000000985033257786
0.00000255970967521701
0.00000002040531813821
0.00000534242811335364
0.00000000783014416751
0.00000189704066523820
0.00000000459814948160
0.00000000000000000000
0.00000000000000000000
0.00000000000000000000
0.00000000000000000000
0.00001009506056844760
0.00000043032245486321
0.00005033266446272620
0.00000032193530922913
0.10000000000000000000
0.00000016551931166695
0.00148538035443881728
0.00000031153261752888
0.00006300864317082778
0.00000011183447289867
0.00000018763730964562
0.00000001848390006461
0.00000034073315340529
0.00000000201060002157
0.00000173324033633998
0.00000002989652888062
0.00000000000000000000
0.00000000000000000000
0.00000000000000000000
0.00000024915956531294
0.00024915956531294236
0.00000009174679255691
0.00155923619838715040
0.00000171305713189271
0.00334823090479841004
0.00000002228434064111
0.00038811506365925112
0.00000058096049884401
0.00020798220051791988
0.00000002469268052106
0.00000847250776252611
0.00000000247797077007
0.00004609496229256085
0.00000000104301587487
0.00000181191749007990
0.00000000612275476280
0.00000012847620891107
0.00000001167917251215
0.00000383663714760941
0.00000000000000000000
0.00000000000000000000
0.00000000000000000000
0.00000000000000000000
0.00000103306676505157
0.00021998559089644656
0.00000028974635615994
0.00049489942126291706
0.00000017146116775875
0.10000000000000000000
0.00000013437065691987
0.00010695615761728722
0.00000026536381401557
0.00038086665475996152
0.00000003566437969207
0.00018357483410541360
0.00000000420164918511
0.00006913865325118794
0.00000009175804736658
0.00007708447666915900
0.00000000000000000000
0.00000000000000000000
0.00000000000000000000
0.00019883728158429004
0.00000019883728158429
0.00047196726230704784
0.00000003033241379581
0.00006494293231506255
0.00000125330194622867
0.00224075962295096886
0.00000040917851614274
0.00009745281648271940
0.00000008146143364801
0.00009873621136899878
0.00000010535268950443
0.00012168408864970350
0.00000009770793357924
0.00006103710177892858
0.00000011195921785676
0.00002138459881614227
0.00000001782475046458
0.00001214001569813067
0.00000003952739064495
0.00000000000000000000
0.00000000000000000000
0.00000000000000000000
0.00000000000000000000
0.00335142063516207124
0.00000000930608487839
0.00005190763396141278
0.00000050036282021564
0.00153883219485616308
0.00000013438194510043
0.10000000000000000000
0.00000137638930739204
0.00115534130949873626
0.00000004523164308382
0.00006398853323032128
0.00000000887912688523
0.00002126154753099262
0.00000012131162824329
0.00278134896922948244
0.00000007435565110801
0.00000000000000000000
0.00000000000000000000
0.00000000000000000000
0.00000012667810625430
0.00012667810625430502
0.00000005329661240677
0.00031267934526602712
0.00000017793782884393
0.00147330926358955766
0.00000009251882290422
0.00078214422421428506
0.00000024876375298757
0.00071532942739343626
0.00000000242466254006
0.00001426364318364690
0.00000004220051459644
0.00235734081119312986
0.00000001775181448352
0.00142309080420480304
0.00000000378916405519
0.00009805224606581002
0.00000009336418590109
0.00008075099955269244
0.00000000000000000000
0.00000000000000000000
0.00000000000000000000
0.00000000000000000000
0.00000245490372918498
0.00027625761781436044
0.00000008449650196554
0.00018959701992182936
0.00000021003659217026
0.00006961136119425082
0.00000089573416855865
0.10000000000000000000
0.00000045815581016133
0.00049427016857862000
0.00000000627006011727
0.00000439387945806967
0.00000000226640767968
0.00000256555986231186
0.00000011487712652431
0.00001893281867720262
0.00000000000000000000
0.00000000000000000000
0.00000000000000000000
0.00000873807095526848
0.00000000873807095526
0.00028721020576417576
0.00000026948016194895
0.00020757914865557976
0.00000072924197523725
0.00011335342292588828
0.00000097781610468606
0.01713119499395990286
0.00000239496617555503
0.00000059877891944293
0.00000000487380269157
0.00001432410959842802
0.00000009732777702225
0.00000095787680194227
0.00000007030060253944
0.00000089824907155149
0.00000000698857668418
0.00000242317776610289
0.00000000405395549770
0.00000000000000000000
0.00000000000000000000
0.00000000000000000000
0.00000000000000000000
0.00051289001887668018
0.00000014146836695521
0.00014294069376004512
0.00000005370129308628
0.00006970004788828535
0.00000028337239700501
0.00123364346527448448
0.00000075171758212333
0.10000000000000000000
0.00000418264362167027
0.00001770055218866097
0.00000000069764357768
0.00002015891734553254
0.00000001001262637155
0.00029309598099925460
0.00000009163586325331
0.00000000000000000000
0.00000000000000000000
0.00000000000000000000
0.00000031756794678334
0.00031756794678334060
0.00000013454717691124
0.00000112438459725370
0.00000028059685702522
0.00005410564805486264
0.00000037906924454979
0.00143067473294775120
0.00000057630181854930
0.00891336081857874984
0.00000000401712556920
0.00000319272962436579
0.00000009031967868437
0.00032624108192761400
0.00000004143570988981
0.00017112101744239538
0.00000003358048840475
0.00003443460125511599
0.00000003335947978500
0.00006625986248935840
0.00000000000000000000
0.00000000000000000000
0.00000000000000000000
0.00000000000000000000
0.00000088475588845705
0.00000420258466120995
0.00000003863641533488
0.00039208629492309818
0.00000008531017101556
0.00028046647953804912
0.00000003330534167568
0.00055923980789269520
0.00000288431727455416
0.10000000000000000000
0.00000000533312759984
0.00000051851692832884
0.00000000606934923954
0.00001988408909955133
0.00000062107613039155
0.00004031283855525440
0.00000000000000000000
0.00000000000000000000
0.00000000000000000000
0.00003311106053375523
0.00000003311106053375
0.00000831706317572236
0.00000022404964366117
0.00040845334071060272
0.00000052557697219627
0.00021449935179225544
0.00000175271890278739
0.00229741106724143562
0.00000208537326736471
0.00001021588554115194
0.00000000079749836284
0.00002342101949761953
0.00000067612534643030
0.00000170913449923348
0.00000035775805260025
0.00000022958958036930
0.00000001944091692799
0.00002455868992441415
0.00000003739578184999
0.00000000000000000000
0.00000000000000000000
0.00000000000000000000
0.00000000000000000000
0.00030291959618188204
0.00000000884137938452
0.00000146209190532541
0.00000000175388819924
0.00000013846804093903
0.00000002540668011298
0.00004558048242256219
0.00000000686294654329
0.00001180821403170391
0.00000000515925754205
0.10000000000000000000
0.00000073278498481174
0.00003687633629330280
0.00000004454271972223
0.00022138283684130328
0.00000098809520150027
0.00000000000000000000
0.00000000000000000000
0.00000000000000000000
0.00000000302611439648
0.00000302611439648834
0.00000000111354631590
0.00000254441700323346
0.00000000323979353487
0.00002384396330883770
0.00000000370962076988
0.00000141631722939349
0.00000001425962092448
0.00000955299116371524
0.00000171455519263583
0.00308429312484022444
0.00000022200315351941
0.00022683938133607344
0.00000007035763514093
0.00005235521028848461
0.00000002778389582726
0.00013481042021597156
0.00000009033805107914
0.00007213738302056108
0.00000000000000000000
0.00000000000000000000
0.00000000000000000000
0.00000000000000000000
0.00000004224645943591
0.00003293841356735229
0.00000001181700490433
0.00003708331012488687
0.00000001678478204988
0.00016092300482442212
0.00000000778285193955
0.00000591805222881981
0.00000000057269414916
0.00000061724832027242
0.00000090171294801975
0.10000000000000000000
0.00000000870692112483
0.00005366551455862601
0.00000009722350115771
0.00065299824488111960
0.00000000000000000000
0.00000000000000000000
0.00000000000000000000
0.00003131324233946793
0.00000003131324233946
0.00003414300085315742
0.00000000455905639318
0.00009618627291653108
0.00000002237541854982
0.00006983344614216079
0.00000000155447931519
0.00000019090331140727
0.00000000497197898641
0.00119177500513124304
0.00000518633612580965
0.00018432610942340764
0.00000010717116670046
0.00003378400178407546
0.00000005873056771174
0.00004111340137729304
0.00000003847340715451
0.00002573879660239861
0.00000003076029226446
0.00000000000000000000
0.00000000000000000000
0.00000000000000000000
0.00000000000000000000
0.00003154129939759476
0.00000000160390176547
0.00000014739806654645
0.00000000052922107399
0.00000032665518191695
0.00000000388846184808
0.00001967507710123001
0.00000000322271390863
0.00001747066413874231
0.00000000762767482263
0.00004790629405544422
0.00000000919216211782
0.10000000000000000000
0.00000489754114499041
0.00013045610103037598
0.00000009274638335208
0.00000000000000000000
0.00000000000000000000
0.00000000000000000000
0.00000000051025644015
0.00000051025644015622
0.00000000185277024044
0.00000036983317510922
0.00000000072682299230
0.00001439383691068017
0.00000001670703343209
0.00000497524912621263
0.00000000908957457529
0.00001274786925253385
0.00000000103454677284
0.00000487276204785107
0.00000011740055454166
0.00017130416212174012
0.00000009037049382512
0.00205036203715055882
0.00000019468011644019
0.00257384688199617920
0.00000027183042331117
0.00208586189974244362
0.00000000000000000000
0.00000000000000000000
0.00000000000000000000
0.00000000000000000000
0.00000004210808904130
0.00001080051542642383
0.00000000826827957025
0.00000350409034215559
0.00000000126346790105
0.00004194134370322240
0.00000007358467460280
0.00000239127345805881
0.00000000568792146949
0.00001638019672134631
0.00000003793018060797
0.00003713742035277939
0.00000321026928705653
0.10000000000000000000
0.00000046520385084474
0.00010945435208678768
0.00000000000000000000
0.00000000000000000000
0.00000000000000000000
0.00000067652088070505
0.00000000067652088070
0.00001166051904467991
0.00000000418083890429
0.00000469168478161597
0.00000003816375400959
0.00005514309449147312
0.00000000273354040614
0.00001819460210047543
0.00000007812595923084
0.00000059014628193714
0.00000000937791037207
0.00063879508538484752
0.00000016958225682061
0.00072215488766218458
0.00000199749353211096
0.00119305638036104042
0.00000140894654652989
0.00097438588352975488
0.00000073948791298922
0.00000000000000000000
0.00000000000000000000
0.00000000000000000000
0.00000000000000000000
0.00008761454518697531
0.00000000345231636442
0.00000816860627472680
0.00000000550275461975
0.00000091858711439493
0.00000004694492169648
0.00142286421001808202
0.00000009030331349910
0.00014042307401462310
0.00000043150047944617
0.00015899195859710838
0.00000005674279492210
0.00007211918273308661
0.00000039234338301195
0.10000000000000000000
0.00000051278694297373
0.00000000000000000000
0.00000000000000000000
0.00000000000000000000
0.00000000548792040726
0.00000548792040726757
0.00000000389210167983
0.00000360022467072639
0.00000000069423399282
0.00002613256506990419
0.00000006644372912027
0.00010826110441176550
0.00000062515057064398
0.00019023078124738064
0.00000004592451340061
0.00003811800406915336
0.00000040453997496368
0.00041537888352831032
0.00000032311445712635
0.00201311033352716448
0.00000382766167017858
0.00415269977718201206
0.00000254253906107374
0.00080316223282718154
0.00000000000000000000
0.00000000000000000000
0.00000000000000000000
0.00000000000000000000
0.00000000331256038569
0.00001739219705156202
0.00000002900270295500
0.00001419207905493703
0.00000003263365685562
0.00008122594964022955
0.00000007834393255102
0.00003065270540124668
0.00000009042270637745
0.00005768504513121138
0.00000146154911623870
0.00078493716841043082
0.00000010560070039876
0.00019012511042238328
0.00000105613727705514
0.10000000000000000000
0.00000000000000000000
0.00000000000000000000
0.00000000000000000000
0.00005644600786440326
0.00000005644600786440
0.00001649712164977915
0.00000000169824545791
0.00011496404151198076
0.00000000891482887393
0.00001052239831874433
0.00000008481988259043
0.00006123879221480274
0.00000008900341997894
0.00012580094612120790
0.00000062936150574994
0.00114412501642948682
0.00000511418799419094
0.00021323274058818658
0.00000214344508812500
0.00126497807576903706
0.00000018111939576216
0.00008376697032916115
0.00000000548435218716
0.00000000000000000000
0.00000000000000000000
0.00000000000000000000
0.00000000000000000000
0.00002300220677976056
0.00000000000000000000
0.00000000000000000000
0.00000000000000000000
0.00000000000000000000
0.00000000000000000000
0.00000000000000000000
0.00000000000000000000
0.00000000000000000000
0.00000000000000000000
0.00000000000000000000
0.00000000000000000000
0.00000000000000000000
0.00000000000000000000
0.00000000000000000000
0.00000000000000000000
0.10000000000000000000
0.00000010201526309524
0.00098400186902985162
0.00000000000000000000
0.00000000000000000000
0.00000000000000000000
0.00000000000000000000
0.00000000000000000000
0.00000000000000000000
0.00000000000000000000
0.00000000000000000000
0.00000000000000000000
0.00000000000000000000
0.00000000000000000000
0.00000000000000000000
0.00000000000000000000
0.00000000000000000000
0.00000000000000000000
0.00000000000000000000
0.00000000000000000000
0.00000000000000000000
0.00000000000000000000
0.00000000000000000000
0.00000038937268575214
0.00008616987325185486
0.00000024186613108243
0.00043698259294750464
0.00000000000000000000
0.00000000000000000000
0.00000000000000000000
0.00000000000000000000
0.00000000000000000000
0.00000000000000000000
0.00000000000000000000
0.00000000000000000000
0.00000000000000000000
0.00000000000000000000
0.00000000000000000000
0.00000000000000000000
0.00000000000000000000
0.00000000000000000000
0.00000000000000000000
0.00000000000000000000
0.00000010826607190773
0.10000000000000000000
0.00000022606677293369
0.00000000000000000000
0.00000000000000000000
0.00000000000000000000
0.00000000000000000000
0.00000000000000000000
0.00000000000000000000
0.00000000000000000000
0.00000000000000000000
0.00000000000000000000
0.00000000000000000000
0.00000000000000000000
0.00000000000000000000
0.00000000000000000000
0.00000000000000000000
0.00000000000000000000
0.00000000000000000000
0.00000000000000000000
0.00000000000000000000
0.00000000000000000000
0.00000000000000000000
0.00002430128484104887
0.00000038179547963103
0.00006692484219499402
0.00000031507909928743
0.00000000000000000000
0.00000000000000000000
0.00000000000000000000
0.00000000000000000000
0.00000000000000000000
0.00000000000000000000
0.00000000000000000000
0.00000000000000000000
0.00000000000000000000
0.00000000000000000000
0.00000000000000000000
0.00000000000000000000
0.00000000000000000000
0.00000000000000000000
0.00000000000000000000
0.00000000000000000000
0.00098227850110869504
0.00000021264159649795
0.10000000000000000000
0.00000000000000000000
0.00000000000000000000
0.00000000000000000000
0.00000000000000000000
0.00000000000000000000
0.00000000000000000000
0.00000000000000000000
0.00000000000000000000
0.00000000000000000000
0.00000000000000000000
0.00000000000000000000
0.00000000000000000000
0.00000000000000000000
0.00000000000000000000
0.00000000000000000000
0.00000000000000000000
0.00000000000000000000
0.00000000000000000000
0.00000000000000000000
0.00000000000000000000
0.00000050097100309688
0.00020834980871921404
0.00000065206678292130
0.00005457483367514304
0.00000000000000000000
0.02432047482194044064
0.00001208395423557522
0.01254431180366000268
0.00000546038174494916
0.00420655094465219284
0.00000267974466938741
0.00028403350255042460
0.00000629142688401660
0.00095124725246761706
0.00000008986703905975
0.00075570341731035600
0.00000001166430257665
0.00002359326887279443
0.00000022692988030849
0.00113327079944212042
0.00000000000000000000
0.00000000000000000000
0.00000000000000000000
2.00000000000000000000
0.00200000000000000000
0.02109683968181037648
0.00000330938559628743
0.00637431161390221528
0.00000103774190040266
0.00821688901682388806
0.00001048643060603252
0.00226013443404130602
0.00000292182558706097
0.00044936202680708098
0.00000015607798767508
0.00058860664843001952
0.00000134723295999771
0.00007155131328070076
0.00000012711963641244
0.00065248405178783952
0.00000017324069555665
0.00036004185580856300
0.00000001387126356472
0.00000000000000000000
0.00000000000000000000
0.00000000000000000000
0.00000000000000000000
0.01351589053768075846
0.00002432047482194044
0.01208395423557522020
0.00001254431180366000
0.00546038174494916186
0.00000420655094465219
0.00267974466938741524
0.00000028403350255042
0.00629142688401660260
0.00000095124725246761
0.00008986703905975910
0.00000075570341731035
0.00001166430257665276
0.00000002359326887279
0.00022692988030849096
0.00000113327079944212
0.00000000000000000000
0.00000000000000000000
0.00000000000000000000
0.00200000000000000000
2.00000000000000000000
0.00002109683968181037
0.00330938559628743606
0.00000637431161390221
0.00103774190040266400
0.00000821688901682388
0.01048643060603252480
0.00000226013443404130
0.00292182558706097566
0.00000044936202680708
0.00015607798767508062
0.00000058860664843001
0.00134723295999771808
0.00000007155131328070
0.00012711963641244844
0.00000065248405178783
0.00017324069555665652
0.00000036004185580856
0.00001387126356472976
0.00000000000000000000
0.00000000000000000000
0.00000000000000000000
0.00000000000000000000
0.00001351589053768075
0.00006060394589855751
0.00001721550304101829
0.00729157426564123620
0.00000223477093991450
0.01109780001510866020
0.00000125310696072842
0.01037649195989577600
0.00000296267331542700
0.00026557488856567816
0.00000003675530745688
0.00091584445295666186
0.00000004707480523489
0.00045198235168893818
0.00000017888121703186
0.00036813348909309386
0.00000000000000000000
0.00000000000000000000
0.00000000000000000000
0.02344844708277547208
0.00002344844708277547
2.00000000000000000000
0.00001732022854361974
0.05726174978309124046
0.00000078581143078820
0.00007153307554037706
0.00001129394310766902
0.00073240381042452826
0.00000467496470647218
0.00439905071508765786
0.00000017182488791701
0.00219164221860890368
0.00000244841259222788
0.00063367564176613098
0.00000043068408574675
0.00051227955579331418
0.00000022212457739068
0.00028365852456633752
0.00000096159437283974
0.00000000000000000000
0.00000000000000000000
0.00000000000000000000
0.00000000000000000000
0.03009039744210903240
0.00000170406034544928
0.00293748721903340328
0.00000816463459090331
0.03081850898922169862
0.00000057874810415238
0.00596547899257450408
0.00000790014523734721
0.00002009007942767172
0.00000580522230324977
0.00006814871224087288
0.00000009923219196459
0.00000762483449951027
0.00000013149965656462
0.00013426652751578560
0.00000003075071384035
0.00000000000000000000
0.00000000000000000000
0.00000000000000000000
0.00000298470659916643
0.00298470659916643564
0.00001405436435672076
2.00000000000000000000
0.00000469503747674892
0.00815237897644082246
0.00003544379933662085
0.01078262110728180008
0.00001618780949196581
0.00696723890150712802
0.00000039037498026586
0.00004569532447487965
0.00000070195037966688
0.00065552590332062800
0.00000000595530950382
0.00004432699291371490
0.00000052975581809498
0.00020509840248482560
0.00000031111642832038
0.00024667648519539096
0.00000000000000000000
0.00000000000000000000
0.00000000000000000000
0.00000000000000000000
0.00001186456758477852
0.00876529889142741220
0.00000438099825952773
0.00586022533168086006
0.00003864163269936572
0.00141415954520753626
0.00000387434525719183
0.00694505849688924800
0.00000572181054924801
0.01207816493481536000
0.00000009903087237150
0.00238932167589768448
0.00000001710161474340
0.00016841234239550248
0.00000002954798937221
0.00237574962163870400
0.00000000000000000000
0.00000000000000000000
0.00000000000000000000
0.00656102163413393526
0.00000656102163413393
0.05302810538903820068
0.00000535824995577872
2.00000000000000000000
0.00000270145444583590
0.00189159853013687968
0.00000987290136567669
0.02638529867456865602
0.00001576014779612331
0.00242984260268705408
0.00000118084609381639
0.00375314137225425762
0.00000497412167208630
0.00004074838867858130
0.00000005810375641603
0.00191128184945596202
0.00000136490956107432
0.00095272797989730480
0.00000030345023913096
0.00000000000000000000
0.00000000000000000000
0.00000000000000000000
0.00000000000000000000
0.02198469803487595204
0.00000784797899229335
0.00007137183658504364
0.00002146015772365356
0.06525413039878439286
0.00002357931662432304
0.02771615217114182084
0.00002108010769688320
0.00095324000463738762
0.00001342776762765155
0.00062971015966842144
0.00000048022158754436
0.00029261327433200272
0.00000118360056434881
0.00096097720203196522
0.00000015916978950124
0.00000000000000000000
0.00000000000000000000
0.00000000000000000000
0.00000092286147489070
0.00092286147489069984
0.00000062873671663397
0.00803854136891459524
0.00000233403107277671
2.00000000000000000000
0.00005447809937886070
0.00453152953529462804
0.00002494370756657333
0.00688119656002378586
0.00000146761352035709
0.00022552838128753244
0.00000431103771287911
0.00130128905824569888
0.00000068614359790829
0.00053115586368848320
0.00000041104927995511
0.00036871109941578826
0.00000087591623860387
0.00184905671080271008
0.00000000000000000000
0.00000000000000000000
0.00000000000000000000
0.00000000000000000000
0.00002854659077854013
0.00826295225669863140
0.00000580309988159399
0.00017391602560064100
0.00000055857202029827
0.05421975533262645884
0.00000223849381848128
0.00421427225346500564
0.00000858944275848488
0.00704823305073131846
0.00000012600232331232
0.00192761709226661366
0.00000043682106275731
0.00219954065092448640
0.00000314247496450583
0.00024162905299833904
0.00000000000000000000
0.00000000000000000000
0.00000000000000000000
0.00939812827747146240
0.00000939812827747146
0.00007361124477622978
0.00004494899056748718
0.00210196139782167040
0.00007006622683556678
2.00000000000000000000
0.00000299028571119151
0.00500376011526904000
0.00000200550203273370
0.00050232857399787306
0.00000087316078662930
0.00304696593197958568
0.00000614709318446429
0.00334227047278891048
0.00000277839163560476
0.00112597568835574922
0.00000286003289431581
0.00139719506365247520
0.00000324995643681184
0.00000000000000000000
0.00000000000000000000
0.00000000000000000000
0.00000000000000000000
0.01440663072695935046
0.00000010089455330911
0.00046304027041553184
0.00000909486618244331
0.00552501345533807040
0.00000562300614865521
0.01074746638219863848
0.00002064612667419439
0.01841114503753817284
0.00003270845225466347
0.00002732140498459797
0.00000002436888698691
0.00007387755494692774
0.00000006192411503208
0.00290792855827067402
0.00000110617931486216
0.00000000000000000000
0.00000000000000000000
0.00000000000000000000
0.00000681169332000930
0.00681169332000930244
0.00000660049204057885
0.00776600151054237540
0.00000623065950463150
0.00330997756500378586
0.00000169826765289492
2.00000000000000000000
0.00000289611344974677
0.01506503034362656426
0.00000006276166788755
0.00003109017025154865
0.00000037441779071801
0.00332961109030566208
0.00000046385223845427
0.00335935827351110180
0.00000023949488271350
0.00008339540200146378
0.00000003966383534277
0.00015848386822665472
0.00000000000000000000
0.00000000000000000000
0.00000000000000000000
0.00000000000000000000
0.00000460448258733198
0.00036492435780491248
0.00000000912497832103
0.00613552142235775460
0.00001271002657086357
0.00205815056938243284
0.00000525331407060901
0.55589923096825226024
0.00001139769143014137
0.06588908027962885820
0.00000042274403080180
0.00000459929452301692
0.00000020742841635516
0.00063343766909335520
0.00002580613259529574
0.00122738693429353962
0.00000000000000000000
0.00000000000000000000
0.00000000000000000000
0.00225625761200273408
0.00000225625761200273
0.00065782189448134618
0.00001791794601228252
0.02559046914715140046
0.00002800065912165146
0.00436733942464462400
0.00000445084616057087
2.00000000000000000000
0.00001031860583475476
0.00025291819462586124
0.00000018255930334341
0.00055796916124622880
0.00002128678965321942
0.00048494319873640552
0.00001756058584510101
0.00013910649199268096
0.00000084014772310009
0.00048705170766961160
0.00000026819398277379
0.00000000000000000000
0.00000000000000000000
0.00000000000000000000
0.00000000000000000000
0.01491390551172668486
0.00001340855673282165
0.00290841859638524186
0.00000614417086887053
0.00268930599372489440
0.00000101683150636226
0.00892825435384261062
0.00004593270224406254
0.10418917266524584086
0.00003534864211932907
0.00016738752061292470
0.00000007079804100746
0.00017193982958588804
0.00000160757366667218
0.00464123203161299384
0.00000105432807424848
0.00000000000000000000
0.00000000000000000000
0.00000000000000000000
0.00000172394298025884
0.00172394298025884160
0.00000248170561024980
0.00455800753041555384
0.00000903422111931298
0.00456546911021290660
0.00000103456496814832
0.01368394187315448264
0.00000609867120248780
2.00000000000000000000
0.00000005465000053469
0.00008472165552572565
0.00000156017164696685
0.00457246865658813608
0.00000155567889826955
0.00300500002219294006
0.00000081404473618390
0.00029892432459795904
0.00000174427553041585
0.00224326411716402762
0.00000000000000000000
0.00000000000000000000
0.00000000000000000000
0.00000000000000000000
0.00000093900112997011
0.00320450938117208000
0.00000060710677021427
0.00189233951220127882
0.00000059367919636561
0.00229162180737858240
0.00000005627056915484
0.00002135298801380234
0.00000008731041483956
0.00032198415048938300
0.00005586048636884549
0.03155409810949413824
0.00000002594529207619
0.00002257900181450434
0.00000208337090643912
0.00277091067469112960
0.00000000000000000000
0.00000000000000000000
0.00000000000000000000
0.00049298592647893258
0.00000049298592647893
0.00434210615820130964
0.00000047486029014998
0.00258987089332522442
0.00000181051735221920
0.00048182805885662506
0.00000010599984463191
0.00027794816573224956
0.00000010161544253749
2.00000000000000000000
0.00001425769522884512
0.02696816856844229808
0.00000413329338029225
0.00054420765091629418
0.00000019673645213789
0.00005360040736237891
0.00000058844398947707
0.00017459097521276030
0.00000019508815764888
0.00000000000000000000
0.00000000000000000000
0.00000000000000000000
0.00000000000000000000
0.00367240549502969784
0.00000024051686639144
0.00013883617889863736
0.00000042605265400215
0.00012049687364006388
0.00000144641302840297
0.00019581262140907256
0.00000010281117152091
0.00004104809405038977
0.00000001486854550754
0.05944140949276910488
0.00008122736574571656
0.00007228760699106760
0.00000021224201066764
0.00102289815243302528
0.00000820009728784924
0.00000000000000000000
0.00000000000000000000
0.00000000000000000000
0.00000010128847189427
0.00010128847189427562
0.00000010032467186737
0.00003288030626675309
0.00000074451504814215
0.00016457823507162716
0.00000049542582144695
0.00003106090196954799
0.00000011867737165035
0.00009318460880148812
0.00000843392116960139
2.00000000000000000000
0.00004075980451856768
0.00344995589006028446
0.00000010420237838732
0.00058440464259470760
0.00000026744891405323
0.00067297514130358880
0.00000050947398976511
0.00017918030083204076
0.00000000000000000000
0.00000000000000000000
0.00000000000000000000
0.00000000000000000000
0.00000258792753417102
0.00045702942381193112
0.00000064208213527570
0.00088658543706568826
0.00000004623634129758
0.00219181537906350240
0.00000076006623556494
0.00039642722991453000
0.00000152347985779963
0.00057288567111918746
0.00000561327184082068
0.00378749478627448262
0.00000228497930230130
0.01896750982985207688
0.00001424253067211074
0.01955761030885762460
0.00000000000000000000
0.00000000000000000000
0.00000000000000000000
0.00050114915611285098
0.00000050114915611285
0.00167886128619466388
0.00000066266491900017
0.00310454946934965120
0.00000412739941221162
0.00226816942146678208
0.00000049076198803419
0.00047588018746619458
0.00000225136345389243
0.02092932117466357806
0.00005347558823607941
2.00000000000000000000
0.00005987361724366778
0.00754853721321250560
0.00001831561088921871
0.00664023432105156186
0.00000273932567976050
0.00735766597011784420
0.00001574698521876199
0.00000000000000000000
0.00000000000000000000
0.00000000000000000000
0.00000000000000000000
0.00107202690085689088
0.00000041078266072304
0.00088844499635215152
0.00000017104389630130
0.00078925830358677552
0.00000161502191006019
0.03896139357530755202
0.00000247178709575502
0.00504976764612892260
0.00001517636612496943
0.00526324757918348580
0.00000202079174790750
0.00305955631382927006
0.00000462069790837675
0.01341987741663172006
0.00008022272484709299
0.00000000000000000000
0.00000000000000000000
0.00000000000000000000
0.00000105259900074024
0.00105259900074024522
0.00000172110820538809
0.00056787903846059512
0.00000377570868756900
0.00114326489414073786
0.00000419909889849211
0.00400485101166094400
0.00001666003886973028
0.00605483596446776004
0.00000294359688661792
0.00415351166389477602
0.00005494319502368086
2.00000000000000000000
0.00001056557197236625
0.01940360556951475200
0.00000128944066613430
0.00353509848705759764
0.00000666152870399804
0.01196131234400499842
0.00000000000000000000
0.00000000000000000000
0.00000000000000000000
0.00000000000000000000
0.00000373837897870262
0.00061563420467603146
0.00000007586111412222
0.00006323631201087929
0.00000002540830831269
0.00143536261441371242
0.00000041742071202981
0.00003461011549237610
0.00000091248696030152
0.00005458030463686306
0.00000232255343851898
0.00090630385850515504
0.00000229634072580520
0.02799475409561559682
0.00001485181944156462
0.00475875938182233920
0.00000000000000000000
0.00000000000000000000
0.00000000000000000000
0.00007953476459248448
0.00000007953476459248
0.00063373795854217306
0.00000000733988835958
0.00004400597537172929
0.00000085764437162749
0.00324823196191417526
0.00000079376445638721
0.00053997773262510000
0.00000293083076751585
0.00055139888306806392
0.00000017848374103683
0.00985508446534214084
0.00001503184016629370
2.00000000000000000000
0.00005026293616899911
0.00649424622443363524
0.00001120967061615378
0.01954529335135308800
0.00005839845144341524
0.00000000000000000000
0.00000000000000000000
0.00000000000000000000
0.00000000000000000000
0.00895313215438717068
0.00000051645586832627
0.00014943434684566256
0.00000034462498543459
0.00003017524578521287
0.00000179992806750622
0.02287659708191472008
0.00000173652087022348
0.00257621914867541408
0.00000781046156374096
0.00118152239260286720
0.00000107709622416875
0.03561785747789799242
0.00005293699085986903
0.06325843096507908046
0.00003270241203984959
0.00000000000000000000
0.00000000000000000000
0.00000000000000000000
0.00000009660055010037
0.00009660055010037774
0.00000029446189218358
0.00003734916994203626
0.00000004289759935244
0.00045388076012227592
0.00000184597779633184
0.00393003014533360000
0.00001336754163777821
0.00387028393874749922
0.00000013627419996104
0.00068432475846653424
0.00001634731856160974
0.01887248727634162020
0.00003436176170619184
2.00000000000000000000
0.00009295843433154432
0.00426562847792332260
0.00002417254650866377
0.05450838236976602608
0.00000000000000000000
0.00000000000000000000
0.00000000000000000000
0.00000000000000000000
0.00000551311501690775
0.00001091517400632095
0.00000015325963393518
0.00007197251519839244
0.00000008133619772909
0.00027423381350170312
0.00000004858775379429
0.00001769873958991435
0.00000040326549255284
0.00000399819579794482
0.00000050014944711874
0.00060144831862177146
0.00000269763656348603
0.02522083373271137848
0.00009594204764823388
0.01539483452572599888
0.00000000000000000000
0.00000000000000000000
0.00000000000000000000
0.00039551363585020360
0.00000039551363585020
0.00027938423794525880
0.00000035605166550615
0.00112558453184390240
0.00000028018074614901
0.00059674202824920592
0.00000022349118530425
0.00008446650919691376
0.00000083631757406884
0.00002961566566338442
0.00000024981242586137
0.00472751727924862662
0.00000100039766331700
0.00354144841262285248
0.00007415038373583656
2.00000000000000000000
0.00003442917171201312
0.02604696072904644044
0.00002623298175137609
0.00000000000000000000
0.00000000000000000000
0.00000000000000000000
0.00000000000000000000
0.00200547469509393002
0.00000002260790141014
0.00025393320315418440
0.00000011116469922741
0.00000179857627529290
0.00000024088652166657
0.00132498238846172880
0.00000014511203858455
0.00043578096568766128
0.00000035677776009800
0.00255740352532125408
0.00000059312291285207
0.03758492562711653826
0.00003138789089396296
0.10969204181376624040
0.00000232287656918787
0.00000000000000000000
0.00000000000000000000
0.00000000000000000000
0.00000011066508570619
0.00011066508570619988
0.00000012766170402181
0.00014526758282363724
0.00000084708385166216
0.00026484986336367804
0.00000159734154277822
0.00008201162421380908
0.00000053760332764781
0.00032363341296775680
0.00000034263181392842
0.00066243209535813560
0.00000205523995666067
0.00289029365502604580
0.00000644190278934735
0.00358572331929506560
0.00003628237608294437
2.00000000000000000000
0.00000574179616049305
0.01454630396898733026
0.00000000000000000000
0.00000000000000000000
0.00000000000000000000
0.00000000000000000000
0.00000375151533426298
0.00014116829763642436
0.00000014944183187456
0.00003009952510599645
0.00000018272757257964
0.00018335558969824704
0.00000140999878359644
0.00005623230006831551
0.00000047182215750784
0.00050370016126639498
0.00000191528046071484
0.00044346378041795624
0.00000443623877513613
0.02425964631340086082
0.00007505818936997656
0.00120065945409651168
0.00000000000000000000
0.00000000000000000000
0.00000000000000000000
0.00025703931878039152
0.00000025703931878039
0.00018219888972664644
0.00000024627211542827
0.00066081107126631898
0.00000070317267120357
0.00087210678469268266
0.00000004359271087599
0.00034831103030847744
0.00000211053738254950
0.00011361357065543988
0.00000056046722978329
0.00616942653828946806
0.00000608695679899327
0.01255305328836637866
0.00002270920950653476
0.03067694200181169626
0.00000641702357133916
2.00000000000000000000
0.00013892927713123796
0.00000000000000000000
0.00000000000000000000
0.00000000000000000000
0.00000000000000000000
0.00032492186655688944
0.00000035203685973417
0.00027302016126315498
0.00000007679231439567
0.00006318215098511511
0.00000062838342316156
0.00128362450140433424
0.00000009902189136360
0.00098641861855552640
0.00000080731157590109
0.00160980663182090964
0.00000055784307038015
0.03583059923852129848
0.00001937921715581070
0.02495659874540374408
0.00000008274162399760
0.00000000000000000000
0.00000000000000000000
0.00000000000000000000
0.00000001042351658543
0.00001042351658543746
0.00000065011991187761
0.00020552834080155956
0.00000022153764912613
0.00156243264725165642
0.00000213521607436024
0.00018333944038076100
0.00000020187979512441
0.00285699866959951124
0.00000013362600782096
0.00020747708485708592
0.00001389804833361450
0.01150421037898245220
0.00003947845776015499
0.05390072096843491208
0.00003252028441539318
0.01711158309939041280
0.00014623301829735012
2.00000000000000000000
0.00000000000000000000
0.00000000000000000000
0.00000000000000000000
0.00000000000000000000
0.00000380712904273450
0.00000000000000000000
0.00000000000000000000
0.00000000000000000000
0.00000000000000000000
0.00000000000000000000
0.00000000000000000000
0.00000000000000000000
0.00000000000000000000
0.00000000000000000000
0.00000000000000000000
0.00000000000000000000
0.00000000000000000000
0.00000000000000000000
0.00000000000000000000
0.00000000000000000000
0.00000802878199194765
0.00047215673890408192
0.00001034803898688510
0.00000000000000000000
0.00000000000000000000
0.00000000000000000000
0.00000000000000000000
0.00000000000000000000
0.00000000000000000000
0.00000000000000000000
0.00000000000000000000
0.00000000000000000000
0.00000000000000000000
0.00000000000000000000
0.00000000000000000000
0.00000000000000000000
0.00000000000000000000
0.00000000000000000000
0.00000000000000000000
0.00000000000000000000
0.00000000000000000000
0.00000000000000000000
0.00000000000000000000
2.00000000000000000000
0.00000918399499223352
0.00075143700860909088
0.00000521932004450095
0.00000000000000000000
0.00000000000000000000
0.00000000000000000000
0.00000000000000000000
0.00000000000000000000
0.00000000000000000000
0.00000000000000000000
0.00000000000000000000
0.00000000000000000000
0.00000000000000000000
0.00000000000000000000
0.00000000000000000000
0.00000000000000000000
0.00000000000000000000
0.00000000000000000000
0.00000000000000000000
0.00184984126474042122
0.00000772293829633480
0.00448057137037712184
0.00000000000000000000
0.00000000000000000000
0.00000000000000000000
0.00000000000000000000
0.00000000000000000000
0.00000000000000000000
0.00000000000000000000
0.00000000000000000000
0.00000000000000000000
0.00000000000000000000
0.00000000000000000000
0.00000000000000000000
0.00000000000000000000
0.00000000000000000000
0.00000000000000000000
0.00000000000000000000
0.00000000000000000000
0.00000000000000000000
0.00000000000000000000
0.00000000000000000000
0.00000956150957855958
2.00000000000000000000
0.00000936693099772926
0.00390850666267755520
0.00000000000000000000
0.00000000000000000000
0.00000000000000000000
0.00000000000000000000
0.00000000000000000000
0.00000000000000000000
0.00000000000000000000
0.00000000000000000000
0.00000000000000000000
0.00000000000000000000
0.00000000000000000000
0.00000000000000000000
0.00000000000000000000
0.00000000000000000000
0.00000000000000000000
0.00000000000000000000
0.00000530554444268725
0.00138329570619916448
0.00001432874853272943
0.00000000000000000000
0.00000000000000000000
0.00000000000000000000
0.00000000000000000000
0.00000000000000000000
0.00000000000000000000
0.00000000000000000000
0.00000000000000000000
0.00000000000000000000
0.00000000000000000000
0.00000000000000000000
0.00000000000000000000
0.00000000000000000000
0.00000000000000000000
0.00000000000000000000
0.00000000000000000000
0.00000000000000000000
0.00000000000000000000
0.00000000000000000000
0.00000000000000000000
0.00079939844082031946
0.00000957135030020854
2.00000000000000000000
0.00000347148409771130
0.00000000000000000000
0.00000000000000000000
0.00000000000000000000
0.00000000000000000000
0.00000000000000000000
0.00000000000000000000
0.00000000000000000000
0.00000000000000000000
0.00000000000000000000
0.00000000000000000000
0.00000000000000000000
0.00000000000000000000
0.00000000000000000000
0.00000000000000000000
0.00000000000000000000
0.00000000000000000000
0.01002502802107578240
0.00000681104621352863
0.00125422416246157002
0.00000000000000000000
0.00000000000000000000
0.00000000000000000000
0.00000000000000000000
0.00000000000000000000
0.00000000000000000000
0.00000000000000000000
0.00000000000000000000
0.00000000000000000000
0.00000000000000000000
0.00000000000000000000
0.00000000000000000000
0.00000000000000000000
0.00000000000000000000
0.00000000000000000000
0.00000000000000000000
0.00000000000000000000
0.00000000000000000000
0.00000000000000000000
0.00000000000000000000
0.00000580699167392089
0.00417689257178089380
0.00000363062788430869
2.00000000000000000000
0.00000000000000000000
0.00529513275942606326
0.00000557473136237166
0.00018189959509951684
0.00001835524568484875
0.05748355856126748062
0.00004210296579958962
0.01351651156240109608
0.00001421092425912512
0.00705560182180367044
0.00000101716586949705
0.00061714796067084304
0.00000078040884873243
0.00247724803538777364
0.00000011105396125075
0.00037441767340452792
0.00000000000000000000
0.00000000000000000000
0.00000000000000000000
0.01095799344270229602
0.00001095799344270229
0.02194914517450576424
0.00001066556855283315
0.01731684206051125660
0.00002602516283512164
0.01021209502595643844
0.00000574698158963469
0.01211220869457661068
0.00000129027973356432
0.00271393128374381440
0.00000323310731020263
0.00102082245266082048
0.00000387926494716774
0.00653013221939360986
0.00000588188414301049
0.00268232870254756960
0.00000476137503334952
0.00036899352029776808
0.00000410757715528434
0.00000000000000000000
0.00000000000000000000
0.00000000000000000000
0.00000000000000000000
2.00000000000000000000
