22
24
100.0
8.0
0.00100000000000000000
10.00000000000000000406
10.00000000000000000406
10.00000000000000000406
10.00000000000000000406
10.00000000000000000406
10.00000000000000000406
10.00000000000000000406
10.00000000000000000406
10.00000000000000000406
10.00000000000000000406
10.00000000000000000406
10.00000000000000000406
10.00000000000000000406
10.00000000000000000406
10.00000000000000000406
10.00000000000000000406
10.00000000000000000406
10.00000000000000000406
10.00000000000000000406
10.00000000000000000406
10.00000000000000000406
10.00000000000000000406
10.00000000000000000406
10.00000000000000000406
0.50000000000000000000
0.50000000000000000000
0.50000000000000000000
0.50000000000000000000
0.50000000000000000000
0.50000000000000000000
0.50000000000000000000
0.50000000000000000000
0.50000000000000000000
0.50000000000000000000
0.50000000000000000000
0.50000000000000000000
0.50000000000000000000
0.50000000000000000000
0.50000000000000000000
0.50000000000000000000
0.50000000000000000000
0.50000000000000000000
0.50000000000000000000
0.50000000000000000000
0.50000000000000000000
0.50000000000000000000
0.50000000000000000000
0.50000000000000000000
0.50000000000000000000
0.50000000000000000000
0.50000000000000000000
0.50000000000000000000
0.50000000000000000000
0.50000000000000000000
0.50000000000000000000
0.50000000000000000000
0.50000000000000000000
0.50000000000000000000
0.50000000000000000000
0.50000000000000000000
0.50000000000000000000
0.50000000000000000000
0.50000000000000000000
0.50000000000000000000
0.50000000000000000000
0.50000000000000000000
0.50000000000000000000
0.50000000000000000000
0.10000000000000000000
0.00000032365396002942
0.00036449256725057728
0.00000021871225608979
0.00004671380180404501
0.00000004671380180404
0.00008485765143346994
0.00000008485765143346
0.00002781881198361828
0.00000003925359997209
0.00000018910597517586
0.00000000019958454583
0.00000005099515938840
0.00000000107469646396
0.00000030169943341125
0.00000000074483137146
0.00000870713067991935
0.00000003314376461917
0.00002970847476483193
0.00000006811660644323
0.00066128693785332960
0.00000017795262700969
0.01535507307166595202
0.00001458175035223906
0.00065900287757131312
0.00000121087714492640
0.00045956957786885640
0.00000067606199338779
0.00070567809386341192
0.00000045692189501223
0.00022054405851881796
0.00000023110651502336
0.00013393024793142436
0.00000000000000000727
0.00000043057774899630
0.00000002779743998997
0.00004297433292304370
0.00000000213286524033
0.00000453407842760092
0.00000000256374589366
0.00000078100811863880
0.00000000046487833647
0.00000000289239823356
0.00000000056885533568
0.00000068523902594749
0.00000000300562585491
0.00000025876716183076
0.10000000000000000000
0.00000011553154298200
0.00043525265614770824
0.00000000945149458857
0.00000945149458857200
0.00000008751005431947
0.00008751005431947894
0.00000002775786520969
0.00000113838502261306
0.00000000002800133338
0.00000004192234254045
0.00000000006528208754
0.00000003033509019435
0.00000000064239036717
0.00000001686969429729
0.00000001514665458648
0.00002287883605602048
0.00000000597372016604
0.00016701616388932616
0.00000006119565011176
0.00023843895916684320
0.00000303930363880923
0.00397068048027513060
0.00000015409876121383
0.00085292056893860458
0.00000044068963451542
0.00083763159819781018
0.00000062820947854215
0.00017180440249246716
0.00000016006480531080
0.00015388790643131012
0.00000010982364236053
0.00000000000004312409
0.00000000650936645567
0.00001881759592837695
0.00000004098131939832
0.00000112316897055539
0.00000000992475694698
0.00000583189684624687
0.00000000112960389202
0.00000030441720720514
0.00000000004294849164
0.00000005945395410642
0.00000000053470358436
0.00000473197389200302
0.00020202647544794160
0.00000008009251788340
0.10000000000000000000
0.00001066351670059008
0.00008613369320355456
0.00000008613369320355
0.00000094868410967898
0.00000000094868410967
0.00000631174688697419
0.00000000011357886234
0.00000011158719977956
0.00000000005016420508
0.00000001513296871368
0.00000000007348525830
0.00000024123161250274
0.00000000029913263543
0.00000013795181257221
0.00000004535867022452
0.00001235332486318759
0.00000147017701206145
0.00032255484871463676
0.00000004044548881614
0.00000987055854941648
0.00000000417523550461
0.00003691293348186569
0.00000011962445290088
0.00028114633520709224
0.00000000846992895406
0.00002018818382034095
0.00000003965574261843
0.00001118116544268417
0.00000000407458769038
0.00000700635529936563
0.00000000000000000029
0.00000008079342254814
0.00000000362059579633
0.00004701012906948156
0.00000000616021789415
0.00000273728925423402
0.00000000034492430428
0.00000004355300219366
0.00000000030425213992
0.00000000048008324333
0.00000000081103178296
0.00000002304107385652
0.00000000029387738278
0.00000019381365569259
0.00048241904599618520
0.00001704873246003768
0.10000000000000000000
0.00000000004837525870
0.00000004837525870239
0.00000002871049452350
0.00002871049452350682
0.00000000026156174936
0.00000480214174297972
0.00000000026023105484
0.00000009489514875464
0.00000000001136992639
0.00000005495804824517
0.00000000041521130041
0.00000066464669847411
0.00000001439364845115
0.00003708976431022210
0.00000000455499210493
0.00008728475688213586
0.00000242152386088708
0.00010046844615186912
0.00000005287181730747
0.00070607164253192312
0.00000053577305563052
0.00032746028032437938
0.00000037925274460319
0.00015805048026894664
0.00000011254345304820
0.00007161091856353132
0.00000002753395407415
0.00000762579629826687
0.00000002602371481187
0.00000000000000041536
0.00000000154751376900
0.00000167307345597815
0.00000000178027278182
0.00000078388895523886
0.00000000488942372076
0.00000069128608297698
0.00000000032112078066
0.00000077479322199787
0.00000000001103493002
0.00000170274796808115
0.00000000003370204339
0.00001244945769578519
0.00001618211937421033
0.00000000409508046281
0.00005383238797448329
0.00000000001891046615
0.10000000000000000000
0.00010000000000000000
0.00012048066082979402
0.00000012048066082979
0.00000016601175310198
0.00000000013053029783
0.00000002040154540183
0.00000000001008073041
0.00000000039798464069
0.00000000002737356140
0.00000004157088080789
0.00000000002227603115
0.00000048563273571325
0.00000000086286012982
0.00006037628628714174
0.00000008821431820327
0.00007127811846843312
0.00000000284685902061
0.00000473640919487569
0.00000000570321483422
0.00001653782563000840
0.00000002486654581079
0.00077789752055181152
0.00000018584035806519
0.00000997800254718911
0.00000000117560577155
0.00000195173690265699
0.00000000024526930518
0.00000018390377754966
0.00000000000000000008
0.00000014218140100019
0.00000000084596847146
0.00026876844461840440
0.00000000289189309863
0.00000152758665555397
0.00000000001742857142
0.00000000229176168764
0.00000000004647035701
0.00000000162688984950
0.00000000008467883066
0.00000000554923193939
0.00000000028789392980
0.00000001618211937421
0.00000409508046281996
0.00000005383238797448
0.00000001891046615569
0.00010000000000000000
0.10000000000000000000
0.00000012048066082979
0.00012048066082979402
0.00000000016601175310
0.00000013053029783892
0.00000000002040154540
0.00000001008073041041
0.00000000000039798464
0.00000002737356140583
0.00000000004157088080
0.00000002227603115991
0.00000000048563273571
0.00000086286012982792
0.00000006037628628714
0.00008821431820327035
0.00000007127811846843
0.00000284685902061162
0.00000000473640919487
0.00000570321483422293
0.00000001653782563000
0.00002486654581079296
0.00000077789752055181
0.00018584035806519304
0.00000000997800254718
0.00000117560577155489
0.00000000195173690265
0.00000024526930518084
0.00000000018390377754
0.00000000000000008794
0.00000000014218140100
0.00000084596847146112
0.00000026876844461840
0.00000289189309863474
0.00000000152758665555
0.00000001742857142928
0.00000000000229176168
0.00000004647035701644
0.00000000000162688984
0.00000008467883066609
0.00000000000554923193
0.00000028789392980604
0.00005588153336364231
0.00000007207871286560
0.00000112714378908390
0.00000002133569168758
0.00022903637465418680
0.00000022903637465418
0.10000000000000000000
0.00010000000000000000
0.00001031504696060814
0.00000001529441978458
0.00000076866502854340
0.00000000037513394645
0.00000001168668204989
0.00000000221627467918
0.00000199495274414166
0.00000000038479751302
0.00000954649590733732
0.00000014931793304876
0.00025943163622626498
0.00000000199552376603
0.00000876020709248724
0.00000000054810036350
0.00000564202627580409
0.00000000706624351925
0.00000114709311180179
0.00000012236692760034
0.00006937049550049005
0.00000228678753415171
0.00055472767038437584
0.00000000330945909559
0.00001688338234264835
0.00000001698473752177
0.00000454322038020172
0.00000000000000000268
0.00001067751552573925
0.00000005394731572645
0.01173868612411122884
0.00000014944940957190
0.00000692994790932061
0.00000000166908241670
0.00000000114314992034
0.00000000233575210210
0.00000010061487508547
0.00000000271377008411
0.00000013781190570624
0.00000000490403386766
0.00000005588153336364
0.00007207871286560608
0.00000000112714378908
0.00002133569168758867
0.00000022903637465418
0.00022903637465418680
0.00010000000000000000
0.10000000000000000000
0.00000001031504696060
0.00001529441978458021
0.00000000076866502854
0.00000037513394645838
0.00000000001168668204
0.00000221627467918706
0.00000000199495274414
0.00000038479751302843
0.00000000954649590733
0.00014931793304876176
0.00000025943163622626
0.00000199552376603098
0.00000000876020709248
0.00000054810036350007
0.00000000564202627580
0.00000706624351925616
0.00000000114709311180
0.00012236692760034984
0.00000006937049550049
0.00228678753415171402
0.00000055472767038437
0.00000330945909559594
0.00000001688338234264
0.00001698473752177564
0.00000000454322038020
0.00000000000000268499
0.00000001067751552573
0.00005394731572645264
0.00001173868612411123
0.00014944940957190512
0.00000000692994790932
0.00000166908241670502
0.00000000000114314992
0.00000233575210210452
0.00000000010061487508
0.00000271377008411355
0.00000000013781190570
0.00000490403386766557
0.00001329147384935375
0.00000001658793737340
0.00000544082209834820
0.00000000014102546566
0.00000022897243931747
0.00000000022897243931
0.00000748390842526023
0.00000000748390842526
0.10000000000000000000
0.00000004983161289617
0.00000013399546993354
0.00000000002696285841
0.00000004644767528772
0.00000000011815637434
0.00000005142230834441
0.00000000044206677546
0.00001141714848537934
0.00000006275100869726
0.00000403709256439187
0.00000000072768207277
0.00000001126887181368
0.00000000048334446724
0.00000104825494457013
0.00000000251651041509
0.00000130824699141164
0.00000000783549838056
0.00007421119714070518
0.00000004934679290084
0.00091947922281422442
0.00000003586062422443
0.00001510510658102634
0.00000002436570569142
0.00002392896956346336
0.00000000000000000688
0.00000267559009558133
0.00000548720548829005
0.00002481718357602053
0.00000001070359737216
0.00068067040792647640
0.00000001053164667747
0.00000024529527015449
0.00000000129091252270
0.00000001421571056442
0.00000000169143752022
0.00000001831327407226
0.00000003473443409024
0.00000002219411843730
0.00000080504349078573
0.00000000011586074337
0.00000306395321128043
0.00000000021304902406
0.00000021304902406310
0.00000001313149299692
0.00001313149299692820
0.00000005896968247089
0.10000000000000000000
0.00000000161057183733
0.00000011626581024946
0.00000000192709338692
0.00000500486617881985
0.00000000335557764399
0.00000989609547447226
0.00000005310664802524
0.00001471337419651000
0.00000000437087372590
0.00000076359479422088
0.00000000564871022988
0.00000064671744919260
0.00000000538519311799
0.00000414589846882582
0.00000000348684416843
0.00000274489826685363
0.00000004943581303584
0.00008152074224550760
0.00000001575226823953
0.00099618576864797802
0.00000130235721661129
0.00002774121238410100
0.00000006705560736504
0.00000000000022005448
0.00000251946434844783
0.00005452978658589850
0.00000001930420343013
0.00000299166085359385
0.00000000309630919979
0.00008209155962414374
0.00000002758559111191
0.00001364424678389817
0.00000000005929212417
0.00001468678647257411
0.00000001669647370000
0.00012434319285492352
0.00000018944671792749
0.00000000003508587479
0.00000020168639484227
0.00000000029419121756
0.00000005900036707274
0.00000000005900036707
0.00000116934227348648
0.00000000116934227348
0.00000028095540314870
0.00000000285366854384
0.10000000000000000000
0.00000163145711539823
0.00269982228941632842
0.00000056629601751875
0.00090702052196950704
0.00000005073718348785
0.00000635035967672814
0.00000000158325377854
0.00000018748772093411
0.00000000002434741763
0.00000022599809271274
0.00000000002281650946
0.00000017841428089573
0.00000000016721953768
0.00000005036255887994
0.00000000002941884683
0.00000021133930418894
0.00000000185771956121
0.00000065726431547699
0.00000000524053361992
0.00002738402554697852
0.00000003320206252863
0.00005196644575663711
0.00000000000000150037
0.00000004260500599725
0.00000000082281155809
0.00000149337082611775
0.00000000047679414337
0.00000017021985831355
0.00000000192478336910
0.00012838581715099630
0.00000030041154291276
0.00035654886012781860
0.00000126351011780929
0.00057812185782382152
0.00000001148209694509
0.00000000018181297052
0.00000004776560218083
0.00000000008244651000
0.00000009755077197951
0.00000000002650939193
0.00000002650939193571
0.00000000051892788885
0.00000051892788885571
0.00000000005140783589
0.00000018732319993441
0.00000148351444875448
0.10000000000000000000
0.00000085320576849328
0.00107552724789582208
0.00000037267975430219
0.00004600929761811039
0.00000001481873927954
0.00000031499055686528
0.00000000006396340502
0.00000003357723781278
0.00000000009071211982
0.00000002092345659558
0.00000000005850108428
0.00000006412979135323
0.00000000004703670515
0.00000031114738252219
0.00000000055009026466
0.00000068942670850020
0.00000000013714230353
0.00000408247790397473
0.00000002644046326518
0.00002087438556310464
0.00000029234657119959
0.00000000000255970208
0.00000000006132598297
0.00000025706021863668
0.00000000074463945606
0.00000012558890999444
0.00000000027488912980
0.00000142722528165410
0.00000009035859184881
0.00165098170704739702
0.00000886704756687906
0.00030664741322494460
0.00000057876324265032
0.00000798658215187320
0.00000005592570831996
0.00000000008954644230
0.00000002994243140858
0.00000000001407112885
0.00000000125996553249
0.00000000000125996553
0.00000001946240303494
0.00000000001946240303
0.00000010661344091287
0.00000000373789324672
0.00295553348430245388
0.00000102716064279308
0.10000000000000000000
0.00000217363583799997
0.00009071866838230906
0.00000003277831880505
0.00000393781533482248
0.00000000003633516657
0.00000000291083001419
0.00000000000924311610
0.00000000080920097586
0.00000000000146448867
0.00000000216958818843
0.00000000001333805263
0.00000000154085389285
0.00000000004206380600
0.00000000902068268820
0.00000000009941715575
0.00000006241893420323
0.00000000292421552314
0.00000152490666056299
0.00000003830918981538
0.00013631098320745330
0.00000000000000369646
0.00000129158254114110
0.00000000010248776693
0.00000000205451133711
0.00000000002059692288
0.00000002480280306338
0.00000000021730466565
0.00008406455558120069
0.00000163026052039106
0.00697734408025043042
0.00000151129806756142
0.00039127213377381072
0.00000000170257603867
0.00000000059300245230
0.00000002093571138710
0.00000000007315622448
0.00000003422084409287
0.00000000004360253978
0.00000004360253978994
0.00000000185702156671
0.00000185702156671420
0.00000000013645619705
0.00000488432700466241
0.00000031191218613608
0.00065146956964464400
0.00000109364133305286
0.10000000000000000000
0.00000496815320339568
0.00040720800881155760
0.00000004447317238732
0.00000288056584149829
0.00000000025206590108
0.00000009227194877684
0.00000000012632066001
0.00000006358797813514
0.00000000035902175624
0.00000037106701883338
0.00000000031632035755
0.00000035592063188437
0.00000000342068440340
0.00000030129119016951
0.00000000279544930333
0.00001767638916862237
0.00000000272781346649
0.00013878529486290800
0.00000042272682191143
0.00000000000003996628
0.00000000421487016372
0.00000022912273628185
0.00000000266103771053
0.00000055430697228405
0.00000000001057786337
0.00001027482147831571
0.00000067522912546396
0.00045872414545293418
0.00000070622011128200
0.00982995712262866402
0.00000035610261593291
0.00002807042385022878
0.00000019666023090308
0.00000000052373648935
0.00000028369825168038
0.00000000030542175067
0.00000007822419271047
0.00000000007822419271
0.00000197468285856898
0.00000000197468285856
0.00000007015506906371
0.00000000386857423915
0.00059017027171961992
0.00000026667352292156
0.00005392078139696422
0.00000586903041963387
0.10000000000000000000
0.00000253845555569791
0.00002963066626569488
0.00000000366068239954
0.00000044346525931211
0.00000000005207667380
0.00000053880075369814
0.00000000000871000372
0.00000041542483556742
0.00000000018192282013
0.00000005298465196678
0.00000000106256500354
0.00000048549068946594
0.00000001110682629235
0.00000125315473591317
0.00000004357385704418
0.00001900228767744950
0.00000027429737460471
0.00015645793016843398
0.00000000000000001033
0.00000756435804986512
0.00000000084298708342
0.00000299317461853730
0.00000000072552991623
0.00000073811714015810
0.00000001647232149003
0.00106359784871523120
0.00000454426190945955
0.00038585973869099976
0.00000713016955987959
0.00065108091025597720
0.00000003706140126647
0.00000000064879768681
0.00000001837935675300
0.00000000047010570222
0.00000065332748873444
0.00000000005601430635
0.00000005601430635853
0.00000000050898652198
0.00000050898652198153
0.00000000080594359148
0.00001524603112530759
0.00000004411597208542
0.00004399456048582855
0.00000002603487324489
0.00064283123961296698
0.00000339217966429830
0.10000000000000000000
0.00000001263747367449
0.00000337925622338685
0.00000000015068281718
0.00000000714512811825
0.00000000033106997810
0.00000006519442759642
0.00000000033785579855
0.00000127200339007888
0.00000000019222887799
0.00000037391943201044
0.00000000209130529640
0.00001159141819888054
0.00000000448099451889
0.00003328722278984837
0.00000004337043759792
0.00030829488922844824
0.00000027209447976188
0.00000000000000742686
0.00000000244136201429
0.00000151939018651599
0.00000000106707647065
0.00000030062150774916
0.00000000035281530460
0.00000325879779421002
0.00000814527920288699
0.00147632502274650880
0.00000032060227412336
0.00269253163946523766
0.00000512555250290761
0.00000190264486463833
0.00000425471664532373
0.00000000925729415871
0.00000012161954667159
0.00000000793697876451
0.00000068503592424334
0.00000000068503592424
0.00000708373431230303
0.00000000708373431230
0.00001167666087547356
0.00000004589718642648
0.00000309750538018999
0.00000000794893388006
0.00000175456065324024
0.00000003938428996629
0.00002221237243099478
0.00000000708931887558
0.10000000000000000000
0.00000000126317684720
0.00000050606881955691
0.00000000113883020137
0.00000280472358969207
0.00000000018137458053
0.00000020567934485320
0.00000000291286884489
0.00000012583903057447
0.00000002313545215695
0.00001097431057335548
0.00000002495137430520
0.00006078762249068711
0.00000012408153147792
0.00041443972729320248
0.00000107507836109762
0.00032162849302424552
0.00000000000000029051
0.00009196420629155320
0.00000001215405319910
0.00001573380224300381
0.00000000120568665312
0.00000610586034908091
0.00000129703280503445
0.00001180626340809420
0.00000001425419209862
0.00000022413029098396
0.00000000113784708153
0.00000695382607196223
0.00000191734308562673
0.00000002605717803493
0.00002249734317918792
0.00000006433780610686
0.00003290549021032762
0.00000000195828437832
0.00000195828437832639
0.00000017826258795277
0.00017826258795277076
0.00000010325514329184
0.00002045876517561748
0.00000000124249383678
0.00000027184736394268
0.00000000002604774670
0.00000410423936258108
0.00000000441515083780
0.00000304996836035304
0.00000000203232950105
0.10000000000000000000
0.00000000292765631600
0.00001075754396849757
0.00000007247338331972
0.00000026612456422913
0.00000004235179772945
0.00004451582090251014
0.00000000598454174441
0.00014471953260737670
0.00000017657970444195
0.00010129705359862384
0.00000069725636660245
0.00012527473841289230
0.00000000840684201362
0.00001754393047617947
0.00000002115948573990
0.00000000000003203748
0.00000007887836200356
0.00050754503567211344
0.00000006377623122029
0.00004004970021305587
0.00000609697172956008
0.00000908217033039067
0.00000000122831311178
0.00000890734011102707
0.00000000049886042721
0.00000737195877101168
0.00000000022928104438
0.00002845667269633355
0.00001437254030328866
0.00000000361467967185
0.00001078244946468679
0.00000000248673527685
0.00008431976528878186
0.00000008431976528878
0.00019058942842660380
0.00000019058942842660
0.00000408777821524823
0.00000000373992620115
0.00000009054076822834
0.00000000003396931599
0.00000000128406640622
0.00000000022100220630
0.00000032913247271804
0.00000000008368846039
0.00000050103397889279
0.00000000180155584007
0.10000000000000000000
0.00000001667404306642
0.00004545128340034824
0.00000000064585075164
0.00000327527303771492
0.00000000182298064548
0.00000849197147549396
0.00000000507084054450
0.00001356141566522691
0.00000035191768895397
0.00001099219771828414
0.00000001952817960485
0.00000405180586113250
0.00000000289806011265
0.00000480905394254693
0.00000000000000000025
0.00000247899621497824
0.00000000287602116903
0.00004518757159800897
0.00000050396515254607
0.00002884107100503625
0.00000000015746259762
0.00000002812222166076
0.00000000038411465368
0.00000001433166440671
0.00000000043035315732
0.00000003386172842231
0.00000000013233649970
0.00000006473024457244
0.00019851097004665180
0.00000252060191411881
0.00009360119608555890
0.00000024199318725972
0.00024199318725972324
0.00000000287961112282
0.00000287961112282234
0.00000000144730931894
0.00000128339043012112
0.00000000002309539081
0.00000003502686421401
0.00000000000800921796
0.00000015891074661878
0.00000000007591986584
0.00000000779494279914
0.00000000221471394784
0.00001300294813049435
0.00000003275231362187
0.10000000000000000000
0.00001748876029786612
0.00003968119792736876
0.00000010964632369982
0.00005100861306596719
0.00000022941011806833
0.00022243666685535528
0.00000051784699233647
0.00004613664293478622
0.00000006675964823231
0.00000081424483168059
0.00000002007240988725
0.00000026862191862591
0.00000000059998134322
0.00000000000000168147
0.00000000051209684706
0.00000263921528704508
0.00000003885399105117
0.00000201824220821311
0.00000000057830062456
0.00000040556092243364
0.00000000004998225110
0.00000000386696021879
0.00000000001206971897
0.00000003787892066907
0.00000000003610863817
0.00000173925731039372
0.00039871766578052576
0.00000004614959024467
0.00035088071385268860
0.00000164760474438933
0.00012406279870632842
0.00000012406279870632
0.00000802070605085361
0.00000000802070605085
0.00000001422071427723
0.00000000602374284599
0.00000013601865419738
0.00000000006004030604
0.00000000044488666854
0.00000000013803183150
0.00000049838123071338
0.00000000022916273745
0.00000346074835616918
0.00000005558127765946
0.00005664590310674225
0.00001109635428764003
0.10000000000000000000
0.00000000198693363204
0.00040407708753361712
0.00000035433001767737
0.00008056700563926085
0.00000037544256510083
0.00002533028648150173
0.00000038406831678393
0.00021995513598516232
0.00000003335643584904
0.00001259968375660827
0.00000001173765200039
0.00000206977214003252
0.00000000000000000623
0.00000328345333724113
0.00000000113752866498
0.00000385743068400734
0.00000000557739608525
0.00002020672471712133
0.00000000051999357201
0.00000003969315612517
0.00000000041184568608
0.00000000881344591640
0.00000000078960784828
0.00000000562322612947
0.00000000202056249511
0.00000011532290810284
0.00019326809320259604
0.00000004728916654798
0.00007347331155588976
0.00000000532582578554
0.00000532582578554231
0.00000000053937891500
0.00000053937891500160
0.00000000065559158684
0.00000074125451857486
0.00000000001475973475
0.00000001488492538150
0.00000000000086539555
0.00000007468192927808
0.00000000000865939344
0.00000004850319261475
0.00000000024054261231
0.00000021936664889499
0.00000000086514752901
0.00002706086731121059
0.00000000213559555868
0.10000000000000000000
0.00000128496724879228
0.00020030435658718796
0.00001199028306024806
0.00083626711857874528
0.00000003454211184948
0.00002613284143201000
0.00000000249484108654
0.00001400571289767562
0.00000000111735154677
0.00000255589912467894
0.00000000126413425413
0.00000000000000024510
0.00000000038816923758
0.00000083463088764158
0.00000000365511931012
0.00000000512824296013
0.00000000016946321126
0.00000000004726280927
0.00000000003554945222
0.00000003741271062608
0.00000000000171010822
0.00000002506260689424
0.00000000002443033262
0.00000015007124551950
0.18018751025485496620
0.00004460860576382618
0.00020897527975751936
0.00000070014143831946
0.00016044708294421910
0.00000016044708294421
0.00010053808175532672
0.00000010053808175532
0.00002574572669762301
0.00000011176753481944
0.00000208987627877980
0.00000000075359630450
0.00000002321493997081
0.00000000763524354613
0.00000747864990789817
0.00000000455148212579
0.00000493932834883553
0.00000063214848648620
0.00007944510210224372
0.00000135398117841003
0.00786432564452140642
0.00002326771167883752
2.00000000000000000000
0.00024013210213859004
0.03088440566369402448
0.00015319430008030338
0.00308957680301285760
0.00000032134973859344
0.00601265736030758804
0.00000079563187560237
0.00137530923659568560
0.00000039805466164776
0.00039453191641671440
0.00000000000000033426
0.00015266953612515396
0.00000013601288625742
0.00024507025179626704
0.00000002679721047519
0.00000314052494575011
0.00000000406074737306
0.00000097249858835915
0.00000001141058732627
0.00000116199200200715
0.00000001383593004351
0.00000028373477204147
0.00000000617608795866
0.00026856827609751440
0.09147064814964170642
0.00000013874151075714
0.01467515069975016006
0.00000030323169769989
0.00030323169769989138
0.00000019763158170183
0.00019763158170183748
0.00000009700837354152
0.00013505333346152328
0.00000000307432825849
0.00000129660271732800
0.00000000022400357012
0.00001238587630803124
0.00000000514032031410
0.00002689564657440779
0.00000010979192598822
0.00104287893460678922
0.00000006940231085654
0.00098863122577662480
0.00001082374283052693
0.00569277823882207460
0.00037689682478304128
2.00000000000000000000
0.00004790917990272564
0.02344920386220066022
0.00000855887561885977
0.00176130946428802388
0.00000119265950842050
0.00322223113055416566
0.00000053499866756347
0.00119102811328558240
0.00000069971686405960
0.00000000000009858401
0.00000006486268946863
0.00069627434893412498
0.00000069836376675379
0.00007922075597994265
0.00000024033821895800
0.00002413601216661125
0.00000000033193935860
0.00001846160702317341
0.00000000107183598113
0.00002220368129913093
0.00000000170999510067
0.00027215105777823736
0.01164610673027386880
0.00000340615467068465
0.00117693479988425786
0.00001068471816325157
0.00084368762033696640
0.00000084368762033696
0.00003078327486256824
0.00000003078327486256
0.00004838922178832994
0.00000010898521532093
0.00000088842221337504
0.00000000091249899546
0.00000002482975161157
0.00000001013094431737
0.00000143648630762966
0.00000000389996539526
0.00000455106710396583
0.00000013452370231945
0.00031020500603458004
0.00000426630380764390
0.00236143036814979384
0.00032697286211013032
0.04651145292175819226
0.00004596922042491965
2.00000000000000000000
0.00001538690618860678
0.00867396298221365062
0.00000132240936956393
0.00179995294769801802
0.00000100128354912831
0.00014470322853658350
0.00000004478479190126
0.00024277069659330156
0.00000000000000016783
0.00006751599272209214
0.00000003533809344662
0.00088402815489349200
0.00000003790108952363
0.00001615551768589001
0.00000000268535088721
0.00000191216409362652
0.00000000318024868629
0.00000044745542516937
0.00000000044293779732
0.00000098713076519943
0.00000000155769786441
0.00002154845729047939
0.01898438146702820040
0.00000384075367910992
0.00657602533671002408
0.00000127744254599306
0.00127744254599306800
0.00000330676133230075
0.00330676133230075244
0.00000029184224980592
0.00008639407265667398
0.00000000052258857672
0.00000607833036432504
0.00000000068256203306
0.00001147885567940396
0.00000002900878632561
0.00000763911071195996
0.00000084255549097271
0.00327580248688257246
0.00000018652750276858
0.00416551051805845760
0.00001108113066315474
0.02296412702172634442
0.00023231963200906756
0.02265683024341272420
0.00001549437106418671
2.00000000000000000000
0.00003289288631144955
0.02073961284367375260
0.00005570726322669008
0.00009385878363278626
0.00001064147123938094
0.00151260506486120362
0.00000063552920349708
0.00000000000051869257
0.00000003454144297091
0.00049348796342222440
0.00000041561110035659
0.00039551893688028024
0.00000010521687966199
0.00006966148391836180
0.00000003273027783182
0.00001574661542484437
0.00000000389731875167
0.00001975517340946743
0.00000001410378490557
0.00114491715089443904
0.00768905212369383848
0.00000922202151773980
0.00848661204046845608
0.00000716042850298582
0.03757108468581099220
0.00003757108468581099
0.00176245900067844042
0.00000176245900067844
0.00259870156891933760
0.00000146286687911425
0.00000352955514772201
0.00000001010316718341
0.00000013761900057567
0.00000010372032551052
0.00001246121497835111
0.00000004016868716558
0.00037575364297344752
0.00000375782692904188
0.00046900058135909592
0.00000911735251215436
0.00070288795449453712
0.00000089178309875367
0.00440501845005137862
0.00000777487105716311
0.00821193763493800006
0.00003092483674840562
2.00000000000000000000
0.00001653125495263717
0.02241937198454272426
0.00000334838414371164
0.01625059378730908802
0.00000038728457077171
0.00140969336984800000
0.00000000000000153848
0.00114540672546636800
0.00000025658120816857
0.00223175668404407520
0.00000133456752231440
0.00187691533633918762
0.00000056737002090528
0.00005034543699848739
0.00000002423546222858
0.00000492989932834218
0.00000001298265623808
0.00001547145081254327
0.00000407853533818730
0.00000995462467246191
0.01542635008977002024
0.00000022500829321117
0.00262617060317433206
0.00000789929286002066
0.00789929286002066984
0.00005113130509598972
0.05113130509598969862
0.00000152076720783710
0.00212299067605636362
0.00000002730465467398
0.00001114367711718578
0.00000000133480296562
0.00000803996451672041
0.00000025089170218581
0.00019594022877195004
0.00000075186048409406
0.00189718480471963924
0.00001071090792485158
0.00071487500806674000
0.00000937931921300842
0.00059376394146743866
0.00000040322135295892
0.00140808536401909786
0.00000110182045645309
0.01716022240163812482
0.00001454864876825187
2.00000000000000000000
0.00004512649413330224
0.01652460024010656226
0.00001078005449029801
0.01959512377469090022
0.00000045272343049272
0.00000000000098612230
0.00000033069176977663
0.00105397629547215184
0.00009210559223561022
0.00168056223717928608
0.00000063404248673684
0.00008736941652632114
0.00000006942866906891
0.00007726267156192781
0.00000000514621679373
0.00035852152914676756
0.00000001053487114675
0.00065938822829414120
0.01283739715956327208
0.00001429376339665632
0.00066259473610962560
0.00000231035823323851
0.00052399092459312426
0.00000052399092459312
0.01532402544197092040
0.00001532402544197092
0.03500883829359412042
0.00000050682150380449
0.00001193516867804242
0.00000000273869600954
0.00000103539043969507
0.00000009216187306933
0.00003497300830884068
0.00000009358223685930
0.00226302795837136404
0.00001613382291124973
0.00041333453544394592
0.00000127799788935693
0.00663634438255782006
0.00000007003288981502
0.00932103202743385284
0.00000117799043343512
0.00185284051676187648
0.00005694637232333852
0.02437655063031757642
0.00005575240002588789
2.00000000000000000000
0.00002487761533346899
0.07081245540981231266
0.00000132955111606130
0.01716730551361772484
0.00000000000000360252
0.00047523825862042912
0.00002440047910230012
0.04048060402286082460
0.00000102739884562319
0.00130136462068261424
0.00000034979719694995
0.00006479671624467640
0.00000014014858566244
0.00004729685925096809
0.00000015569117556043
0.00000562867109222213
0.00000223864488075718
0.00000786803129872932
0.00370024227536582982
0.00000123199965470926
0.00139152848640600960
0.00000005843803878085
0.00005843803878085968
0.00000008653739558139
0.00008653739558139024
0.00000129243107846023
0.03033933349196487248
0.00000009007780332822
0.00007717026649010500
0.00000004591461510206
0.00055162887939779472
0.00000115108677333887
0.00065803703956419920
0.00000437255896661630
0.00274386076620495242
0.00000069507663635647
0.00001475451287178929
0.00000095263868970103
0.00037215010617348192
0.00000116751773579556
0.00301256028057390248
0.00000097563581703226
0.00009082029953438092
0.00000344617917122010
0.01932487542514360004
0.00002354846030181409
2.00000000000000000000
0.00003924206799252544
0.02671573484831024428
0.00000505765310260378
0.00000000000051569388
0.00000006816416792620
0.00458254485748971924
0.00000251140909741079
0.00134477896832796400
0.00000404149634006300
0.00073987763490508560
0.00000020754704885635
0.00015947409006175252
0.00000006132263434653
0.00083456294203723360
0.00000019827861450749
0.00203217953049211200
0.00494795695398073600
0.00000449156991026822
0.00045258276705797192
0.00000069708844088509
0.00012640423867124738
0.00000012640423867124
0.00057519181768533512
0.00000057519181768533
0.00070928337832298640
0.00005167759146453026
0.00061326193275263866
0.00000065118090678664
0.00003119545123465275
0.00000011091098186858
0.00065402505929415552
0.00000111705105237228
0.01902814051625101226
0.00000023990422257878
0.00018789966214919738
0.00000047388812139104
0.00046882920906650506
0.00000003868202515911
0.00262940880659660362
0.00000065168570981777
0.00018370260566644378
0.00001341578608105529
0.02179105474982252484
0.00001642529347641562
0.08733128744633930648
0.00005112794375027009
2.00000000000000000000
0.00001485793340677156
0.07087397269321381824
0.00000000000000218724
0.08356272744738490604
0.00000175044813093114
0.00088489710076403626
0.00000039770499615593
0.00044414714113506818
0.00000356227110120948
0.00555405027783528184
0.00000175511437428875
0.00032111360093381100
0.00000259313085721952
0.00189946194735245046
0.00000048899096218289
0.00000400704801462462
0.00333724900111722240
0.00000012746073425402
0.00014920600599007310
0.00000001227624004072
0.00001227624004072854
0.00000044719186122872
0.00044719186122872018
0.00000088421278475809
0.00085070578882950688
0.00000057463964695541
0.00039730872854049072
0.00000060566542934084
0.00436099050176333608
0.00000729611983484712
0.00613659342719456188
0.00003814669338211450
0.00038691334671743008
0.00000010386436440281
0.00000490116766805549
0.00000033753440971925
0.00006838248598560468
0.00000058814210982576
0.00112121608010926864
0.00000004393892864677
0.00147374317453324128
0.00000040134792317370
0.02307395282389545860
0.00000126720551742806
0.02690019155897062088
0.00001148259943361433
2.00000000000000000000
0.00009406146181202352
0.00000000000526606252
0.00001417236260480775
0.00094178020368385248
0.00000063515411013925
0.00018084677875860188
0.00000102629104471781
0.00104483157369197482
0.00000035459177514225
0.00004355766706737545
0.00000116808664343460
0.00926858489589188804
0.00000040537483513134
0.00338400292068712960
0.00174883197986260384
0.00000179364718158787
0.00016506004531468630
0.00000038346651962018
0.00000693218073215536
0.00000000693218073215
0.00009008571105109412
0.00000009008571105109
0.00065397154030088618
0.00000154862443373027
0.00067734603602544498
0.00000419053493644879
0.00162299702651670228
0.00001000365138579371
0.00313418728157561128
0.00000407885072926014
0.00859465304878956260
0.00000035143820955862
0.00012980035570191610
0.00000000824428344860
0.00004482459936722147
0.00000002547131878296
0.00043901439293668120
0.00000049607426974831
0.00017937925795991156
0.00000046632513440934
0.00110020227262405680
0.00000040148009372083
0.01232256756503600806
0.00000383525586176065
0.04125016025435889840
0.00007083840591594628
2.00000000000000000000
0.00000000000002326080
0.00845039556252404480
0.00000063382257036362
0.00052570271720225200
0.00000002376254387133
0.00013729015806750720
0.00000164927774202802
0.01539304552783749020
0.00000160748911102261
0.00252665662253640160
0.00000583581243885913
0.00588042269427069204
0.00000468756499502735
0.00000000000000005658
0.00000000000041947261
0.00000000000000000414
0.00000000000000364529
0.00000000000000000197
0.00000000000000197438
0.00000000000000003170
0.00000000000003170869
0.00000000000000011199
0.00000000000302679949
0.00000000000001164740
0.00000000002185260976
0.00000000000002621291
0.00000000000056329383
0.00000000000000012326
0.00000000000006630805
0.00000000000000462358
0.00000000000031691644
0.00000000000000000408
0.00000000000001376090
0.00000000000000008048
0.00000000000000294135
0.00000000000000022152
0.00000000000004162682
0.00000000000000007386
0.00000000000022667612
0.00000000000000071512
0.00000000000052083990
0.00000000000000154009
0.00000000000023290548
0.00000000000000075818
0.00000000000236203045
0.00000000000001385374
2.00000000000000000000
0.00000000000000122338
0.00000000000006476570
0.00000000000000023262
0.00000000000004991291
0.00000000000000010611
0.00000000000127982624
0.00000000000000019860
0.00000000000001595843
0.00000000000000298742
0.00000000000256883225
0.00000000000000003182
0.00000000000003615414
0.00000664510688800022
0.00000012564953111586
0.00000224960766671576
0.00000002695092386326
0.00000633436362573199
0.00000000633436362573
0.00025023225695838080
0.00000025023225695838
0.00008642420750460681
0.00006877018590692032
0.00000065634047127388
0.00000000103895551742
0.00001817565263799476
0.00000011788645813947
0.00017909374390892262
0.00000004325449426948
0.00290451507745535606
0.00000154839844756661
0.00007908116748627276
0.00000000831664656283
0.00008404380432491656
0.00000000924400817292
0.00020078440461771924
0.00000005435009248876
0.00005896083031791640
0.00000002995537516004
0.00105654642265173226
0.00000034660546491782
0.00040317300201845312
0.00000006109172894460
0.05748207597696186604
0.00001261479756736464
0.00998752807717217280
0.00000000000000242774
2.00000000000000000000
0.00000049566512451848
0.00099202838304618224
0.00000002162855280715
0.00071987350810668224
0.00000335165527326828
0.00188911253116909366
0.00000009336802269714
0.00000943891589497502
0.00000000080259177846
0.00090055343857304224
0.00000858742666264791
0.00000037372399998080
0.00031643323300005396
0.00000008782266654191
0.00002538340875588351
0.00000003283297060627
0.00003283297060627551
0.00000110138389253606
0.00110138389253606960
0.00015440552966716796
0.00129664645836888160
0.00000001104243207518
0.00000379387578261405
0.00000000125642242134
0.00000558269247104671
0.00000001738701613780
0.00002345115146776197
0.00000033440421303332
0.00867951038537550080
0.00000007992544923874
0.00003733935061366289
0.00000002536489113739
0.00001731527758153790
0.00000015583085259873
0.00050825484827871320
0.00000002688412135109
0.00037282639383117280
0.00000020618140744856
0.00096236243444541706
0.00001803325813558478
0.00357790497837175386
0.00000104897438459159
0.00073026987687516698
0.00000065259609974020
0.00000000000011196426
0.00000043180151492158
2.00000000000000000000
0.00000109507935116503
0.00013859620991167762
0.00001496740713444221
0.00004186338719687282
0.00000000395169116134
0.00003599580820756282
0.00000000201515398148
0.00007640183020576440
0.00000000516869430210
0.00032362182454859840
0.00030964082016359276
0.00000036932334830111
0.00061111212148522586
0.00000001447519304987
0.00559032628098247208
0.00000559032628098247
0.12843732412729904042
0.00012843732412729904
0.00037425447031630904
0.00000024600421241720
0.00001074075706312205
0.00000000588975401757
0.00000001349817540790
0.00000003474796895702
0.00003308560410814068
0.00000000882659655534
0.00023199956608137520
0.00000058449711572639
0.00067299972753343760
0.00000029459844922443
0.00004609689382830380
0.00000004063866577507
0.00015047587077357950
0.00000027320315540023
0.00036043064336920058
0.00000016827519489701
0.00096111283341287040
0.00004507094832505424
0.01603340296427372062
0.00000105085408955049
0.00028419163261112076
0.00000026394644691244
0.00029008139370024900
0.00000000000000021551
0.00046315118019704360
0.00000058687886260117
2.00000000000000000000
0.00000051201451702067
0.00010283660167287476
0.00000005572486056918
0.00000175431043108113
0.00000003638541066699
0.00000190334144896278
0.00000003443826679154
0.00000421485714629352
0.00000006766257541977
0.00000006926598783826
0.00004562191124327826
0.00000036093839192335
0.00002872763726441505
0.00000027111195193015
0.00027111195193015818
0.00000737010224381567
0.00737010224381567528
0.00000072753152750151
0.00017183458068785290
0.00000001545630551810
0.00000447723566381844
0.00000000060992497770
0.00003262393083541326
0.00000003614680284134
0.00001120792799003327
0.00000008013006394781
0.00165436121956249002
0.00003383015158763532
0.00006897245042380469
0.00000030040874396172
0.00000025698869938504
0.00000007416062926441
0.00013968524868038642
0.00000006964899521175
0.00072178490661820816
0.00000259045250784212
0.00370657547498983124
0.00000183410986883782
0.00253619951142512960
0.00000057568791433762
0.00033873107120196298
0.00000005909900021055
0.00000000000020842877
0.00000004551281407698
0.00033478175580744338
0.00000230775566238692
2.00000000000000000000
0.00000234547894411512
0.00000339627338434138
0.00000000514436306972
0.00004296670988714911
0.00000000362961004600
0.00007959419493171014
0.00000000183114695857
0.00016336160533642924
0.00006677130859795261
0.00000018280686556805
0.00007272804970954014
0.00000008125447378590
0.00006494063468016924
0.00000006494063468016
0.00015497210181956402
0.00000015497210181956
0.02097988812296818884
0.00000008064673245986
0.00000250224165821815
0.00000000444386107809
0.00000033305739804925
0.00000000028231122306
0.00001667570101664179
0.00000000596481451520
0.00018401454281036344
0.00011420615143026544
0.00087792833079897706
0.00000000896190377389
0.00049353874324088986
0.00000000385092543688
0.00000394121666231278
0.00000019216692701026
0.00001346257959122712
0.00000008707032720389
0.00165205312830292128
0.00000063413372651856
0.00105348780800186640
0.00000345635975746491
0.00029153934943494300
0.00000087168393337951
0.00015483561062811090
0.00000000000000020094
0.00068692079382559552
0.00001639461584408928
0.00021018393143144104
0.00000106359376432702
2.00000000000000000000
0.00000032007607991961
0.00001487000475226105
0.00000000980144516600
0.00000072753816383645
0.00000000481329256703
0.00000318942323179675
0.00000077664582475278
0.00000003966672257694
0.00011285815270571050
0.00000000962843110945
0.00001206973964322631
0.00000000077843605834
0.00000077843605834729
0.00000003921496361733
0.00003921496361733844
0.00000034104607824879
0.00224642250246422560
0.00000002972701924530
0.00002424074252862033
0.00000000306575787315
0.00028810776041521112
0.00000039098860519413
0.00005788385171303790
0.00004106829962070637
0.00017873740129666840
0.00000000503588232378
0.00000660318095050721
0.00000001334362358465
0.00000000112839120227
0.00000000535407580907
0.00002027551080218340
0.00000000235103409801
0.00006056587016707398
0.00000052468203288159
0.00009180628377471102
0.00000029750709309560
0.00066479406118223552
0.00000245667529436896
0.00093236351680833680
0.00000195423022247970
0.00000000000254618826
0.00000336016262514625
0.00004817697399635562
0.00000011966062486915
0.00000161807022752698
0.00000033628206126143
2.00000000000000000000
0.00000013482183597901
0.00022347360033204924
0.00000003763952922531
0.00008918552966053735
0.00000001194793985477
0.14973081348708712400
0.00001296617492587929
0.00000002345601715770
0.00000130453223338402
0.00000000601607838449
0.00000010983369542875
0.00000000010983369542
0.00000002881921929522
0.00000000002881921929
0.00000852336212161393
0.00000080999104137253
0.00212760765041876000
0.00000164675059773897
0.00127258473518103562
0.00002031593550593071
0.02708892233084615248
0.00015524262265841796
0.00040111898404611818
0.00000002593820220075
0.00000096505657837610
0.00000000087320838093
0.00000109294026596684
0.00000000091070570926
0.00000137585450618442
0.00000000029920581211
0.00000179633789540173
0.00000003053443711705
0.00004995683428987151
0.00000007828107832338
0.00005913423512192305
0.00000020010077966918
0.00410994097131246804
0.00000033952568021199
0.01957093020975830408
0.00000000000000042397
0.00203218746741078484
0.00000000487970015310
0.00000404216193936554
0.00000000262985209440
0.00001676357244165602
0.00000014466558376318
2.00000000000000000000
0.00002792217973127909
0.00048641334886799298
0.00000447796681544525
0.30230031584670200684
0.00000046374001110780
0.00000000791444807826
0.00000648219790189823
0.00000000934534538853
0.00001488524153153263
0.00000000228384774669
0.00000228384774669169
0.00000006038523596441
0.00006038523596441858
0.00000004599849027583
0.00041083977708148906
0.00000510523934408455
0.03085500597405052464
0.00002530788181393972
0.01415344810450980266
0.00011868685717019938
0.02885439510647118084
0.00000049662474322957
0.00019288738133747604
0.00000001351727103571
0.00000006927823038287
0.00000001162894491803
0.00000098285470034748
0.00000001655451752901
0.00001706497967376619
0.00000000306371916258
0.00001506442104757479
0.00000002466102367562
0.00008933315625046545
0.00000013115948532270
0.00015766937613001990
0.00000133185270977683
0.00004276944151465082
0.00000209584881846905
0.00000000000003493491
0.00000010299807299891
0.00004558133785407684
0.00000008597249723159
0.00002252458559794316
0.00000001133106108642
0.00024589868756653984
0.00002863349204126282
2.00000000000000000000
0.00002790071060730908
0.21981099408439356840
0.00000582137153885853
0.00054651994552522960
0.00000005084961942054
0.00000000094438547281
0.00000001522742805785
0.00000000021892126551
0.00000008256530354796
0.00000000008256530354
0.00000268605254979550
0.00000000268605254979
0.00000052307459790497
0.00000000184360646208
0.00625700983016524406
0.00017112391400747380
0.11185031710781552040
0.00002250085550547394
0.01040679584513256420
0.00000647060494585682
0.00000806370431474296
0.00000001115534816035
0.00000052080251137500
0.00000000022329167565
0.00000025698029847349
0.00000000004639188662
0.00000174084442521094
0.00000000102308778229
0.00000044512905433798
0.00000000385016591528
0.00000518019534159880
0.00000000614439784848
0.00004570793278423074
0.00000006260749290875
0.00025162730692687700
0.00000118438342080685
0.00340178161855024448
0.00000000000000675328
0.00001075229936502183
0.00000000263506704145
0.00000464405398298869
0.00000000196486615395
0.00000086852943023602
0.00000004276834660271
0.00051508484991433680
0.00002881134664812695
2.00000000000000000000
0.00000989872559423800
0.00701418485625810188
0.00000005666399190668
0.00000000973092399490
0.00000127205166471477
0.00000002503055663442
0.00003286936865799877
0.00000000418154629977
0.00000418154629977092
0.00000007049332382470
0.00007049332382470049
0.00000006055829547702
0.00044434532810087938
0.00002157491702474150
0.00575829085393805608
0.00002357327006638939
0.30474262103124860688
0.00018711562391500176
0.05287638149838712022
0.00000003983277513459
0.00016040193307911370
0.00000001521682543564
0.00000068186059872969
0.00000002240207087813
0.00000066155705445716
0.00000002016915971143
0.00002062206619622441
0.00000000042874743134
0.00001898965127209478
0.00000001327376942013
0.00041651353236724424
0.00000014640162618990
0.00082906242286929786
0.00000197717962874182
0.00914436007688482020
0.00000764511735291452
0.00000000000565036039
0.00000000088960366408
0.00009720974850111688
0.00000008176067447771
0.00004192538148714574
0.00000000559105346165
0.00009860417397418336
0.00000461399147093277
0.22086165838093872042
0.00000963167700954420
2.00000000000000000000
0.00002641029231462329
0.00055086701787376944
0.00001264515992757798
0.00000001234147578283
0.00000076712359826917
0.00000000070182238799
0.00000029561395219530
0.00000000029561395219
0.00000386181681326631
0.00000000386181681326
0.00000070731630652163
0.00000054493987534440
0.01064926888307880420
0.00001172425420168603
0.00658383011797117068
0.00001190931361400761
0.01843211405633862400
0.00010858543897110898
0.00026260952945164956
0.00000000538176641747
0.00000129163016800712
0.00000000070119547077
0.00000017210451026892
0.00000000069566545108
0.00000044619222952467
0.00000000171329461748
0.00000103077403418494
0.00000001462519993985
0.00001706442839076220
0.00000001320301439802
0.00000570975886520411
0.00000021248780159246
0.00156236421993028628
0.00000043144621624023
0.00831038929914066984
0.00000000000000007552
0.00107681559864482784
0.00000000709442002242
0.00001079483558163596
0.00000000104051614079
0.00000399662619847150
0.00000001425029726681
0.33601952249391258860
0.00000630995452866213
0.00736257658765581068
0.00002849070532858514
2.00000000000000000000
0.00000008105426015830
0.00000006806834922955
0.00013403690862544610
0.00000001200761772547
0.00031816285965791804
0.00000001882143020491
0.00001882143020491350
0.00000016865004235549
0.00016865004235549278
0.00000164640230748828
0.00498051105417599528
0.00000025956711822422
0.00019855156350439552
0.00000003515881893295
0.00115209582105072426
0.00000128762703315684
0.00004946712853965742
0.00008886168667584931
0.00081972631079784154
0.00000000619493514827
0.00004144955699908291
0.00000007589393205116
0.00000524440962236558
0.00000001191930618071
0.00033463801401594780
0.00000000199618170064
0.00145702921619116308
0.00000552068537094269
0.00101417551571735386
0.00000278692425456833
0.00267268799790732984
0.00000049360617304133
0.00442006516161465600
0.00000812995589038117
0.00000000000010528260
0.00001260152059461570
0.00054513229986190800
0.00000021267172783307
0.00011392097078364604
0.00000119435230636008
0.21916446693448858060
0.00000063259905757652
0.00072700097087025760
0.00000007299411509168
0.00072929767084928026
0.00000009947270066779
2.00000000000000000000
