13
23
100.0
8.0
0.00001000000000000000
10.00000000000000000406
10.00000000000000000406
10.00000000000000000406
10.00000000000000000406
10.00000000000000000406
10.00000000000000000406
10.00000000000000000406
10.00000000000000000406
10.00000000000000000406
10.00000000000000000406
10.00000000000000000406
10.00000000000000000406
10.00000000000000000406
10.00000000000000000406
10.00000000000000000406
10.00000000000000000406
10.00000000000000000406
10.00000000000000000406
10.00000000000000000406
10.00000000000000000406
10.00000000000000000406
10.00000000000000000406
10.00000000000000000406
0.50000000000000000000
0.50000000000000000000
0.50000000000000000000
0.50000000000000000000
0.50000000000000000000
0.50000000000000000000
0.50000000000000000000
0.50000000000000000000
0.50000000000000000000
0.50000000000000000000
0.50000000000000000000
0.50000000000000000000
0.50000000000000000000
0.50000000000000000000
0.50000000000000000000
0.50000000000000000000
0.50000000000000000000
0.50000000000000000000
0.50000000000000000000
0.50000000000000000000
0.50000000000000000000
0.50000000000000000000
0.50000000000000000000
0.50000000000000000000
0.50000000000000000000
0.50000000000000000000
0.10000000000000000000
0.00012338326851072372
0.00016249069538474784
0.00875940065512747204
0.00001192745203635272
0.00000696068941204547
0.00001655625832704453
0.00000610920189016975
0.00000017935710808866
0.00001649027670157869
0.00000024099150483470
0.00000071795820945892
0.00002767890161742645
0.00010718789703655972
0.00000762308602575514
0.00005452350570737076
0.00000798337918263963
0.00000454248188368068
0.00167372513879647488
0.00062525265377526552
0.00002005494665493494
0.00534447311566840000
0.00000112793285396079
0.00000134881297755204
0.00003591887070032343
0.00000075213174328560
0.00000026051120645297
0.00021481064998637338
0.00004701075122774906
0.00001525847070036625
0.00070804594876193184
0.00002352075421220569
0.00000080353315822357
0.00002000029045446729
0.00000190707518804658
0.00000080187709242295
0.00017372813488959280
0.10000000000000000000
0.00002012377032944979
0.00009574565754747178
0.00049499883043242258
0.00000178634765809924
0.00000446846663568689
0.00011062350723210860
0.00000039895311846918
0.00000226303927182694
0.00000153220975123877
0.00000002202061181440
0.00000183994532052737
0.00048573346118931264
0.00000786271137231862
0.00000028821523964114
0.00014681916682194236
0.00000048809285308120
0.00055353300618049120
0.00367507838457028244
0.00006536439402695305
0.00043706562405432864
0.00001467706169569027
0.00000007051300309970
0.00000000046401080721
0.00000629731112049289
0.00000035225086210184
0.00002510417827600559
0.00044958405359292640
0.00000107150000937490
0.00002700357820189509
0.00016272035988741230
0.00000045305500888033
0.00000233872917177183
0.00002487061876373421
0.00000019804910764225
0.00015472227053588722
0.00001360879896477445
0.10000000000000000000
0.00013879443114217828
0.00000000087368468821
0.00049056322460494192
0.00000020150437780173
0.00000003849767798323
0.00002122097578241094
0.00000018735918544751
0.00000002290643288735
0.00000713637740437793
0.00000433345703727496
0.00000950824198127189
0.00189016445248265526
0.00000165929065686308
0.00000002022250193901
0.00004438768406002774
0.00041341774329126808
0.00003298679786134476
0.04944471165245884066
0.00021902284403717312
0.00000017205891320750
0.00004440746290063897
0.00000091328498200610
0.00000000769696134752
0.00001753723183106894
0.00000037800826853472
0.00000023489619267528
0.00003432143288271305
0.00000111384012038086
0.00000029407036242570
0.00008429052664287014
0.00000001017553452508
0.00000002039065079480
0.00001043292062039368
0.01018563952427131206
0.00007907134213826968
0.00016949684520871030
0.10000000000000000000
0.00000116003171921597
0.00000491921341987133
0.00000726502607357814
0.00000280914516438595
0.00000243363546932188
0.00000574875563620484
0.00000037774064333345
0.00000004240344410129
0.00000982059293861262
0.00001181603141295182
0.00000022154451267858
0.00000625963353798656
0.00000077112774483434
0.00000383500841193144
0.00485380441262414180
0.00007775456492688888
0.00013337185712434236
0.00520534232622214180
0.00000035101432415944
0.00000004519119362834
0.00000019417333615709
0.00000003483822449853
0.00000027451157361017
0.00006952134116424598
0.00000323281099408498
0.00000027198761717319
0.00006484070578699531
0.00000397706310750645
0.00000166826904893997
0.00003708000832739300
0.00000072237444697132
0.00000043272089054379
0.00000986807131188022
0.00029085389689632938
0.00000000075912796821
0.00000082535455834522
0.10000000000000000000
0.00000444031408083096
0.00012842490113502210
0.00299393913012187564
0.00000851133652643253
0.00011534111234387816
0.00081554317614986480
0.00000033239835591414
0.00000299245425713812
0.00012588027452977316
0.00000422173581382116
0.00005266369820935406
0.00175536628370870624
0.00000312548778915664
0.00002031429460661786
0.00014871887235625878
0.00000015752715314348
0.00000727192584769632
0.00014295705237314872
0.00000007943013330038
0.00001190058674001848
0.00025117854285413924
0.00000429148088964370
0.00006806002613329682
0.00251283273465917568
0.00000631270163588390
0.00021005479316370940
0.00488773819861188984
0.00001401181401708148
0.00006725667762019884
0.00321396062224264184
0.00000295310455518457
0.00000306857738663957
0.00000055928983093724
0.00022712005232273738
0.00000186494736239666
0.00000236599550118856
0.10000000000000000000
0.00023221193805767032
0.00001391159113056892
0.00528654508599794980
0.00000543652677897493
0.00000510342928215149
0.00006769273007235098
0.00001006968599217966
0.00000181276810290862
0.00042699721662408058
0.00000862058661308255
0.00000335329355039265
0.00185534019375700640
0.00000271258260304076
0.00000030759592132060
0.00049516786479158112
0.00000178106156660383
0.00000022929523064781
0.00014331684967951650
0.00000137794421248125
0.00000001616689420622
0.00123672067413522762
0.00049812193317883352
0.00000407385099336940
0.00619502809253427042
0.00026009876571653516
0.00000402729079135111
0.00314024069595751242
0.00007765200236262285
0.00000003853158636163
0.00077724864270227904
0.00000485568889960888
0.00000093075053212995
0.00000006206529344634
0.00000183236474168572
0.00004552535065241734
0.00015448573330304684
0.10000000000000000000
0.00006189894974415039
0.00001320049366587586
0.00464988745028653922
0.00004693721771159470
0.00000089673018335096
0.00010237434111084900
0.00000019797190601356
0.00000562379351024261
0.00019710678882985984
0.00000658741326958875
0.00001278513634159265
0.00002455973868202193
0.00000013023510234387
0.00000024243704785994
0.00000068662770559252
0.00000223429476163409
0.00000006623435138541
0.00005052481200962157
0.00000232352388202713
0.00000129710838380568
0.00001389487779759831
0.00002796417920491824
0.00006131653265704774
0.00050285953577298192
0.00002093842934266078
0.00043883238930374498
0.00035504608020032720
0.00001344612195710635
0.00005441492968290741
0.00000390324994215313
0.00005019672941497598
0.00000002583164640463
0.00000154348408565196
0.00231206612364240160
0.00002016201182445016
0.00013484551455025138
0.10000000000000000000
0.00000394193882921737
0.00025030907377991176
0.00302348940553909406
0.00000015021631272754
0.00003619544772447457
0.00002037203057669069
0.00000037128523216775
0.00003278349474305525
0.00019344574213205312
0.00000395882435966496
0.00001169599137116772
0.00010679716668282274
0.00000005149275799647
0.00000013881553238285
0.00028879888038094760
0.00000076865648295738
0.00000461368704362722
0.00007547875297176988
0.00000121157121819924
0.00001199434845178617
0.00019122668270066418
0.00000206418191233205
0.00002944553837526711
0.00885709463753816420
0.00002223947969634307
0.00034963618738355220
0.00223744742851795126
0.00002703116032365005
0.00000018429507688343
0.00000029114083210027
0.00002290003563254115
0.00000215048667954702
0.00001057081087729011
0.01232202986683272006
0.00004624839378477496
0.00000633961869256507
0.10000000000000000000
0.00008938334238319685
0.00000840626305366028
0.00004771623188277011
0.00000794270810494243
0.00000057172626785504
0.00094480754905265866
0.00003197305449078049
0.00000215623205864500
0.00094390779213754080
0.00000296867722481241
0.00000023814954143369
0.00003623366167302657
0.00001078264560604531
0.00000030346451001854
0.00007158854948614150
0.00000173983594861298
0.00000034842748051433
0.00109268550482807744
0.00000943246832605957
0.00000117644772300015
0.00745859316768232588
0.00006312591771988652
0.00001309930101529314
0.00807553461073517864
0.00022881605594429538
0.00000034127795006752
0.00283859092231623520
0.00001433802171798008
0.00000139746035176043
0.00000017108500535041
0.00000429854253451738
0.00012121624482326992
0.00001072254797504714
0.01378526349982541226
0.00034064027881269724
0.00007563498764376998
0.10000000000000000000
0.00051803237633389626
0.00000280248734613932
0.00010362186289315624
0.00000345692669552987
0.00000872483859546680
0.00064001255527159720
0.00000474106188219816
0.00002225889803991431
0.00000059487297771263
0.00000394938986744830
0.00000025033029896826
0.00009348247892206094
0.00000032759624565744
0.00000418678053896409
0.00005664196736780069
0.00000030816254607130
0.00017011987431246064
0.00004668926993209980
0.00008461046969793722
0.00008280163977285950
0.00112482213770726560
0.00004201179618379214
0.00067525816869509080
0.00266131441976309568
0.00021234168059354180
0.00007473142720292382
0.00000012636029533538
0.00000057057565081280
0.00000001261368640950
0.00000017032904193179
0.00051685801636080560
0.00000606996484018886
0.00008391461013336935
0.00248127823105079648
0.00000428959937802915
0.00031239531438768140
0.10000000000000000000
0.00000008294760864322
0.00000237740043960434
0.00001835183551080082
0.00000069873978392336
0.00000977066093634115
0.00084317559494305482
0.00000076803496097508
0.00000038660859127245
0.00001171150669078715
0.00000003916694259479
0.00000005869940933102
0.00004873153254514999
0.00000013410468079081
0.00000324422240688643
0.00000760056487484251
0.00000067369900377093
0.00000672472296500667
0.00045878523033894760
0.00000629538247183824
0.00001309673501067684
0.00109844726848245984
0.00000218979072072825
0.00021269605447581764
0.00580188246853662662
0.00000069166406727083
0.00000093743711741957
0.00000002042012866528
0.00000978580271833371
0.00000004761351031281
0.00000052458666427534
0.00020049344800850940
0.00000399223508967524
0.00000030698573300693
0.00006063368717037434
0.00000420848078787624
0.00000020655606462516
0.10000000000000000000
0.00036910753767267658
0.00000018128464668132
0.00008157307238068694
0.00005500704452869863
0.00000080869158635808
0.00014071829297291824
0.00000052587225801761
0.00000026303012085474
0.00000693890688377747
0.00000452648021554054
0.00000544328595377275
0.00380894206982890182
0.00058720982144418352
0.00002285190198243335
0.00002307780118963484
0.00000365983140805670
0.00000135361017258570
0.00049067422985203680
0.00002236723636180926
0.00000149726221235388
0.00038634648146898024
0.00000962680857776864
0.00000012139692022112
0.00000630360934618696
0.00002918138853943996
0.00000137767929532534
0.00000479807755564474
0.00000890391284618336
0.00000381329163816876
0.00002408175893327369
0.00036800994980762600
0.00005972678935802774
0.00000814949246362530
0.00012564557724464072
0.00000478024923938598
0.00029803484010351072
0.10000000000000000000
0.00001200178839923544
0.00004454991358557087
0.00211500696384711402
0.00002308554294305029
0.00000749566412934204
0.00001341606497849636
0.00001868980597200483
0.00000291112656370958
0.00030147839916416096
0.00003340898598188079
0.00017219252263832724
0.00270840865661330442
0.00006835143164760190
0.00002050099929162713
0.00032617346149111804
0.00001605206514312698
0.00003789395554515563
0.00159667574858827008
0.00000396147356026769
0.00003668046805195451
0.00039819672759091912
0.00000369274023943860
0.00000987540944822470
0.00127857557027848042
0.00411495213174415926
0.00011911228191262420
0.00012120997952025680
0.00181490431271279242
0.00004904989456029402
0.00000805184778270198
0.00038034094969286058
0.00000663702810726130
0.00004742523933284232
0.00041749498298586240
0.00000165614629268103
0.00013579054024505232
2.00000000000000000000
0.00000422095345970553
0.00006494020711822976
0.00165091069344139648
0.00000143988502237835
0.00009433743563115332
0.04906015164284064004
0.00018618830401193048
0.00124942422038702784
0.00204747065797446282
0.00000385402733331939
0.00001949337472777669
0.00024890181233816176
0.00000527320052384717
0.00102045030674384624
0.00576886120714632408
0.00005732471792878538
0.00075798036127821088
0.00616793173052400582
0.00000558845451733835
0.00011446369202632270
0.00091506750711093600
0.00000243146532017571
0.00011396925641264844
0.00008348632445093436
0.02967783066661149802
0.00000284841970121058
0.00007628925015242749
0.01448095198932290028
0.00028668013496852976
0.00000868805747008482
0.01374691057384451624
0.00015002132768330256
0.00001992340055895643
0.00093402980425348224
0.00063175204853410792
0.00000529037924519554
2.00000000000000000000
0.00340437050631577442
0.00003365785028749588
0.00247448494428400246
0.00137528446880049568
0.00021749951220288520
0.00967313095085529868
0.00116390617668926282
0.00003464821353719249
0.00708489203446839466
0.00010896706206054900
0.00000227286099176418
0.00834639593130446180
0.00269992966270101002
0.00010469236035197282
0.01810071578487962442
0.00063944313510307824
0.00001238180706769133
0.00828487975596607684
0.00062169827424595992
0.00000333981714649563
0.00121133019373715040
0.00054756465084081720
0.00000205567609726566
0.00001750047218404126
0.00005406131802087426
0.00063926125714880080
0.00019638288096047256
0.00674939047619187122
0.00051530575759210666
0.00031249323382452796
0.00739228725187969448
0.00018714002169070896
0.00042308435254377058
0.02014681192399980484
0.00005467447850217724
0.00228681776321287444
2.00000000000000000000
0.00599905264848930582
0.00156214949267046506
0.00045042105960547786
0.00020778472535481264
0.00000406565583839685
0.00058857884581825880
0.00095018211681792026
0.00020126392897762000
0.00767551425615167842
0.00016839778162717536
0.00014844865560548098
0.00626379569470427844
0.00204796977007288768
0.00206548511209065380
0.04024707830450872020
0.00204345287630406240
0.00071809212591923306
0.00400372030963110668
0.00080368466489426426
0.00020058263842480664
0.00009113255671909140
0.00119029789661749226
0.00000024243613420207
0.00000757005815219503
0.02421976635430078404
0.00008683074885806852
0.00025639706393386276
0.00345624155812531766
0.00002395450246546769
0.00006224452117353176
0.01835675562302866020
0.00000707011930875030
0.00024995958174370304
0.00157990046239768404
0.00002569900315263364
0.00681895522984367842
2.00000000000000000000
0.00042091547747590506
0.00034196710027445898
0.01041967060625006248
0.00000071009376354141
0.00007032772188058180
0.00347669919352196766
0.00000227506526235759
0.00013379932871346742
0.00116508453905834224
0.00003787749491121120
0.00105460647631463882
0.00839129532588048268
0.00011748875915103220
0.00006827295200189201
0.04885603684876993842
0.00002938666343692050
0.00030121229959424592
0.00824944075677348804
0.00000628162332027273
0.00011416684783545960
0.00000871235109496393
0.00117161509852926368
0.00008288944208836780
0.00009494673007409518
0.10577560915840500202
0.00109562897762182000
0.00015572959558788964
0.02308773008540538026
0.00064341202836880480
0.00003681449921865442
0.00270865931817954324
0.00017868982496265516
0.00000303384905215444
0.00415982181488293524
0.00390946893769624960
0.00092673358987864842
2.00000000000000000000
0.00035863224215937898
0.00001424454284243239
0.00206210459272558646
0.00001369677681513465
0.00000501774148871098
0.00025256729346688456
0.00033744330228662098
0.00001073398187748658
0.03377040166178875622
0.00159743765529599402
0.00001015949910120416
0.03931845961836805662
0.00011556204323508790
0.00006460772993722735
0.02122381375088267620
0.00023972416887750920
0.00003410232304104382
0.01698120616003847248
0.05033158784939528082
0.01182186861300792420
0.01305633460984701068
0.12552344613392764848
0.00073836931237592954
0.00018503532199290896
0.00251820785390677046
0.00055049280518562418
0.00008688090418168389
0.00002057403351952395
0.00002217272622031015
0.00001211138399014226
0.00038267011283646960
0.00023782631538584592
0.00276625452285280448
0.00134872543824873680
0.00090085319039759626
0.00042910049701101240
2.00000000000000000000
0.00524833923608327606
0.00139930089984259168
0.09527308182249518486
0.00000240034504919389
0.00002245849158995412
0.00004934641231044434
0.00000903393878851547
0.00005868378593593042
0.02717336511122324480
0.00059018200054557560
0.00007960303121082225
0.00979190685672675200
0.00079428181803352256
0.00024168698848868440
0.00412584010826236984
0.00009276597237723602
0.00019782649668998696
0.00830184689327476480
0.03465547821059744448
0.00045997582007501378
0.00088783274955943424
0.00238671553151009962
0.00000926434936052175
0.00000589601489018368
0.00221940736312634964
0.00000307732797176114
0.00006030980061748012
0.00029656715303848800
0.00000267474066830483
0.00023537854159502456
0.05460940070128647248
0.00019316149999225996
0.00027471423428280240
0.01211954647994709222
0.00000752524918466867
0.00231731238182342006
2.00000000000000000000
0.00006355846976992570
0.00316953208247558602
0.00160235243253263702
0.00000226135864331580
0.00002527837687590420
0.00143809131958442000
0.00000192342923122251
0.00008509737248073260
0.02101223491545894084
0.00000429219607059035
0.00029522416777352056
0.00610343857083610240
0.00001519368247303623
0.00000038195306601003
0.00015355146117010976
0.00000800551673809294
0.00020330347631595124
0.00047059861709762112
0.52640354999686240062
0.00116271581963116202
0.00000193016358404394
0.01138651759288080000
0.00000837979936707164
0.00000081701035850900
0.00035747063959919800
0.00000291860566321798
0.00000075724090596724
0.00005387302644456719
0.00002799157140036746
0.00015823226248751622
0.00655893711097055528
0.00000410395201732932
0.00000063059742755450
0.00083173921239306208
0.00047171307534988560
0.00004852634151185961
2.00000000000000000000
0.00001890660295195418
0.00000148414556966314
0.00054872143748089818
0.00002554243716172369
0.00000000063099864684
0.00010180482276762902
0.00008660405372495151
0.00000292922310079805
0.00058010635954385080
0.00007313294212295674
0.00001390368986530078
0.00158489112195174208
0.00000861568633724159
0.00000068703041604751
0.00003555271311939309
0.04263579194213744840
0.00247629397478359200
0.00183499345145811562
0.03571123113329506022
0.00007011876829941382
0.00003223024042458329
0.00001867678420192496
0.00000173326758871033
0.00008371429569719451
0.00085770583949167754
0.00000089308803266394
0.00002765585467985804
0.00228122717724378208
0.00083560052915924080
0.00062105564902265824
0.00046754396424047072
0.00004914837799356129
0.00000434751421042051
0.02527453409411634468
0.00190434405129082048
0.00001487851707434626
2.00000000000000000000
0.00006570892541394382
0.00005704722781035652
0.00131014706082893104
0.00002431594270598788
0.00001679977982757446
0.00002244523288559776
0.00011684134172474120
0.00004414688344816147
0.00080663015912097360
0.00002738646924883344
0.00004747917311301762
0.00006795989919813162
0.00001724078168239163
0.00000879269566337917
0.00001451723065310798
0.00013416083843708030
0.00000232569828650714
0.00000388518281415350
0.00222393205517449364
0.00000669438564636742
0.00009805107005892068
0.00581773789228121060
0.00000380113502545309
0.00000484928998409372
0.00119619422437158986
0.00005365605032464338
0.00040785587586475576
0.00220921287316195284
0.00002982802398036617
0.00121774330633250800
0.00391995290881781062
0.00000256957919248302
0.00000102734831680386
0.00155324297589033002
0.00000188431600355609
0.00010601210492132576
2.00000000000000000000
0.00124347315981093786
0.00228418794495581440
0.84515383045517888040
0.00008533265134017211
0.00016126283053771330
0.04291209656222710402
0.00001559079798322541
0.00073484728849943456
0.00071215850591616312
0.00003482726717359514
0.00027847590026445160
0.00295810859847467402
0.00000059678094161547
0.00003269948894621589
0.00000121407231097405
0.00113063092019131840
0.00000094216969514106
0.00000232750123606784
0.00788136894140502568
0.00000547499664203063
0.00002916618588151651
0.00168903111898276842
0.00011673689437489930
0.00000620046510027196
0.07072136223291815286
0.00395955533656001600
0.00000783291417570711
0.01148855934251602020
0.00048585149593666098
0.00000483165917246713
0.00024362369924017600
0.00001810561664343458
0.00000412894881148894
0.00131225387318802848
0.00017336217092419144
0.00234220613727925786
2.00000000000000000000
0.01373700381666994402
0.00048517783130882312
0.00244523879960671040
0.00083247556885230186
0.00002795043373403568
0.01051765260153433600
0.00034329094521522178
0.00000991115352045013
0.00188978502657963808
0.00040480815792702464
0.00000828385369376777
0.00283760967930465044
0.00072640969975343616
0.00000000666458590423
0.00001939728488509581
0.00000337702785220365
0.00029089933905923740
0.00006321290825090832
0.00348397481689055040
0.00014603777529275922
0.00003424302474910167
0.00131745563519933600
0.00012512978017996956
0.00909513798365462400
0.05195364864244301800
0.00003304953402099909
0.00014739994062069536
0.01545663003315753602
0.00023704243406295192
0.00027152696604835258
0.00003318624013891016
0.00003850250352875299
0.00005095631349160890
0.00332131120198918584
0.00358913889863043402
0.01145939660318402244
2.00000000000000000000
0.00623721302084256808
0.00237511047566250560
0.02136939447064545280
0.00131255276247496704
0.00021701304841418620
0.01081262289803357224
0.00070402859111432920
0.00187513484085047840
0.02081531816382846404
0.00016075063903258030
0.00030002266952792240
0.00001509054235516341
0.00008973300140416515
0.00000016218321424997
0.00000060110872691268
0.00609128425400815202
0.00000073578800296797
0.00015895324966746570
0.00237024785512613120
0.00000680343421585760
0.00000711098059018144
0.00029083582524159804
0.00035114808439895112
0.00130077279347729840
0.00041865698120324176
0.00000305019013061858
0.00033643073536028676
0.00204777186695724640
0.00000856889816880818
0.00000602742175784867
0.00217309253204498324
0.00000000124886663969
0.00006115508925816490
1.31748647121562384626
0.00040153430029336872
0.00618788945370494988
2.00000000000000000000
0.00000005555320173530
0.00032932709890792220
0.04615927899293594600
0.00001075772437474119
0.00024802796920807104
0.00220144898481582646
0.00002376637438860481
0.00021786612222441272
0.00070879120076034986
0.00001102691732844509
0.00000391340094215249
0.00000375808080054338
0.00027667164064260620
0.00000354629356241548
0.00007792028234273695
0.04214196009973437808
0.00006643784567505174
0.00002848623143492527
0.01597452582879962442
0.00293914963773904404
0.00001930122802433278
0.00026550908332693156
0.00029210962325993872
0.00000664081787606343
0.00838629284668730564
0.00022205091765837712
0.00004984509020425801
0.02018447021250693662
0.00002931497760887725
0.00000217613067594625
0.00015085961450237872
0.00003163458107706255
0.00009959617152257576
0.00151516518962028788
0.00176422019614961526
0.00000004159356051215
2.00000000000000000000
0.00597443565539629068
0.00004135211910195977
0.00140358404792986800
0.00123375913746292384
0.00000430078142454460
0.02352868718008531204
0.00270759146379814602
0.00000689118636045434
0.00512407733683880320
0.00242451017890825206
0.00020123352119533036
0.00000448069280123863
0.00067479589733350618
0.00092848675663085440
0.01275319625718752000
0.00053472966035502800
0.00021188634989666296
0.00010360922303765444
0.00060607168500347664
0.00014475504259455920
0.00003163634500134882
0.00349188332423709760
0.00096556032312084362
0.00203827960444341440
0.00703970004863664404
0.00104272992935112880
0.00071737347369310192
0.01019894228639907840
0.00007233778015468842
0.00009642355286743344
0.00003175578705074053
0.00014141710769933720
0.00038757028298448560
0.01192618269031842022
0.00018526131420982452
0.00448887131705581608
2.00000000000000000000
0.00780139716533369442
0.00472076947338524580
0.02984736282299305860
0.00305502641255530324
0.00094465501626287520
0.00741798771651125120
0.00013861103519908116
0.00039271428395972408
0.00053333878342322312
0.00362245489942465526
0.00000279870819517112
0.00003154077630741994
0.03445759444809170020
0.00010483982572247804
0.00108173128775861386
0.00339556916717953784
0.00001298923179948159
0.00110399927909967066
0.00992673673542500266
0.00001176133458103999
0.00017273477838784690
0.00548675304566936000
0.00007944454317093911
0.00231354464628152404
0.00833965689320731944
0.00000458597269490024
0.00022265653301974484
0.01795391010280909864
0.00000327819762654043
0.00016616252102502104
0.03782554358119324060
0.00001307992630174247
0.00073631523116300986
0.02610081454221733804
0.00003123027508528979
0.00784169886005479464
2.00000000000000000000
0.00004716310352532769
0.00116962185406817184
0.02809139006518754022
0.00008387527659139289
0.00032922770448722480
0.01071181889321738408
0.00000198899281694515
0.00014725295437394536
0.00000734397689160728
0.00034785166539079792
0.00000225729453619834
0.00007363489496194248
0.13561616669791368088
0.00201763190650313206
0.00003117877819826962
0.07005107215846206424
0.00091903204654115904
0.00011586872568011122
0.00362663024300372580
0.00034686928812267072
0.00004637824212365203
0.01168400849437858404
0.00198483059700828884
0.00009932590449161658
0.01509741863006237024
0.00002554618905868876
0.00000311970396937612
0.00055225205641111378
0.00005340520928459598
0.00001169016989293222
0.00418680372042506660
0.00010355710371901444
0.00000517442970465898
0.00090170296443158426
0.00403643161952898586
0.00004011893630733940
2.00000000000000000000
0.00787475659321343528
0.00005920718198077219
0.01725040709882143684
0.00309083277854935522
0.00002529210988294019
0.01478581856534362442
0.00939969475500051840
0.00025460078459357456
0.00001552926255463540
0.00074026315029514624
0.00337054635150659384
0.00783259687889339462
0.02276199578118240426
0.00061182880972371504
0.00081557681665784624
0.01717413500928673822
0.00033159383693342032
0.00022741633488679256
0.02010536381462675200
0.00084358647883687808
0.00056780255657068840
0.05320286690220359246
0.00007939884638090380
0.00006104086986902314
0.00432277956292404580
0.00029517871610572696
0.00009577277254251064
0.00134232391201752906
0.00075796451503119904
0.00018798596557245476
0.00709781056689648640
0.00016411264132819176
0.00109032195050615648
0.03510670506229403284
0.00136864812892709984
0.01083269307271885864
2.00000000000000000000
0.01127564961530712420
0.00994319223486544000
0.04342275171047696002
0.00073550522554937504
0.00113637548836223280
0.00029645681099637344
0.00145659293348950164
0.00000389257611052689
0.00004310808798109369
0.07446179894590476808
0.00011514321553945252
0.00089984069426096256
0.17472682670297848686
0.00016068049831625784
0.00060900400396229920
0.02640465536650285806
0.00001445323531587680
0.00004735979889142447
0.00651732074981112408
0.00001043848154043040
0.00256462094202489568
0.05394381113667009842
0.00003240021294029491
0.00033291113210474880
0.00579382790146237528
0.00001728689392692297
0.00004326899387000949
0.00069740703584091264
0.00000515282226647859
0.00043877464611785160
0.00138295447616597962
0.00000360852422468523
0.00341159096604038006
0.03120882690385790426
0.00007732707292092955
0.01070531504281286084
2.00000000000000000000
0.00015191752022138080
0.00007597068519281968
0.04363040027375944864
0.00002861783052236621
0.00000460088081240323
0.00000184235887115540
0.00050686419601605504
0.00000821465562657483
0.00009697213193517424
0.04078639239130876064
0.00856736351461860804
0.00019930579113957264
0.04500008371096038400
0.00444678094248904404
0.00002391282537395598
0.00169422529661416022
0.00019921174863415348
0.00000268255261551677
0.00317297386978105044
0.00040941685036497712
0.00001474010786867271
0.00483519283920555840
0.00004601865886545106
0.00000655210803991120
0.00089518607712999760
0.00003407774817636865
0.00001549373227553630
0.00044633439386824360
0.00053089755157408944
0.00000678249033847452
0.00896823419063792268
0.00047922803061074498
0.00004233164745682000
0.01023489802077601606
0.00428855226729149786
0.00006901362723575269
2.00000000000000000000
0.00336862053045326248
0.00000052616402256207
0.04304329457761811206
0.00025666709135959456
0.00002131571636601557
0.00000013714083383528
0.00040922277735708056
0.00104324111792928608
0.00226048547605897568
0.01553566860508934084
0.00702276890660760262
0.00285775662787662180
0.03927975610847959240
0.00520576334819735926
0.00009461788655082648
0.00484701620663235384
0.00012314619134221230
0.00053365017249575904
0.00511618200408892580
0.00033862560244769792
0.00012240492765529824
0.00176071793163220906
0.00000036916856286316
0.00001090687842653894
0.00010932441821680098
0.00027766489309220160
0.00021428605669722020
0.01320863620687621064
0.00013935182456284550
0.00231307165913667968
0.00843435339158146402
0.00037241253079039576
0.00411013783930778240
0.04197579394387126402
0.00007735167825342450
0.00755003208959022406
2.00000000000000000000
0.00008783063654871200
0.00027674033870833324
0.00003317442384122797
0.00030726159252683400
0.00000037251376689139
0.00001080647460965396
0.06757585108658924020
0.00000152043422920012
0.00079752436359891552
0.06091812511186335220
0.00000577761583666244
0.00424824478143165068
0.19248442821024064008
0.00000161733603434835
0.00006092944622879660
0.00133446766745372682
0.00000388598723094804
0.00139209740262594762
0.01257110007915445604
0.00002360330024386084
0.00005366211453629491
0.00020117330492732204
0.00000117893061005401
0.00003759439396006097
0.00399805861281307126
0.00000594399949344502
0.00013827043221289422
0.00061452981759586112
0.00000797997687672097
0.00021363144478330836
0.01642452504828823882
0.00004558979341951359
0.00096376028864384768
0.06021637138263864020
0.00000159852540296232
0.00011905502132495548
2.00000000000000000000
0.00033458947647049418
0.00001451557315949411
0.00000254615820875610
0.00019833892375294536
0.00000673628314483780
0.00006461310401648640
0.03191549098180258022
0.00335858074917473246
0.00076585964463432608
0.05000737412799530604
0.00155585230477988726
0.00002387881096436023
0.00008739220422268408
0.00016956038423722400
0.00000368989331708499
0.00146666872296693782
0.00036154977035975872
0.00000996119575695508
0.01223060978218288806
0.00011908425654301944
0.00001091431731396552
0.00006348568893454054
0.00001995165773437477
0.00000083934555938887
0.00211879924509601888
0.00026854773400915192
0.00000994877410957949
0.00617467527112121522
0.00062984672768131264
0.00000317361048305300
0.02773439815021590408
0.00154951552199366848
0.00004110104845259926
0.13608012743387960026
0.00039035968947946656
0.00034817941097512456
2.00000000000000000000
