26
38
100.0
8.0
0.00100000000000000000
10.00000000000000000406
10.00000000000000000406
10.00000000000000000406
10.00000000000000000406
10.00000000000000000406
10.00000000000000000406
10.00000000000000000406
10.00000000000000000406
10.00000000000000000406
10.00000000000000000406
10.00000000000000000406
10.00000000000000000406
10.00000000000000000406
10.00000000000000000406
10.00000000000000000406
10.00000000000000000406
10.00000000000000000406
10.00000000000000000406
10.00000000000000000406
10.00000000000000000406
10.00000000000000000406
10.00000000000000000406
10.00000000000000000406
10.00000000000000000406
10.00000000000000000406
10.00000000000000000406
10.00000000000000000406
10.00000000000000000406
10.00000000000000000406
10.00000000000000000406
10.00000000000000000406
10.00000000000000000406
10.00000000000000000406
10.00000000000000000406
10.00000000000000000406
10.00000000000000000406
10.00000000000000000406
10.00000000000000000406
0.50000000000000000000
0.50000000000000000000
0.50000000000000000000
0.50000000000000000000
0.50000000000000000000
0.50000000000000000000
0.50000000000000000000
0.50000000000000000000
0.50000000000000000000
0.50000000000000000000
0.50000000000000000000
0.50000000000000000000
0.50000000000000000000
0.50000000000000000000
0.50000000000000000000
0.50000000000000000000
0.50000000000000000000
0.50000000000000000000
0.50000000000000000000
0.50000000000000000000
0.50000000000000000000
0.50000000000000000000
0.50000000000000000000
0.50000000000000000000
0.50000000000000000000
0.50000000000000000000
0.50000000000000000000
0.50000000000000000000
0.50000000000000000000
0.50000000000000000000
0.50000000000000000000
0.50000000000000000000
0.50000000000000000000
0.50000000000000000000
0.50000000000000000000
0.50000000000000000000
0.50000000000000000000
0.50000000000000000000
0.50000000000000000000
0.50000000000000000000
0.50000000000000000000
0.50000000000000000000
0.50000000000000000000
0.50000000000000000000
0.50000000000000000000
0.50000000000000000000
0.50000000000000000000
0.50000000000000000000
0.50000000000000000000
0.50000000000000000000
0.50000000000000000000
0.50000000000000000000
0.10000000000000000000
0.00000050929616873841
0.00048214755896183120
0.00000027210951422754
0.00040631510035377200
0.00000064305567495987
0.00009806428697433806
0.00000038455694794378
0.00005131763738333129
0.00000017024186242443
0.00001646996056941027
0.00000000582681164595
0.00001209208169727801
0.00000002453652916986
0.00006526404176255675
0.00000001631025350153
0.00000028697165245748
0.00000000007527775022
0.00000021172872909714
0.00000000046826937921
0.00000156782820593524
0.00000000009761894964
0.00000014929906085050
0.00000000014929906085
0.00000094273954413754
0.00000000000395491103
0.00105776230405709728
0.00000105776230405709
0.00048810044724963664
0.00000210966978529253
0.00011635277662989444
0.00000010785998489426
0.00036933609388558392
0.00000012126195894197
0.00107113746960973440
0.00000022508357699440
0.00006108260578881972
0.00000034779661988983
0.00070243310925188098
0.00000003269491670650
0.00006062294316335610
0.00000001588732286958
0.00000505617039271770
0.00000000000000000000
0.00000000000000000000
0.00000002667439783898
0.00014489140695971536
0.00000000156111590184
0.00003093657965575049
0.00000000081956688836
0.00000000065535732144
0.00000000027488466848
0.00000034299176658912
0.00000000229217710373
0.00000067449389165083
0.00000000067293556333
0.00000000000000000000
0.00000000031814090092
0.00000025026183145568
0.00000000054620514695
0.00000054543387321916
0.00000000112868626459
0.00000091765366977632
0.00000000296685411731
0.00000132798968363498
0.10000000000000000000
0.00000049810331937205
0.00000392641371134529
0.00000025219388869787
0.00035251179407731880
0.00000102201760601086
0.00018237189414880500
0.00000013605780308658
0.00029352591170989696
0.00000002260297823215
0.00002438903447477004
0.00000006243816234447
0.00005118652443865351
0.00000016657279334257
0.00003465192614811584
0.00000000338040346429
0.00000191874487286148
0.00000000028692887246
0.00000282233279584410
0.00000000366990727045
0.00000093671675126393
0.00000000115595771784
0.00000115595771784159
0.00000000609596813446
0.00000000436197538147
0.00000041404115664957
0.00041404115664957800
0.00000070929760414908
0.00042434909056653656
0.00000002442541556993
0.00044853588341240458
0.00000007296343134689
0.00132371284756195082
0.00000182195337611335
0.00009907871613397548
0.00000054560926186905
0.00011416900525976152
0.00000050513649433161
0.00024069505847499604
0.00000001326117016392
0.00000575504874353540
0.00000004140097283367
0.00000000000000000000
0.00000000000000000000
0.00012801943980112328
0.00000037183937901137
0.00013283851832246000
0.00000014841026829787
0.00000582800304753613
0.00000000000005461735
0.00000089567811519680
0.00000000035698091259
0.00001155107082306872
0.00000000319045858599
0.00000486022394799355
0.00000000000000000000
0.00000384694109364434
0.00000000093002835234
0.00001104519863976209
0.00000000166531374865
0.00000025525596475117
0.00000000313187561676
0.00002068448305910988
0.00072282729165323456
0.00000028638463469581
0.10000000000000000000
0.00000031219803599318
0.00037699247818441944
0.00000098582805274367
0.00003513417266931807
0.00000001416958045494
0.00023152441931923432
0.00000019155070020254
0.00038313946133880432
0.00000001462356184538
0.00002395408227484803
0.00000001145420449321
0.00000391291166983431
0.00000008056629188231
0.00000042327031168700
0.00000000105651221182
0.00000028340107454000
0.00000000048952417626
0.00000095489000429458
0.00000000080917808488
0.00000013462407596405
0.00000000013462407596
0.00000224202143572053
0.00000000001553173666
0.00044391433426223096
0.00000044391433426223
0.00016794160844576524
0.00000032234094293585
0.00330545061774574248
0.00000192983392586161
0.00164253943434468244
0.00000149529387151411
0.00003831113752718430
0.00000001719729795673
0.00004443174716541640
0.00000002062294176190
0.00006405567417111168
0.00000003002356729117
0.00004094184685403590
0.00000000448263970324
0.00005056116910188294
0.00000000000000000000
0.00000000000000000000
0.00000033270604417595
0.00012790883862378504
0.00000003864810526323
0.00002505170105518060
0.00000000390969705940
0.00000000384716764112
0.00000000001459970004
0.00000001807011317124
0.00000000095079927754
0.00000013574976231281
0.00000000115757090239
0.00000000000000000000
0.00000000064789478974
0.00000111179382417545
0.00000000170232259165
0.00000246040905737414
0.00000000137531019393
0.00000013189380545333
0.00000000486439793360
0.00000051531961802072
0.00000285170577218642
0.00000039437424609919
0.10000000000000000000
0.00000016398678127106
0.00047680010139554112
0.00000012324584710046
0.00013467551218574170
0.00000027922828165028
0.00014214052007037878
0.00000028958648502538
0.00005310031467640506
0.00000009233286755612
0.00008355953126530981
0.00000012435268480567
0.00005781016416468996
0.00000000020887880378
0.00000026800031109999
0.00000000004752049989
0.00000009733801771137
0.00000000023519210152
0.00000024551588783869
0.00000000043514179522
0.00000043514179522537
0.00000000051357489632
0.00000000280200775643
0.00000105540048294291
0.00105540048294291168
0.00000040048822216385
0.00206389334783892960
0.00000034711226550498
0.00031074767459069298
0.00000118748431148802
0.00037512829498862746
0.00000010036414309533
0.00046886987444667698
0.00000024300276766655
0.00000426974061586658
0.00000012956837161285
0.00033479723712943144
0.00000000765423008804
0.00001440181127739865
0.00000000458317891998
0.00000000000000000000
0.00000000000000000000
0.00020838868475451348
0.00000062890391108563
0.00003442566758550597
0.00000004096266033907
0.00000608164288973205
0.00000000000231171652
0.00000078342215029733
0.00000000021151325581
0.00000054066783354866
0.00000000035797152450
0.00000112149486405216
0.00000000000000000000
0.00000243883922279345
0.00000000009979846262
0.00000548830256045898
0.00000000316337766942
0.00000070756007320914
0.00000000107886941384
0.00000100539323672557
0.00051445154939374018
0.00000012245930290524
0.00031839015653945872
0.00000010963706709184
0.10000000000000000000
0.00000097036253836000
0.00005196462016495574
0.00000007944317165031
0.00144416730220805046
0.00000074603036519350
0.00229336212489409206
0.00000004607655606865
0.00000114080362216075
0.00000014331457458404
0.00002286231058975350
0.00000000900229378136
0.00000003081265351281
0.00000000034853894630
0.00000013122580011959
0.00000000005923007946
0.00000107660348473637
0.00000000004986142993
0.00000046552569092139
0.00000000046552569092
0.00000008340037337285
0.00000000001045560416
0.00009445829323123278
0.00000009445829323123
0.00028090257642960672
0.00000012452793569190
0.00017005388783159160
0.00000013821868312899
0.00062733156586460240
0.00000006257293807428
0.00011901189390107040
0.00000633399886049465
0.00366458096116142006
0.00000028571292806832
0.00041853971244783640
0.00000020083214769645
0.00000878683087887114
0.00000005283485641942
0.00004453885539963715
0.00000000000000000000
0.00000000000000000000
0.00000000012471179936
0.00001619464530568371
0.00000000151359738361
0.00000608229863077310
0.00000000275385925844
0.00000000522588957339
0.00000000046444285736
0.00000034284442191318
0.00000000054614585123
0.00000009319798388687
0.00000000013931182850
0.00000000000000000000
0.00000000140444673552
0.00000041563477737534
0.00000000691869928317
0.00000767707955682671
0.00000000145636691186
0.00000034043176760722
0.00000000092524122911
0.00000113613069684832
0.00023885210805100258
0.00000116178648949058
0.00044481877400847978
0.00000135404227567367
0.10000000000000000000
0.00000071459615672625
0.00010583893893795116
0.00000046317486035678
0.00171326876808336704
0.00000024401936075340
0.00000347629074867608
0.00000004941261805296
0.00001053894497696898
0.00000003330665757638
0.00000295858112428855
0.00000000021578270627
0.00000031335702882403
0.00000000007941779379
0.00000006338783549010
0.00000000105628704717
0.00000005158181787204
0.00000000042056910536
0.00000042056910536395
0.00000000020854699084
0.00000000868361998032
0.00000081434483648084
0.00081434483648084058
0.00000034353120726110
0.00033498188532959712
0.00000083733464467400
0.00054202833197726578
0.00000013963700112648
0.00123724781097216506
0.00000275327375531526
0.00101627047811357066
0.00000041147881304686
0.00096902004301339306
0.00000020269782424832
0.00001282294280769994
0.00000003644696104841
0.00008812404820632778
0.00000002265368574382
0.00000000000000000000
0.00000000000000000000
0.00001475444347071466
0.00000001572915205079
0.00001351832961273861
0.00000000702147082328
0.00000028731949696884
0.00000000000440250979
0.00000059333835335421
0.00000000059812939550
0.00000182438362796572
0.00000000039378752576
0.00000056213073756119
0.00000000000000000000
0.00000052641849288516
0.00000000072198830553
0.00000164061343048994
0.00000000012770144039
0.00000278598394522139
0.00000000140208109392
0.00000054518422739899
0.00012961095654078416
0.00000051804194591413
0.00003097462111478769
0.00000008601420622474
0.00005424467122102542
0.00000053457888163502
0.10000000000000000000
0.00000191351014238130
0.00061506273716397952
0.00000038072250576172
0.00023944370251582792
0.00000002704595055028
0.00021876457273609280
0.00000006695435484229
0.00002768866162802819
0.00000000875234889776
0.00000051286003899121
0.00000000004534831470
0.00000006958765949662
0.00000000020106718285
0.00000103555775610803
0.00000000005502934465
0.00000041579446822004
0.00000000041579446822
0.00000066758425418774
0.00000000000090053618
0.00042214748970723466
0.00000042214748970723
0.00068873316245886618
0.00000070995451393298
0.00005869221421358240
0.00000011927837266204
0.00073478197901751392
0.00000035573528086475
0.00381956371703241128
0.00000246931437506966
0.00065838525368317898
0.00000000115797062844
0.00021252730646394516
0.00000027120130269006
0.00017982711617203340
0.00000003728408051421
0.00023624315239622516
0.00000000000000000000
0.00000000000000000000
0.00000003094516075641
0.00001175412565127728
0.00000000219651105170
0.00000364659862476099
0.00000000361795215107
0.00000000219476488229
0.00000000104241224327
0.00000033316440925005
0.00000000199538149293
0.00000041480340078755
0.00000000134794714523
0.00000000000000000000
0.00000000139355432225
0.00000079792317661857
0.00000000447194073047
0.00000160667033394863
0.00000000071360677106
0.00000056776047886816
0.00000000191825033090
0.00000051244323202301
0.00009320060166458752
0.00000001259469112894
0.00009476343310754352
0.00000008361037224724
0.00007982719290805748
0.00000192923453241456
0.10000000000000000000
0.00000156129538088301
0.00125388071594257360
0.00000098955015456300
0.00004178829892830707
0.00000018016858175376
0.00000039005310238862
0.00000001761949778231
0.00006439059496405660
0.00000000007783867199
0.00000001929905493493
0.00000000028497210926
0.00000017606249884804
0.00000000093358355198
0.00000030615532516794
0.00000000074284834641
0.00000074284834641520
0.00000000014394450303
0.00000001166885771313
0.00000012276181717970
0.00012276181717970484
0.00000001721420933106
0.00021250710975118212
0.00000005071598605055
0.00000742377974204498
0.00000017924401026585
0.00029917677458210124
0.00000009461015586836
0.00155935257814012640
0.00000032956809001515
0.00112941973183658304
0.00000068932852484823
0.00180539674201269380
0.00000145084581170973
0.00040032196659292224
0.00000006285431432646
0.00000000000000000000
0.00000000000000000000
0.00000110479499349261
0.00000001378374201628
0.00000202474253716442
0.00000002879592559104
0.00000534504268068690
0.00000000000574711830
0.00000182214113746678
0.00000000039556808791
0.00000046560805920793
0.00000000045643311825
0.00000026030772558264
0.00000000000000000000
0.00000067703362031017
0.00000000015596201994
0.00001079418040715960
0.00000000014688025034
0.00000021150265012210
0.00000000040179290814
0.00000225300063218241
0.00005112068582549804
0.00000005197915079734
0.00015384105593476436
0.00000014687790607308
0.00113622936476313200
0.00000026115315584399
0.00046357349146571880
0.00000116715891999887
0.10000000000000000000
0.00000090724155153654
0.00081330966130506586
0.00000004789929433949
0.00014960250898435402
0.00000004395660547535
0.00028122310792389736
0.00000011484980132543
0.00000018009195795060
0.00000000014377100629
0.00000007098337520459
0.00000000005132707185
0.00000008353181212043
0.00000000002731466156
0.00000006839461396539
0.00000000006839461396
0.00000015608153824645
0.00000000000183721186
0.00001754513616506743
0.00000001754513616506
0.00016954024612243550
0.00000002596383693801
0.00002888149170426968
0.00000000517967515619
0.00009456319193172878
0.00000000336917236575
0.00012013287776108798
0.00000011401648918645
0.00082075082815112944
0.00000025994803700613
0.00156201799899033302
0.00000146840189881612
0.00033232794881640976
0.00000007502753898394
0.00021532299906264060
0.00000000000000000000
0.00000000000000000000
0.00000001493303706449
0.00004664912916919091
0.00000001212215582312
0.00001296776893452182
0.00000000509481776191
0.00000000138865189990
0.00000000043521538629
0.00000013137213598792
0.00000000046161986739
0.00000008278146167112
0.00000000106303991803
0.00000000000000000000
0.00000000242604783975
0.00000048381640329860
0.00000000843627305403
0.00000126707708111857
0.00000000045359678874
0.00000032073542151636
0.00000000024034694191
0.00000025677596227099
0.00016978923719311284
0.00000019271573605103
0.00011320691473793888
0.00000088871598465170
0.00146262766205832404
0.00000043447592145613
0.00141925073406662000
0.00000137366527027493
0.10000000000000000000
0.00000464586753051099
0.00006183976653376489
0.00000094665401374471
0.00053779148055308426
0.00000002368677278705
0.00005197883743920941
0.00000000047895759722
0.00000100768255370246
0.00000000056372394541
0.00000022466589715284
0.00000000089677060392
0.00000093040904100088
0.00000000007032036642
0.00000007032036642357
0.00000000189285003711
0.00000001349200600951
0.00000005220939298901
0.00005220939298901874
0.00000009282189012498
0.00003196505943715330
0.00000018926367353270
0.00039655604879784072
0.00000021679525102421
0.00046647797772895032
0.00000010481533538078
0.00022588125211876792
0.00000084473929471133
0.00255529302396360320
0.00000016290255358261
0.00050376960586192498
0.00000316153069961324
0.00160855241145537364
0.00000069304626041872
0.00000000000000000000
0.00000000000000000000
0.00001482457316949175
0.00000000587814259953
0.00007044640596653740
0.00000001128670235979
0.00003941467315305549
0.00000000001321668860
0.00001345816742294513
0.00000000006281876381
0.00000434013373324866
0.00000000230358486026
0.00000345894577489778
0.00000000000000000000
0.00000431934793224004
0.00000001114345536914
0.00009199805972209006
0.00000001932859142297
0.00000428861440771140
0.00000000110822985144
0.00000195269073766986
0.00003171943646693479
0.00000001669453312472
0.00049219275698485618
0.00000029449521579021
0.00348838188548604766
0.00000026599744784789
0.00034890362533192058
0.00000143016325368322
0.00157238472751427200
0.00000593214451263895
0.10000000000000000000
0.00000008823692807218
0.00110085781062295562
0.00000003814759901222
0.00005378481380406775
0.00000007203669697004
0.00000005591097769124
0.00000000055003132027
0.00000015096572796335
0.00000000082627299040
0.00000002389831377747
0.00000000187799181928
0.00000197272871117766
0.00000000197272871117
0.00000005791409465781
0.00000000000246268256
0.00000743827448196156
0.00000000743827448196
0.00002746659520620193
0.00000006710023677758
0.00076123881081121504
0.00000059866311486822
0.00001551811382854916
0.00000001005033420899
0.00004132939163013634
0.00000035998251874494
0.00155974899637092244
0.00000049245425366726
0.00184559586765655808
0.00000034979479687530
0.00068647785650030618
0.00000149007749507320
0.00020687271792720000
0.00000000000000000000
0.00000000000000000000
0.00000000303502006688
0.00000082023723357834
0.00000002352976277322
0.00002752820716644766
0.00000000195866954746
0.00000000041969060089
0.00000000105429034240
0.00000065682140354574
0.00000000089739873458
0.00000016876292455941
0.00000000065178105474
0.00000000000000000000
0.00000000066610413725
0.00000200014319403927
0.00000001177549175675
0.00000062275569952273
0.00000000289754867570
0.00000231638646227129
0.00000000298372195611
0.00000001090426170670
0.00001750393137893300
0.00000001825424534492
0.00005247221920652337
0.00000006810261382486
0.00000368215155995487
0.00000003829452574709
0.00005868605009688102
0.00000008998381131957
0.00007672645347401110
0.00000008573985861529
0.10000000000000000000
0.00000024209228182593
0.00127583061794136960
0.00000001080852137443
0.00001602112685577434
0.00000000018759284816
0.00000010702261659742
0.00000000006630598946
0.00000010755960139115
0.00000000060976924423
0.00000007056341200910
0.00000000043377194704
0.00000043377194704010
0.00000000018157051413
0.00000000228269582344
0.00000001536395336651
0.00001536395336651656
0.00000000973519262749
0.00000325799324361921
0.00000000277510175703
0.00000113656236979901
0.00000000339986257761
0.00000167782669920430
0.00000000076223285565
0.00006149197753891151
0.00000035104613781198
0.00009899131861182618
0.00000049795894506795
0.00046482542473754512
0.00000091371968044025
0.00005996691940920032
0.00000262577480652971
0.00000000000000000000
0.00000000000000000000
0.00000649905556218620
0.00000001003935397426
0.00000582614588864741
0.00000000414152574952
0.00000128553701886095
0.00000000000186327329
0.00000122255141628794
0.00000000041566165846
0.00000035565179598874
0.00000000021390326091
0.00000016426955025348
0.00000000000000000000
0.00000151920829662488
0.00000000101211675583
0.00000071550000674762
0.00000000299797654077
0.00000025070322318716
0.00000000016056520077
0.00000062740852440312
0.00001450552441805730
0.00000002872487729715
0.00001916714062552381
0.00000005848651392272
0.00000108084081544446
0.00000003354984420700
0.00019855394190394436
0.00000016219083972002
0.00018015288481269104
0.00000075289712491254
0.00068569453210787058
0.00000015518438483836
0.10000000000000000000
0.00000264018527564744
0.00024609399109524818
0.00000011706046055104
0.00000049667407710902
0.00000000177579774027
0.00000008879187178428
0.00000000018454261470
0.00000320450250527700
0.00000000146974656195
0.00000498851026992912
0.00000000498851026992
0.00000285019602903377
0.00000000001174351784
0.00001557681030807350
0.00000001557681030807
0.00001360633957639161
0.00000004084740551804
0.00002632338340207851
0.00000001274269241078
0.00000053205913105673
0.00000002556110824051
0.00005572835474976005
0.00000009529778259805
0.00050140791773126378
0.00000033288457388976
0.00074596730596672496
0.00000064238871479486
0.00026017391860391832
0.00000107555010399582
0.00060202564343749146
0.00000000000000000000
0.00000000000000000000
0.00000000136438935701
0.00001034176846452120
0.00000000318308523173
0.00010472462693382580
0.00000001269891153313
0.00000000837795134521
0.00000000336511588662
0.00000275892657194559
0.00000000510922380929
0.00000087803928626521
0.00000000046457218655
0.00000000000000000000
0.00000000393625429942
0.00000321654144625859
0.00000000426803508735
0.00000310691450878614
0.00000000694705868583
0.00000318268816098284
0.00000000987831875573
0.00000003008306785400
0.00002406801889671149
0.00000000936740628323
0.00005409685778663569
0.00000013877710900715
0.00000731351930606222
0.00000006210934979063
0.00000035887865710272
0.00000005410072970703
0.00043715445473635744
0.00000002428529030201
0.00083586613007556026
0.00000269842925657746
0.10000000000000000000
0.00000031908720335266
0.00064368092464902704
0.00000000024963066771
0.00000044924669997412
0.00000000043996353609
0.00000195434757723546
0.00000000531605746457
0.00000831031602336888
0.00000001226527314909
0.00001226527314909405
0.00000000456355737307
0.00000000604054322436
0.00000001523748930387
0.00001523748930387780
0.00000000667090899186
0.00001209930457129892
0.00000000782593742602
0.00000582180693039676
0.00000002777953379318
0.00003718858134912750
0.00000002790841322189
0.00003930287996878182
0.00000044086382115957
0.00001025816352401207
0.00000011189638320079
0.00119872128025270720
0.00000000089433221133
0.00039076078258325320
0.00000324269572287302
0.00000000000000000000
0.00000000000000000000
0.00007686663669847388
0.00000002413672144698
0.00051597219092220160
0.00000040780265511935
0.00003024710298399538
0.00000000000687751343
0.00001102041065556959
0.00000000570445030427
0.00000263146899558538
0.00000000486363756122
0.00000045926021718165
0.00000000000000000000
0.00001099390749715657
0.00000006106043234676
0.00001414578348474453
0.00000006356212786943
0.00000263766735096556
0.00000000417205148755
0.00001932383969469464
0.00008877899668793519
0.00000008689925302994
0.00000355043643405996
0.00000008932200927122
0.00002456263023864424
0.00000002564410816387
0.00002849754118184624
0.00000001798641844261
0.00038402301442736424
0.00000002136260238907
0.00003798945233760525
0.00000000785664745591
0.00027906470662801000
0.00000035402722461917
0.10000000000000000000
0.00000567790725701909
0.00000436180509854194
0.00000000271465826150
0.00000553604801133489
0.00000000598684410998
0.00000688284742764865
0.00000000421959843201
0.00000427364021965139
0.00000000427364021965
0.00001028385920803275
0.00000000010789974935
0.00006979481107180089
0.00000006979481107180
0.00014925988781445888
0.00000003067582486891
0.00003465801597001747
0.00000003104954226144
0.00003019375931594244
0.00000001739623534254
0.00003419933553227329
0.00000003356386146073
0.00003287693102877334
0.00000004865301891709
0.00031266179871608938
0.00000023382918509950
0.00014825925564561512
0.00000008790713268534
0.00065654313640473120
0.00000000000000000000
0.00000000000000000000
0.00000070417089733377
0.00146972509018478400
0.00000032073294618682
0.00010555174162560394
0.00000001417819992486
0.00000003116542767047
0.00000002751723958560
0.00000559694488971463
0.00000002628208395485
0.00000826284928633791
0.00000000880779269103
0.00000000000000000000
0.00000000230796573288
0.00000953829269981315
0.00000006947143341324
0.00018347188520689724
0.00000000859620850780
0.00002057116924638391
0.00000003042774708146
0.00000003098972801391
0.00002524992785144074
0.00000010210708066162
0.00005800004185648051
0.00000001350917160192
0.00000318171163984577
0.00000001258203342041
0.00009181093116907732
0.00000021905707471484
0.00006547803107235985
0.00000007106862962672
0.00001626615199248540
0.00000018541075406685
0.00099751330859253680
0.00000793065543156133
0.10000000000000000000
0.00000001170470426718
0.00000769260465553530
0.00000000731434274955
0.00000642930995029142
0.00000001444138049246
0.00000600935436051360
0.00000002645691900913
0.00002645691900913252
0.00000002489327230084
0.00000026719021765960
0.00000002187848846153
0.00002187848846153979
0.00000002049502148245
0.00002610324822574981
0.00000000135566499766
0.00005838986866055316
0.00000011272718912974
0.00002532301659502410
0.00000001749171113723
0.00004818510794236934
0.00000000280943790239
0.00011319908088137210
0.00000052551430767520
0.00003015143175046189
0.00000010180290648263
0.00030679866612022458
0.00000033944980386771
0.00000000000000000000
0.00000000000000000000
0.00023955986231020418
0.00000047054007630614
0.00160027874381561526
0.00000196303410611882
0.00002779120189097498
0.00000000004729839116
0.00000689049393744015
0.00000001754430504279
0.00008755694412296528
0.00000000315651683484
0.00000410985486525135
0.00000000000000000000
0.00006502964143144908
0.00000000727446726663
0.00000302161604321664
0.00000001630804587384
0.00004568004465111554
0.00000006432467477192
0.00013617125278863762
0.00000027971787327000
0.00000000126364611079
0.00000027519748310911
0.00000000010750846017
0.00000002372077109921
0.00000000011904691233
0.00000037822413583436
0.00000000005693660106
0.00000017621607386999
0.00000000030952111547
0.00000002829732626448
0.00000000009770846929
0.00000040357137157040
0.00000000019845870974
0.00000312544030271301
0.00000000600460731224
0.10000000000000000000
0.00000032136472703460
0.00018657171778032658
0.00000001788244292426
0.00016809122680621860
0.00000052634210568486
0.00062286820306519552
0.00000062286820306519
0.00004712034169572926
0.00000000532190620846
0.00000019140694242890
0.00000000019140694242
0.00000078031231645861
0.00000000074481909822
0.00000017018589658772
0.00000000100335432722
0.00000102646774555361
0.00000000037513355747
0.00000017709030396663
0.00000000007498799336
0.00000015073381100966
0.00000000004843042670
0.00000032110433458366
0.00000000010153014179
0.00000029637168130722
0.00000000047144315513
0.00000016975031772695
0.00000000000000000000
0.00000000000000000000
0.00000000022202111837
0.00000211261780750854
0.00000001454610431876
0.00000123648348696578
0.00000000002971908949
0.00000250869370668507
0.00000004864383856389
0.00039107796263807120
0.00000126110352897475
0.00188895696973253204
0.00000016681213977051
0.00000000000000000000
0.00000000136959518414
0.00000001696959344777
0.00000000572653195846
0.00000175751477641911
0.00000006940177283477
0.00002931459111025195
0.00000076898154102695
0.00000000012662556925
0.00000123779213784675
0.00000000118542677260
0.00000023804393929468
0.00000000046304646900
0.00000029834207189302
0.00000000005771452034
0.00000002436159520598
0.00000000024277059023
0.00000112380384986215
0.00000000048040696607
0.00000009619778179561
0.00000000249009500371
0.00000061635465636802
0.00000000335686347337
0.00000681037677798876
0.00000055458965913953
0.10000000000000000000
0.00000107983435495266
0.00039602829648322000
0.00000202288147325744
0.00008261427388985708
0.00000026307305647096
0.00026307305647095996
0.00000070033756844483
0.00001421010814306738
0.00000000082344871381
0.00000082344871381387
0.00000000072312678629
0.00000073934096275449
0.00000000106592413300
0.00000003884004153378
0.00000000078782557168
0.00000022777761705864
0.00000000035290692957
0.00000005221587194814
0.00000000007963429928
0.00000002205680875990
0.00000000122852425138
0.00000078856069378191
0.00000000000820809147
0.00000033584420619007
0.00000000200114093047
0.00000000000000000000
0.00000000000000000000
0.00000170646401490533
0.00000000138178554664
0.00000894085991749732
0.00000000336755419415
0.00000850737251691608
0.00000000477531869390
0.00009218751899553806
0.00000102903910854165
0.00131920355335224784
0.00000508889071329071
0.00027605813329961992
0.00000000000000000000
0.00000576327941392605
0.00000000055902413710
0.00001113847035248078
0.00000001265980601634
0.00018400505850767284
0.00000035229114865830
0.00020344453543644236
0.00000031896608428530
0.00000000016577333545
0.00000028478141224991
0.00000000003780182503
0.00000015613577704794
0.00000000006771779614
0.00000007931696814336
0.00000000032216768308
0.00000010734735403835
0.00000000056304511571
0.00000011808919939503
0.00000000005337675773
0.00000011150788172657
0.00000000054059547507
0.00000613095738357912
0.00000000579939874474
0.00028835620903702352
0.00000096709041079093
0.10000000000000000000
0.00000957429483890291
0.00001919016879782841
0.00000174729388457189
0.00032175633905557152
0.00000032175633905557
0.00129127446139784880
0.00000004785953055010
0.00000022151767050135
0.00000000022151767050
0.00000040585595735339
0.00000000051492046758
0.00000022746453354931
0.00000000048126986673
0.00000015233765966168
0.00000000024402099566
0.00000008591986562151
0.00000000003187323749
0.00000005046035592725
0.00000000008037879123
0.00000082497424140578
0.00000000002622031453
0.00000003777351273754
0.00000000008991452360
0.00000011366821258586
0.00000000000000000000
0.00000000000000000000
0.00000000134984441654
0.00000143623106926690
0.00000000070710876439
0.00000238514660416833
0.00000000293490148446
0.00000727782957480637
0.00000054189509470855
0.00140828794089787626
0.00000007377760958898
0.00004296289692490391
0.00000109718736148306
0.00000000000000000000
0.00000000081567218200
0.00000013782298788199
0.00000000075294986187
0.00000180901133417752
0.00000014602457820147
0.00034810004916368844
0.00000068186525623871
0.00000000066548231251
0.00000153824208008144
0.00000000046404525192
0.00000007304496846427
0.00000000006648161425
0.00000005098788067425
0.00000000021619772007
0.00000018776840607982
0.00000000007322463719
0.00000021168491379971
0.00000000060972136123
0.00000008168167875572
0.00000000021862763931
0.00000226534091153003
0.00000000625464176550
0.00000480892570070956
0.00000002607272272029
0.00033458941341431818
0.00000903197732574894
0.10000000000000000000
0.00000100671303232851
0.00004187074081399285
0.00000052183586742622
0.00052183586742622280
0.00000083957421543279
0.00000015210085387739
0.00000000051511049901
0.00000051511049901757
0.00000000131881137401
0.00000127981363524216
0.00000000012797838647
0.00000120895578882618
0.00000000027281506360
0.00000042402709418193
0.00000000040448927760
0.00000006498277146723
0.00000000019406239045
0.00000015145519718808
0.00000000135602753077
0.00000020306874576948
0.00000000010683683519
0.00000036457486255216
0.00000000039561115472
0.00000000000000000000
0.00000000000000000000
0.00000151720460501316
0.00000000104257289012
0.00003244684963842774
0.00000000147128702787
0.00000711267049089404
0.00000000033951085778
0.00077880038786281600
0.00000223804901106838
0.00080480938411133504
0.00000092142693882499
0.00119637383522197280
0.00000000000000000000
0.00000247073338806778
0.00000000008204593531
0.00000875762220574375
0.00000000204755998130
0.00077949342842161600
0.00000011956203318652
0.00041200961521587098
0.00000180702722647757
0.00000000162217245061
0.00000073411652565965
0.00000000014313834988
0.00000098003252072035
0.00000000068907811681
0.00000090304565578868
0.00000000080748472401
0.00000009664693993771
0.00000000068526662850
0.00000001430212528990
0.00000000037554886315
0.00000307889215111876
0.00000000499743202660
0.00000583173926582006
0.00000000876027783032
0.00019876048627626464
0.00000138605951984265
0.00001468183372828873
0.00000081645293776822
0.10000000000000000000
0.00000077370419238478
0.00007717714820511505
0.00000007717714820511
0.00063189483004443706
0.00000000823116854863
0.00000339132062667505
0.00000000339132062667
0.00000388681253432018
0.00000000484652687539
0.00000249903741942561
0.00000000182654488033
0.00000172466426889017
0.00000000152742798680
0.00000018183263317609
0.00000000014458869486
0.00000009343058781423
0.00000000033558747123
0.00000156522769340299
0.00000000011139849894
0.00000066943048702546
0.00000000091490562071
0.00000032436528712933
0.00000000000000000000
0.00000000000000000000
0.00000000428979253966
0.00000359194518892183
0.00000007183720110805
0.00000237773657997691
0.00000000029724267430
0.00000280540976091383
0.00000064672005740953
0.00000903675731632698
0.00000054745667981757
0.00032936840499881138
0.00000069782725038154
0.00000000000000000000
0.00000000284876734969
0.00000040962436378833
0.00000001692473676526
0.00000743745693487486
0.00000008961167545440
0.00074850843929178954
0.00000176575572733830
0.00000000017537562733
0.00000064538534837642
0.00000000096967154153
0.00000023290658062065
0.00000000007074867643
0.00000005245078977576
0.00000000007479948490
0.00000041275450838569
0.00000000004926073790
0.00000110820734780995
0.00000000175184589446
0.00000006774065520345
0.00000000220112749298
0.00001217709383228738
0.00000000557275515948
0.00000568206068780670
0.00000097011227904320
0.00008823388818751768
0.00000208370554670812
0.00005293037787875382
0.00000120599035486788
0.10000000000000000000
0.00000005174158168478
0.00005174158168478578
0.00000123920188232881
0.00000135407097564342
0.00000000009043104101
0.00000009043104101701
0.00000000021812254303
0.00000014224204754913
0.00000000010232965023
0.00000087387080077106
0.00000000034481753457
0.00000022438679680479
0.00000000000941211788
0.00000011711806377539
0.00000000022742715434
0.00000040979675086788
0.00000000208736532909
0.00000162665871000869
0.00000000004665277611
0.00000226835400117858
0.00000000412866347670
0.00000000000000000000
0.00000000000000000000
0.00000134365577501809
0.00000000454269994050
0.00003710937092186882
0.00000000233850383178
0.00003286249590990650
0.00000000357852418453
0.00091202892730960080
0.00000005096083392979
0.00101555968133179242
0.00000004516816383478
0.00025315514885617404
0.00000000000000000000
0.00000328040863749650
0.00000000029253754375
0.00006556219339068452
0.00000000797061233097
0.00250487896313570586
0.00000039647463439876
0.00068411757328848944
0.00000022141656432567
0.00000000065746204851
0.00000013317453766305
0.00000000034076178280
0.00000054527447513951
0.00000000035302924144
0.00000046655290516100
0.00000000082673836835
0.00000010182277210811
0.00000000006914267112
0.00000151910395213269
0.00000000034375514499
0.00000616724981576891
0.00000001483615159485
0.00000465923614977554
0.00000002065072227855
0.00094769365675504384
0.00000023193944987596
0.00031674912760058176
0.00000054456058041956
0.00009930601068232094
0.00000004271275898753
0.10000000000000000000
0.00010000000000000000
0.00041267178629969120
0.00000002380525732819
0.00000082264212201164
0.00000000082264212201
0.00000289070522276770
0.00000000315556430654
0.00000092584019370097
0.00000000142514389457
0.00000131534635119486
0.00000000011730649609
0.00000001647413626677
0.00000000000680591328
0.00000070977763249888
0.00000000037590383227
0.00000324517399434889
0.00000000178889126924
0.00000022284954547979
0.00000000025124581523
0.00000299735198402108
0.00000000000000000000
0.00000000000000000000
0.00000000065914590342
0.00000769109204621310
0.00000001186522477337
0.00000679754512519262
0.00000000932057748195
0.00001184377567629392
0.00000305474955257137
0.00035864709273142940
0.00000082330757442471
0.00094984000815140906
0.00000299633854127627
0.00000000000000000000
0.00000000375576475612
0.00000064485525030134
0.00000001769663417797
0.00000987522909187653
0.00000158940957891695
0.00060131448985871992
0.00000060035544866954
0.00000000022141656432
0.00000065746204851111
0.00000000013317453766
0.00000034076178280880
0.00000000054527447513
0.00000035302924144957
0.00000000046655290516
0.00000082673836835257
0.00000000010182277210
0.00000006914267112163
0.00000000151910395213
0.00000034375514499378
0.00000000616724981576
0.00001483615159485500
0.00000000465923614977
0.00002065072227855220
0.00000094769365675504
0.00023193944987596098
0.00000031674912760058
0.00054456058041956098
0.00000009930601068232
0.00004271275898753545
0.00010000000000000000
0.10000000000000000000
0.00000041267178629969
0.00002380525732819937
0.00000000082264212201
0.00000082264212201164
0.00000000289070522276
0.00000315556430654762
0.00000000092584019370
0.00000142514389457126
0.00000000131534635119
0.00000011730649609476
0.00000000001647413626
0.00000000680591328666
0.00000000070977763249
0.00000037590383227700
0.00000000324517399434
0.00000178889126924377
0.00000000022284954547
0.00000025124581523331
0.00000000299735198402
0.00000000000000000000
0.00000000000000000000
0.00000065914590342042
0.00000000769109204621
0.00001186522477337338
0.00000000679754512519
0.00000932057748195829
0.00000001184377567629
0.00305474955257137526
0.00000035864709273142
0.00082330757442471658
0.00000094984000815140
0.00299633854127627564
0.00000000000000000000
0.00000375576475612895
0.00000000064485525030
0.00001769663417797827
0.00000000987522909187
0.00158940957891695028
0.00000060131448985871
0.00060035544866954992
0.00000138069356742870
0.00000000342392287229
0.00000219023526980766
0.00000000039716998007
0.00000009646995041984
0.00000000017287404181
0.00000073974292642551
0.00000000015820330880
0.00000022947062352809
0.00000000183795037595
0.00000004404097704822
0.00000000014209723059
0.00000347974921920839
0.00000000545130018750
0.00001107198356927198
0.00000001918803550475
0.00007079992361863686
0.00000060975900321189
0.00125533437865102986
0.00000086521474466036
0.00080294196493721440
0.00000101021202646980
0.00040752787809997538
0.00000040752787809997
0.10000000000000000000
0.00000000916794118153
0.00000021877082848327
0.00000000021877082848
0.00000192851108403292
0.00000000291439046737
0.00000043853616332141
0.00000000301976710709
0.00000446657858817570
0.00000000060809460093
0.00000075496767915637
0.00000000006989726397
0.00000039251106794378
0.00000000064121571980
0.00000078644086742417
0.00000000088472129080
0.00000092729365315665
0.00000000013212766322
0.00000198520230311727
0.00000000000000000000
0.00000000000000000000
0.00000000051152608284
0.00001368666598933546
0.00000000888617706767
0.00001047587284276382
0.00000000407662774741
0.00000270612872075922
0.00000015156502454074
0.00047543731597972680
0.00000141088605527442
0.00001842611695476453
0.00000134059537610555
0.00000000000000000000
0.00000000444506505703
0.00000092657013475824
0.00000000001420767303
0.00000150933774258017
0.00000153696951887155
0.00044213275799535760
0.00000055733198679641
0.00000000000581339982
0.00000000245896525484
0.00000000001522856297
0.00000000217485275055
0.00000000001213839010
0.00000000722461260613
0.00000000000100152962
0.00000001287172400532
0.00000000000271095742
0.00000001314867516933
0.00000000000187961544
0.00000000179298324740
0.00000000001438995130
0.00000000724203261920
0.00000000011659438694
0.00000020670785219102
0.00000000802563623983
0.00001241755458137109
0.00000004669788295422
0.00000015732015616044
0.00000001049756919981
0.00000110789804548310
0.00000002359463823248
0.00002359463823248108
0.00000000920152298720
0.10000000000000000000
0.00000000001934502731
0.00000001934502731965
0.00000000001087389956
0.00000002460678817796
0.00000000001785974271
0.00000000092409831587
0.00000000000403383202
0.00000000284463639057
0.00000000000098391315
0.00000000025379908618
0.00000000000477162778
0.00000000686542650361
0.00000000006045309861
0.00000000612651111418
0.00000000000096109022
0.00000001096880792353
0.00000000000349138554
0.00000000000000000000
0.00000000000000000000
0.00000002372691848064
0.00000000000012186303
0.00000016117289291838
0.00000000001186369044
0.00000001038061352241
0.00000308415788777862
0.00000781573826671694
0.00000000164726329041
0.00001014870811306783
0.00000001462778113213
0.00000377496349512696
0.00000000000000000000
0.00000001068710471686
0.00000000000538319225
0.00000011241270839213
0.00000000001806838656
0.00001321244829245695
0.00000009456194845649
0.00006071489502775656
0.02947200734309959248
0.00000442426214686496
0.00825023331251891142
0.00001552765847354052
0.00207864444116682122
0.00001284252024512775
0.00889928266130603148
0.00000256684615616399
0.00049073649420460192
0.00000096445567122350
0.00010761205569391394
0.00000022874906342073
0.00036179936503714328
0.00000034627891712698
0.00142958011989046602
0.00000032083511235313
0.00000547139535822219
0.00000001363965567069
0.00000409699364544972
0.00000001009906750585
0.00008198308553057165
0.00000000140250382422
0.00001545537482945291
0.00000001545537482945
0.00000416203248176822
0.00000000036668868082
2.00000000000000000000
0.00200000000000000000
0.02421618869743745606
0.00003952712245550069
0.01744866850031724484
0.00000685116051398092
0.00699434349132664262
0.00000049944533014058
0.00739108466037612260
0.00000045506086525281
0.00395296024078493046
0.00000779082937172492
0.00213963693638049248
0.00000058822334413796
0.00011725579807929436
0.00000041732514107384
0.00069802273186124618
0.00000000000000000000
0.00000000000000000000
0.00000513083139066741
0.00237208676729122980
0.00000011678393381701
0.00076861558921595754
0.00000003515152911026
0.00000015851322217834
0.00000003651570763734
0.00001700793073873681
0.00000010469953152175
0.00003133378007569152
0.00000001667508407382
0.00000000000000000000
0.00000003090366600136
0.00005225503444814355
0.00000004139914146161
0.00008761030675293556
0.00000012120622491885
0.00006036798024609578
0.00000005199512325188
0.00002947200734309959
0.00442426214686496986
0.00000825023331251891
0.01552765847354051624
0.00000207864444116682
0.01284252024512776422
0.00000889928266130603
0.00256684615616399444
0.00000049073649420460
0.00096445567122350320
0.00000010761205569391
0.00022874906342073156
0.00000036179936503714
0.00034627891712698418
0.00000142958011989046
0.00032083511235313898
0.00000000547139535822
0.00001363965567069742
0.00000000409699364544
0.00001009906750585683
0.00000008198308553057
0.00000140250382422444
0.00000001545537482945
0.00001545537482945291
0.00000000416203248176
0.00000036668868082471
0.00200000000000000000
2.00000000000000000000
0.00002421618869743745
0.03952712245550069660
0.00001744866850031723
0.00685116051398092642
0.00000699434349132664
0.00049944533014058592
0.00000739108466037612
0.00045506086525281720
0.00000395296024078493
0.00779082937172492800
0.00000213963693638049
0.00058822334413796680
0.00000011725579807929
0.00041732514107384538
0.00000069802273186124
0.00000000000000000000
0.00000000000000000000
0.00513083139066740800
0.00000237208676729122
0.00011678393381701752
0.00000076861558921595
0.00003515152911026889
0.00000000015851322217
0.00003651570763734492
0.00000001700793073873
0.00010469953152175790
0.00000003133378007569
0.00001667508407382660
0.00000000000000000000
0.00003090366600136778
0.00000005225503444814
0.00004139914146161496
0.00000008761030675293
0.00012120622491885720
0.00000006036798024609
0.00005199512325188081
0.01768123675994861026
0.00000985388829531175
0.00405795449684705762
0.00000766055497152211
0.00803669783219516968
0.00000704352257258151
0.01887659194959935268
0.00000046795642502841
0.00616518659319521064
0.00000222928625341651
0.00051662492771310426
0.00000018844416591277
0.00041087751722753528
0.00000019709674671473
0.00397475421058504640
0.00000039074619563668
0.00002899951113770378
0.00000001557267082085
0.00000975911965581896
0.00000003361594778797
0.00012216050117508504
0.00000000439813827522
0.00007060804864827126
0.00000007060804864827
0.00004770017761366655
0.00000000026797561552
0.03148383264148589648
0.00003148383264148589
2.00000000000000000000
0.00081436335841625306
0.07987909576923655404
0.00012812641193337970
0.02609764373535750404
0.00000933963560953617
0.06445863175390839244
0.00001335738480446519
0.01549352489205295044
0.00000411461164791771
0.01065000722288502400
0.00000531739544041270
0.00296144350752353526
0.00000010701306796252
0.00302482164269168246
0.00000000000000000000
0.00000000000000000000
0.00000327400256056774
0.00289325352578928320
0.00000021681790897141
0.00208903473507223168
0.00000011763621807872
0.00000014891624627835
0.00000007024553181529
0.00004668880970007681
0.00000026831187231257
0.00005375290085917492
0.00000008355734443620
0.00000000000000000000
0.00000006628755430009
0.00002641357464883022
0.00000016993124806708
0.00000748081007445478
0.00000019618648891003
0.00015789852850789020
0.00000022004808578704
0.00005333399003301169
0.00411423008973909602
0.00000543563761143831
0.02755141411664504420
0.00000248642214179802
0.00479326230805809448
0.00001357967188128754
0.00403160483864276800
0.00000065891356353664
0.00053576841246531978
0.00000088080696792298
0.00004401234262628451
0.00000086083855066114
0.00024948302871230338
0.00000057009807606365
0.00034731784063120076
0.00000001931786725535
0.00001111167630713499
0.00000000864102041483
0.00002276646321020699
0.00000010630507422400
0.00000200162391205106
0.00000005379149266015
0.00005379149266015124
0.00000005030738615338
0.00000042320525233025
0.00003586436623459534
0.03586436623459532068
0.00056833497514379600
2.00000000000000000000
0.00002067294262432888
0.13579829929699862448
0.00001919536055676253
0.03053353352215424442
0.00000212950485836864
0.00874200605900903208
0.00000237560350243021
0.00896960742145154020
0.00000578617865644422
0.00292702785826402762
0.00000161630035756053
0.00106826881129710106
0.00000057741714860896
0.00000000000000000000
0.00000000000000000000
0.00049482056133014498
0.00000123069739320504
0.00016221868424312588
0.00000077270577731224
0.00003234688021712769
0.00000000021409595489
0.00006335539304963126
0.00000005512651499414
0.00018512448420039296
0.00000005285209125870
0.00006863894346329064
0.00000000000000000000
0.00005465728875069945
0.00000004363715949730
0.00000014418391594182
0.00000004224021216877
0.00022099967929361444
0.00000018016205093197
0.00013603077558946578
0.00343846304327900406
0.00000027682498083872
0.06515739503786870460
0.00000541657324367562
0.00396910563795370408
0.00001400576873048283
0.00131231249009792480
0.00000112472768037362
0.00085679556862928896
0.00000370823177415138
0.01168088176001874884
0.00000004382291222542
0.00064848055307082746
0.00000018863183359734
0.00075293075979243584
0.00000002108545313882
0.00000515976541389936
0.00000001872660821170
0.00000446207210168489
0.00000000266123656567
0.00006407581598566210
0.00000000168327080797
0.00001844890558877046
0.00000001844890558877
0.00000884886245923980
0.00000000035906190703
0.01850666953471311260
0.00001850666953471311
0.06516543748440275204
0.00002416575209851674
2.00000000000000000000
0.00012524895434432156
0.08518776648933381820
0.00001159264359098253
0.00361711881442667462
0.00000905706473451402
0.00205740258832756288
0.00000157126574953574
0.00049437081199703792
0.00000039127753299509
0.00082258479124122122
0.00000035763767625697
0.00019004031255653016
0.00000000000000000000
0.00000000000000000000
0.00000000533961032477
0.00143008744809200640
0.00000004570497289474
0.00138093476141572906
0.00000001142650872228
0.00000017589939840863
0.00000003300940715227
0.00002402820971375617
0.00000007422453025424
0.00001259773634792018
0.00000001408521670026
0.00000000000000000000
0.00000006420901645271
0.00002315757088743597
0.00000004548015746753
0.00004062791194118009
0.00000012746432770740
0.00005275974474804670
0.00000004170083547875
0.00000353737660337093
0.00564149028519344808
0.00004221689723723087
0.00538140753000195384
0.00000358019084836201
0.01006151115083543680
0.00000295972804966099
0.00018270941318565720
0.00000017052711698033
0.00862258568840062820
0.00001019460824136236
0.00001991814686330103
0.00000034837724642373
0.00015572909103552028
0.00000074858286032673
0.00100786273727643120
0.00000003375934818678
0.00000075726145209145
0.00000001047719189089
0.00002789912646411529
0.00000005197387156649
0.00001595265837740936
0.00000003151567612250
0.00003151567612250591
0.00000006762212543802
0.00000002061795789794
0.00000806424020879883
0.00806424020879882880
0.00011599951520298770
0.17616745583033748284
0.00013899764542056500
2.00000000000000000000
0.00006041083895740920
0.00596480203816867200
0.00000524847966198177
0.01277551872910547044
0.00000184673540951604
0.00065831770602498898
0.00000167947403566578
0.00012861519544767402
0.00000017638671426896
0.00023406928881099300
0.00000084054783813273
0.00000000000000000000
0.00000000000000000000
0.00399696947429044406
0.00000419511118565630
0.00087332212514560522
0.00000107652079712646
0.00007128607293185098
0.00000000000882079700
0.00000098988568271175
0.00000003118995645660
0.00014687602238695288
0.00000002501750855238
0.00008648047511336968
0.00000000000000000000
0.00006148491742428826
0.00000002298331394753
0.00004930292090061855
0.00000000619958944467
0.00004406487963836345
0.00000010680257099466
0.00026044983608698396
0.01142365973259112262
0.00000086549480351838
0.03388790667524285808
0.00001939449332748874
0.01532495228254939628
0.00000244458026419487
0.01719535563982689606
0.00000416047636765265
0.00293613224197150444
0.00000444575236131634
0.00024922381317847260
0.00000005619265904774
0.00001371863956848651
0.00000070080866979346
0.00068653776038065480
0.00000183508054642580
0.00003257223766629135
0.00000001448634421891
0.00000312770705668406
0.00000000593760217077
0.00004628303712930984
0.00000000593659937601
0.00002743282919776484
0.00000002743282919776
0.00009433066789976898
0.00000000008488048299
0.00776441665709079948
0.00000776441665709080
0.02228339563308848424
0.00002348497966787639
0.08916063019722938604
0.00005697409429813759
2.00000000000000000000
0.00009304456692300092
0.00249214519754476580
0.00000003000042631110
0.00667589505939617064
0.00000378347493139963
0.00397966321791073526
0.00000202086597612691
0.00076012171781435386
0.00000010797843357245
0.00188717929993084726
0.00000000000000000000
0.00000000000000000000
0.00000571526563956122
0.00649812936487114004
0.00000107466935920046
0.00038886296950226784
0.00000015115644204209
0.00000012337333683906
0.00000006647485661795
0.00003306858149579981
0.00000013571697947904
0.00003404744452565546
0.00000010001411324976
0.00000000000000000000
0.00000004759785992013
0.00002446354750419044
0.00000002707646021863
0.00010017178539177430
0.00000006284141486076
0.00009294689400372776
0.00000016644681149197
0.00000372537220490825
0.01559604867778378882
0.00003064199758814078
0.00608543970966550006
0.00000151827388103350
0.02151404463739011202
0.00000826877527010193
0.00689743897193336004
0.00000010390544390605
0.00950141378934903208
0.00000016032184068207
0.00002754399333103928
0.00000065462472999870
0.00093184935218045600
0.00000039288377830398
0.00040945245200700160
0.00000001182360157394
0.00000416007687078171
0.00000000497631162416
0.00000916638175236661
0.00000004071360990838
0.00000383713679259745
0.00000000243004390947
0.00000243004390947503
0.00000001275588691674
0.00000005945363019649
0.00000055069535843174
0.00055069535843174378
0.00000792084634358324
0.03710501094377922460
0.00001205146835969135
0.00558753402789033442
0.00009241715651669580
2.00000000000000000000
0.00001935576791329387
0.02424123270323492040
0.00000179451219074000
0.00939261332290185868
0.00001574558623351611
0.00210427360284024320
0.00000091913417758911
0.00024292371976008780
0.00000194441203805913
0.00000000000000000000
0.00000000000000000000
0.00445668833805940244
0.00000635254800871698
0.00004369982203925064
0.00000024551606966194
0.00007905667457093458
0.00000000000219350848
0.00001943044444274414
0.00000000442958881087
0.00003227623941498425
0.00000002258687480037
0.00002277968456190709
0.00000000000000000000
0.00000961747244162697
0.00000000025125078227
0.00005547883626366024
0.00000001600610247398
0.00001137527461545818
0.00000000593426970873
0.00006080882683807626
0.03122610604956378042
0.00002036974468890742
0.00074497739722123920
0.00000154496359535152
0.00274019499223165248
0.00004542995375940634
0.08424721187775174406
0.00000206978520036907
0.00351564068161101804
0.00000202586006420221
0.00062560286305894498
0.00000001187394401408
0.00135430498983626640
0.00000066358837511999
0.00073291569161145946
0.00000026837858686190
0.00000529646592941365
0.00000000611614855040
0.00000166265250696220
0.00000000829733977453
0.00000459915687890504
0.00000000015273018210
0.00000032383384827454
0.00000000032383384827
0.00001502779980758008
0.00000000001951353320
0.00773319861703974084
0.00000773319861703974
0.05187406325316932044
0.00000245562282442919
0.00356818845784898048
0.00000466536034269097
0.00234888877981670442
0.00001836698767306080
2.00000000000000000000
0.00001527720340988761
0.00223211054371457568
0.00002582975685644765
0.01403608528732287684
0.00000436477174864171
0.00412768381200056184
0.00000183172014184823
0.00090462567149650826
0.00000000000000000000
0.00000000000000000000
0.00000063443358040461
0.00080625091480620816
0.00000110621650032286
0.00253834688846434806
0.00000010618877520761
0.00000000503070071600
0.00000000784800273609
0.00000066253423329181
0.00000001884610345122
0.00000624539372913189
0.00000001336067060189
0.00000000000000000000
0.00000004072729073801
0.00000330590393764012
0.00000007109361873830
0.00006516229215891712
0.00000000027889907593
0.00000861568544662382
0.00000002753800279077
0.00000741521978739155
0.00125180389345644640
0.00000037790780899657
0.00815642036276166400
0.00016480739087067540
0.01895002602511672004
0.00006154967493213545
0.03855133688231305866
0.00000377066427123752
0.00493369618850898402
0.00000615784463933751
0.00108251367920887840
0.00000261716228718050
0.00105607704015423744
0.00000081286022445817
0.00083547989307499082
0.00000000253449088100
0.00000102265224195923
0.00000000069701429055
0.00000150639092962701
0.00000000413283754829
0.00000214767715015832
0.00000000015118670412
0.00000015118670412490
0.00000000157229784413
0.00000000568822543093
0.00000053805674141400
0.00053805674141400312
0.00001214781650671632
0.01139204601398555048
0.00001009671464716163
0.01283328440147838248
0.00000003195391966904
0.02599500050622494088
0.00001726439891174472
2.00000000000000000000
0.00000208521233280476
0.00070518174950326858
0.00001025994897516989
0.00052020781283863344
0.00000835323079358140
0.00318578394495844322
0.00000369231765149815
0.00000000000000000000
0.00000000000000000000
0.00046974313127341160
0.00000048182553654608
0.00031626854878331698
0.00000009584939901787
0.00007567219722304595
0.00000000001798539756
0.00000790136564768995
0.00000000237640353989
0.00001509715498572087
0.00000000207526355202
0.00000134666864441705
0.00000000000000000000
0.00001868703100389507
0.00000000907746655410
0.00018452443354995618
0.00000004007772653366
0.00000065337233540916
0.00000000003764653985
0.00000712180835029971
0.00169279537392353706
0.00000579888304230773
0.00082134521121227882
0.00000355602805398067
0.08021022081219852808
0.00000645438202751021
0.01380499208496683048
0.00000685404518950076
0.02283327563585678080
0.00001552106796928705
0.02244443715818223686
0.00000519859303257762
0.01158365818126142248
0.00000996511636229312
0.00066979501583215104
0.00000004097786161067
0.00000428564672341003
0.00000000131199533568
0.00000092826612255090
0.00000000378431715850
0.00000224651729352200
0.00000000350827895196
0.00001326344024286897
0.00000001326344024286
0.00000742733885374069
0.00000000008996218442
0.00393176654495312184
0.00000393176654495312
0.01185314802285019046
0.00000260418163648523
0.00192938358991024800
0.00000156052467563147
0.00598153849523228586
0.00000161878149281600
0.00212192479682712246
0.00000175411059916461
2.00000000000000000000
0.00005360677837271196
0.00320351293844463764
0.00001646045052007034
0.02915616435424955280
0.00000255049293615955
0.00513128193284717204
0.00000000000000000000
0.00000000000000000000
0.00000001664074924484
0.00101453018086514304
0.00000019194310134464
0.00058023113296968640
0.00000012046226116642
0.00000006235210231426
0.00000002090958743586
0.00000357539594367037
0.00000000480978293106
0.00000046165038311125
0.00000001709225670614
0.00000000000000000000
0.00000001585215224458
0.00002538688905050305
0.00000010541023408535
0.00008348511419063982
0.00000000157082781468
0.00000210571871328723
0.00000000540403980780
0.00001028336761076222
0.00129459501188008506
0.00000040672985347764
0.00006666203201921962
0.00000667203597934332
0.01621672101889450240
0.00000002590458906547
0.02505995437377158084
0.00000771554357921381
0.05009134695524062422
0.00000756036902132302
0.00156401828829977248
0.00000820486260046635
0.00024738344221659684
0.00000105750768218581
0.00176155355604609846
0.00000000146908552899
0.00000038770187597479
0.00000000157756317108
0.00000315103645456579
0.00000000860893681090
0.00000674440136984521
0.00000000749434575974
0.00000749434575974942
0.00000001294519473802
0.00000013809693903662
0.00000826745931401033
0.00826745931401033128
0.00000335842320140424
0.01049044345715520640
0.00000157207057528026
0.00059350529299876512
0.00000361674057357534
0.00903964463261234020
0.00002619737059350910
0.00063289381067596704
0.00005719299039679376
2.00000000000000000000
0.00007780359906464190
0.03319754719728662064
0.00001501542819660575
0.04614756627345674606
0.00000031596646300397
0.00000000000000000000
0.00000000000000000000
0.00117925415277300400
0.00000012964964541396
0.00028260851857659004
0.00000220572978240674
0.00006669786612211972
0.00000000007990382577
0.00004010470924001562
0.00000000251335274367
0.00000972316580929698
0.00000000996316378432
0.00001184052829791265
0.00000000000000000000
0.00002992552321112495
0.00000004549299536662
0.00043686120260152978
0.00000018907158091790
0.00000060373951381460
0.00000000092566440171
0.00000447820836331833
0.01878643004008278824
0.00000518112105356104
0.00114272656253710208
0.00000182980722113738
0.00884085851789713122
0.00000306837654150795
0.00430054189563885382
0.00001383504055615364
0.04193680127271887260
0.00000288854524244186
0.02562966863469676062
0.00000711651775546122
0.01663131991802385066
0.00000244087950527696
0.00614720704486728802
0.00000739719004957124
0.00000881057463993389
0.00000001953296806422
0.00001464586268377402
0.00000002551919879265
0.00003632039692944996
0.00000003107439229477
0.00005852268469448009
0.00000005852268469448
0.00001436149932216220
0.00000000109992830376
0.00205379806914219242
0.00000205379806914219
0.00786295434444531940
0.00000612126994590728
0.00044740877563456112
0.00000136959334132708
0.00344113808244986980
0.00001370733510859523
0.01287693980344011048
0.00000832921872552541
0.00309156840538393246
0.00007037671131406842
2.00000000000000000000
0.00001186716439305393
0.00212334999109505440
0.00000012003091131382
0.00148262265337915402
0.00000000000000000000
0.00000000000000000000
0.00000050251839249512
0.00031992538851614432
0.00000012542645079723
0.00044982989315923264
0.00000086861445289382
0.00000061186692495618
0.00000013245867589223
0.00002603143629439029
0.00000000287959330351
0.00001102669001922551
0.00000007412472274320
0.00000000000000000000
0.00000005716850678604
0.00009136101869298694
0.00000118966415463280
0.00009157363168952238
0.00000001799886021435
0.00001337778636613642
0.00000003945474739970
0.00000108249054268365
0.00305623508863877524
0.00000066305812059470
0.00585319228756020402
0.00000525164778540248
0.00024029894376231392
0.00000679367560929354
0.04485712452352951246
0.00004880437943664254
0.01105828639280240000
0.00000601345848518017
0.00822372281300687460
0.00001773002780082181
0.03237077497071610048
0.00000569123245985269
0.00052540567764661098
0.00000000344871772489
0.00001552116163064468
0.00000000057625811770
0.00000473092653875243
0.00000000320005167609
0.00002997817643736443
0.00000003993694021713
0.00003993694021713040
0.00000002000068071911
0.00000013799508775554
0.00000069897959928216
0.00069897959928216112
0.00000486003503842419
0.00383337352331106188
0.00000043837035579217
0.00012984200513433924
0.00000216320600896521
0.00226778037433195126
0.00000495715837731549
0.00052280595547107538
0.00001966521438770898
0.03717404909365402442
0.00001469100641616193
2.00000000000000000000
0.00007059194739030688
0.01287348745925902246
0.00000802881748070767
0.00000000000000000000
0.00000000000000000000
0.00051702666216009866
0.00000216833699895319
0.00134156007245424240
0.00000149669338576567
0.00007834704054181144
0.00000000005675698262
0.00000474552597056729
0.00000001275500839359
0.00000718216508222481
0.00000000669428420226
0.00000046508160629425
0.00000000000000000000
0.00004560536723694703
0.00000004683810166438
0.00022407160316483028
0.00000069371768646418
0.00001207558007222335
0.00000000837846645152
0.00010988988294590150
0.00202818021100237568
0.00000017014809057024
0.00091365531298988826
0.00000013521911460778
0.00023217757713654500
0.00000069016213384880
0.00455191205683529526
0.00003642551368369769
0.01116108390684649868
0.00007012597680067144
0.01192513085807243620
0.00001633492770035829
0.00725606092172870568
0.00000002440390935403
0.00364632246044516322
0.00000179255565243653
0.00001017243699960369
0.00000000016325140672
0.00000083886520646579
0.00000000251506828631
0.00001943161012518317
0.00000000086878418937
0.00000502722409485351
0.00000000502722409485
0.00002118269602959382
0.00000000002187460462
0.00014079337513392840
0.00000014079337513392
0.00273507690584394004
0.00000213895673712972
0.00093124207616989146
0.00000017993450372522
0.00082218425990755066
0.00000100092917756468
0.00473699937628240268
0.00000848288901599193
0.03519759631506469668
0.00001699015109885382
0.00265614526542079520
0.00007133141041720410
2.00000000000000000000
0.00000035580637779207
0.02186429669902885668
0.00000000000000000000
0.00000000000000000000
0.00000030887887643334
0.00009431471946527296
0.00000099233374572735
0.00331635342923384588
0.00000037368069323206
0.00000004887447637828
0.00000008643393251912
0.00000488026382515248
0.00000005118744154501
0.00001892281121049362
0.00000002422976771265
0.00000000000000000000
0.00000014177494528583
0.00015595413716982190
0.00000022119048451752
0.00022491773880970024
0.00000002320452802142
0.00001010832660406778
0.00000000854945630578
0.00000052563387293699
0.00007302260753176961
0.00000009892632747349
0.00025160356427446764
0.00000138061197988562
0.00165024088726825440
0.00000093330849549614
0.00993932622054479842
0.00000249185809050603
0.03528416425625869800
0.00002559814971157451
0.00106017870137123760
0.00002966408163105809
0.01054470900894862248
0.00000213806286542723
0.00534230939643595384
0.00000001600223847596
0.00000660565220046994
0.00000000197468466753
0.00000848747652204401
0.00000002626290094249
0.00004177421979553176
0.00000000560503627714
0.00000560503627714953
0.00000000298483823896
0.00000024688720329416
0.00000049554778660899
0.00049554778660899592
0.00000009773857520872
0.00139805281842599648
0.00000040039466110965
0.00023613268991368738
0.00000011550110490074
0.00026161187605537320
0.00000207883071568651
0.00319940133888070568
0.00000304487760566963
0.05163823867850675200
0.00000014848631877135
0.01286426451692432002
0.00000035186561371125
2.00000000000000000000
0.00000443091215457281
0.00000000000000000000
0.00000000000000000000
0.00007074936447924338
0.00000007706591724600
0.00104305887469130848
0.00000463660705833695
0.00020634348423255548
0.00000000026198542159
0.00007870988686666620
0.00000000643858221078
0.00005202045497578790
0.00000004058213095505
0.00003924194746604690
0.00000000000000000000
0.00016216744083408788
0.00000055349585071197
0.00070458019626307386
0.00000004894755325922
0.00002781167424685165
0.00000000060938175187
0.00005433403655566871
0.00012616704113655610
0.00000039619635069116
0.00084156323586422746
0.00000006038903356781
0.00087777205844462512
0.00000031995092466681
0.00446018225203843042
0.00000117699389621037
0.00539367307389061388
0.00001146564359358113
0.00268036867448296404
0.00003501195868931374
0.01252295574116837868
0.00006599657864366588
0.01204345836639587840
0.00000445802731841535
0.00000434563847766774
0.00000002968568755868
0.00000188277547039034
0.00000000694627524143
0.00000702250997694743
0.00000005734540115696
0.00005043231812413859
0.00000005043231812413
0.00003382387885465671
0.00000000005926913002
0.00062513260665380320
0.00000062513260665380
0.00208362977407633120
0.00000056993365376810
0.00016046574757397324
0.00000063953704880403
0.00152248798582256362
0.00000157931015511220
0.00077432005247151856
0.00000279668178352833
0.00462022564485760000
0.00000026665835839176
0.00138329740677180506
0.00000605106651188938
0.01630760580705508040
0.00000334183292971295
2.00000000000000000000
0.00000000000000000000
0.00000000000000000000
0.00000006215427352362
0.00075203973491387258
0.00000151924096790700
0.00036014442794590898
0.00000018710156764846
0.00000000119508367020
0.00000006618939560029
0.00003123570999008808
0.00000008039276086142
0.00001775104986545182
0.00000002791916007845
0.00000000000000000000
0.00000000717748332328
0.00005669105862414820
0.00000071051500923191
0.00017717800292384100
0.00000014857072801982
0.00010154099206078218
0.00000022190099107245
0.00000000000000000000
0.00000000000000000000
0.00000000000000000000
0.00000000000000000000
0.00000000000000000000
0.00000000000000000000
0.00000000000000000000
0.00000000000000000000
0.00000000000000000000
0.00000000000000000000
0.00000000000000000000
0.00000000000000000000
0.00000000000000000000
0.00000000000000000000
0.00000000000000000000
0.00000000000000000000
0.00000000000000000000
0.00000000000000000000
0.00000000000000000000
0.00000000000000000000
0.00000000000000000000
0.00000000000000000000
0.00000000000000000000
0.00000000000000000000
0.00000000000000000000
0.00000000000000000000
0.00000000000000000000
0.00000000000000000000
0.00000000000000000000
0.00000000000000000000
0.00000000000000000000
0.00000000000000000000
0.00000000000000000000
0.00000000000000000000
0.00000000000000000000
0.00000000000000000000
0.00000000000000000000
0.00000000000000000000
0.00000000000000000000
0.00000000000000000000
0.00000000000000000000
0.00000000000000000000
0.00000000000000000000
2.00000000000000000000
0.00000000000000000000
0.00000000000000000000
0.00000000000000000000
0.00000000000000000000
0.00000000000000000000
0.00000000000000000000
0.00000000000000000000
0.00000000000000000000
0.00000000000000000000
0.00000000000000000000
0.00000000000000000000
0.00000000000000000000
0.00000000000000000000
0.00000000000000000000
0.00000000000000000000
0.00000000000000000000
0.00000000000000000000
0.00000000000000000000
0.00000000000000000000
0.00000000000000000000
0.00000000000000000000
0.00000000000000000000
0.00000000000000000000
0.00000000000000000000
0.00000000000000000000
0.00000000000000000000
0.00000000000000000000
0.00000000000000000000
0.00000000000000000000
0.00000000000000000000
0.00000000000000000000
0.00000000000000000000
0.00000000000000000000
0.00000000000000000000
0.00000000000000000000
0.00000000000000000000
0.00000000000000000000
0.00000000000000000000
0.00000000000000000000
0.00000000000000000000
0.00000000000000000000
0.00000000000000000000
0.00000000000000000000
0.00000000000000000000
0.00000000000000000000
0.00000000000000000000
0.00000000000000000000
0.00000000000000000000
0.00000000000000000000
0.00000000000000000000
0.00000000000000000000
0.00000000000000000000
0.00000000000000000000
0.00000000000000000000
0.00000000000000000000
0.00000000000000000000
0.00000000000000000000
0.00000000000000000000
0.00000000000000000000
0.00000000000000000000
0.00000000000000000000
0.00000000000000000000
0.00000000000000000000
0.00000000000000000000
2.00000000000000000000
0.00000000000000000000
0.00000000000000000000
0.00000000000000000000
0.00000000000000000000
0.00000000000000000000
0.00000000000000000000
0.00000000000000000000
0.00000000000000000000
0.00000000000000000000
0.00000000000000000000
0.00000000000000000000
0.00000000000000000000
0.00000000000000000000
0.00000000000000000000
0.00000000000000000000
0.00000000000000000000
0.00000000000000000000
0.00000000000000000000
0.00000000000000000000
0.00000079615729121954
0.00146539897292754880
0.00000662384824014516
0.00328431978804889600
0.00000000293988458528
0.00024925700159883040
0.00000069882133386325
0.00002474576308529792
0.00000044742719524664
0.00029335834497468524
0.00000004703627446120
0.00010365475172939100
0.00000003394768891334
0.00187125570530007360
0.00001545062521104345
0.00376323425962295522
0.00000000679856602180
0.00003027935413885381
0.00000002674380831027
0.00003186453954950872
0.00000011108983438661
0.00002232323691595150
0.00000001326577961347
0.00001326577961347228
0.00000001042476944289
0.00000048178371537062
0.00000549629918077428
0.00549629918077428648
0.00000269761416403636
0.00058420113668551744
0.00000000539294768607
0.00363759329001980580
0.00000551514793739285
0.00432983579790798662
0.00000064955779052942
0.00042558319550337160
0.00000001792215467713
0.00119042396822378560
0.00000056081152323924
0.00046609378984126160
0.00000027556429005020
0.00006382549223498028
0.00000007434487408938
0.00000000000000000000
0.00000000000000000000
2.00000000000000000000
0.00000347740196544003
0.00701208444218345868
0.00000367745443660987
0.00067778075703375744
0.00000000013717046829
0.00004996038632656462
0.00000005316849799285
0.00002396268851245590
0.00000006703386362863
0.00002462543628207445
0.00000000000000000000
0.00008738924571131564
0.00000054051435823769
0.00036328723728748040
0.00000005212393976353
0.00013205722599855548
0.00000003273089866882
0.00003829385195022915
0.00487916116113719926
0.00000480212679146600
0.00287308529884829760
0.00001118288554702054
0.00043071744054066658
0.00000029979758183101
0.00029947599866862256
0.00000034832493952755
0.00157694322133910560
0.00000013123650244005
0.00001434197990842190
0.00000018065209991275
0.00029031199641248176
0.00000066293632762510
0.03638332410190537608
0.00000833954005117168
0.00007298645173981489
0.00000002766230718234
0.00003210422088605896
0.00000002470405263706
0.00010494602940201624
0.00000008514937759490
0.00017463750209925490
0.00000017463750209925
0.00031469846558268618
0.00000000000279177905
0.00286689292964781760
0.00000286689292964781
0.00268958696141039008
0.00000163932182892292
0.00162958687959612448
0.00000430749781166938
0.00707468943327826246
0.00000696314436548606
0.00093132258615892400
0.00000049250668256854
0.00123276585601852640
0.00000014766033951640
0.00040282086160515018
0.00000220539019072883
0.00009493196860953124
0.00000007843903872908
0.00101489030645834720
0.00000000000000000000
0.00000000000000000000
0.00000392331497940450
2.00000000000000000000
0.00000014420414956484
0.00117031455604509386
0.00000097348976166905
0.00000002502260010019
0.00000014353624590911
0.00015536483459312536
0.00000032998014924280
0.00000601223694447996
0.00000027069144207509
0.00000000000000000000
0.00000013455515814957
0.00068532990242813712
0.00000038114706384989
0.00000146063156439149
0.00000029373570289612
0.00039320451836094328
0.00000112099962550949
0.00000004299628766997
0.00140312235193861120
0.00000071001814940027
0.00050066269646094186
0.00000003292491511407
0.00021073619048011876
0.00000004577183927313
0.00004184856012712002
0.00000033515496442855
0.00128637221178008506
0.00000033649642724467
0.00008574560738049450
0.00000007308221779689
0.01159079203617237860
0.00000649386295583292
0.02319713743095938028
0.00000041101842535638
0.00014639300420640600
0.00000001292758245031
0.00062882180239241800
0.00000171663907027576
0.00056891095604874898
0.00000022035288980838
0.00022035288980838152
0.00000016711106155917
0.00000301991235821624
0.00000011544025611759
0.00011544025611759780
0.00000016484946045260
0.00017672870469927096
0.00000004259627860084
0.00073341422882667562
0.00000095694542828861
0.00003917692909486282
0.00000104511318273877
0.00026440617793396036
0.00000019075740786845
0.00026325162246900744
0.00000012916524137420
0.00111599451776296640
0.00000081692850240679
0.00086830442083539360
0.00000167686561170068
0.00000000000000000000
0.00000000000000000000
0.00647051274881137122
0.00000011794269204099
2.00000000000000000000
0.00002130961914757514
0.00147356124478263306
0.00000000283580796278
0.00201827286717639968
0.00000002572988022780
0.00149414519919502388
0.00000253360980582280
0.00069024304967209584
0.00000000000000000000
0.00125431736226359722
0.00000337877067147446
0.00136842825944039562
0.00000082306743898218
0.00138562768962966048
0.00000041163137737285
0.00035783909334610256
0.00079171620960036522
0.00000145658857235199
0.00042764154650398952
0.00000055354437951986
0.00012293724120729952
0.00000010170577581516
0.00007060807368334710
0.00000055302298705922
0.00033314437577672378
0.00000019150332070524
0.00036579879012926018
0.00000005663596693873
0.00223415705984855286
0.00000851213093540233
0.00198575825749740608
0.00002644040066647630
0.00003246417285080097
0.00000005123385729060
0.00004051796289326525
0.00000002649438779089
0.00005279523856908531
0.00000003331196250765
0.00011729953968730680
0.00000011729953968730
0.00018305512040632620
0.00000000020654922623
0.00070596764593612800
0.00000070596764593612
0.00147584064759785206
0.00000078220719639133
0.00119586675606851386
0.00000084003759079775
0.00032174389993673456
0.00000020451825249805
0.00222830992077214048
0.00000007445715102857
0.00053581067305412000
0.00000190914776393843
0.00043043370119601904
0.00000115687438237016
0.00253681340609446720
0.00000358645106554576
0.00036935988241288792
0.00000000000000000000
0.00000000000000000000
0.00000315311846887640
0.00088940038543611648
0.00001980054371105239
2.00000000000000000000
0.00000065014535176354
0.00000013078566202529
0.00000021033037505859
0.00011269733652976916
0.00000002990857304739
0.00008593581996737456
0.00000025058385745225
0.00000000000000000000
0.00000143291325601346
0.00030703973485284512
0.00000024188091655811
0.00011517290127962902
0.00000010038303287131
0.00019587937108481420
0.00000004135978049030
0.00000002104512094490
0.00005739347226222540
0.00000006696618528994
0.00008246221342986076
0.00000005585052324404
0.00000417592221548035
0.00000007029088315708
0.00010299902178337944
0.00000013133051829875
0.00067102229161293240
0.00000002611531626130
0.00001763950210966044
0.00000027183236144676
0.00063349298929304618
0.00000026764051148167
0.00037559283396654712
0.00000000078292705826
0.00012986965661994820
0.00000005002600631990
0.00012851651909022200
0.00000000662234739455
0.00046971287000666704
0.00000016138263837648
0.00016138263837648044
0.00000007147637208852
0.00000018134123538186
0.00000003239586741387
0.00003239586741387153
0.00000008338820814639
0.00003285563232207661
0.00000000992871325438
0.00005581497938408871
0.00000012549030531156
0.00006607854538614442
0.00000009353475542193
0.00005898249594834224
0.00000011161720038341
0.00005792538877333364
0.00000083397837130310
0.00006076391431989656
0.00000028681255472939
0.00016014934207364950
0.00000019253967364976
0.00000000000000000000
0.00000000000000000000
0.00058311203365219192
0.00000074232805903897
0.00137385026080718282
0.00000065234936436976
2.00000000000000000000
0.00000000001163489522
0.00061030785491772618
0.00000004333520015488
0.00003514584472721777
0.00000001596609027195
0.00002684426442565883
0.00000000000000000000
0.00070632918181200800
0.00000006173236434516
0.23895933041698756260
0.00000436844963828662
0.00007336272944979581
0.00000001525287241868
0.00026251702131118536
0.00000001925050315891
0.00000000000061527644
0.00000007537901732680
0.00000000003585630699
0.00000012123908262915
0.00000000007319552692
0.00000004877767452457
0.00000000012668610033
0.00000004094749178665
0.00000000025739409779
0.00000000640118338598
0.00000000002924658768
0.00000020514899883870
0.00000000016477312683
0.00000067297782449563
0.00000000073122872721
0.00007560148931975542
0.00000008338952707245
0.00014190610995545170
0.00000000701740981726
0.00007149801928261828
0.00000005851036121461
0.00023458544963916096
0.00000023458544963916
0.00005427587119998321
0.00006163211314638962
0.00000016711206007899
0.00000000016711206007
0.00000012075429207614
0.00000000024876128935
0.00000017483995043163
0.00000000000790043152
0.00000011716603519139
0.00000000000209728841
0.00000000506897083404
0.00000000001603628448
0.00000006608883908565
0.00000000007938190175
0.00000067201910782839
0.00000000005035462351
0.00000004291177937374
0.00000000023259931549
0.00000000140681835184
0.00000000000000000000
0.00000000000000000000
0.00000000013499581294
0.00000002182698908864
0.00000000302443973415
0.00000015011594499610
0.00000000001330942779
2.00000000000000000000
0.00000002745869254366
0.00005183663270409297
0.00000007483311665767
0.00017057490358641096
0.00000001245396892841
0.00000000000000000000
0.00000000006769820885
0.00000004066613133062
0.00000000237362106742
0.00000008567332538874
0.00000001479573512521
0.00053976092971703978
0.00000037900476915470
0.00000000824179922386
0.00001029909782625416
0.00000000029198522529
0.00001240321894104238
0.00000001099821699616
0.00001006918257790376
0.00000002364722454633
0.00004099854330160619
0.00000001309922902377
0.00026752811876941776
0.00000001641341072506
0.00001958724515661218
0.00000008410836209434
0.00026950094764521600
0.00000060651299575628
0.00010873386211605852
0.00000149629812590472
0.00164319407422286880
0.00001078504635496436
0.01643073208409452800
0.00001682370405775211
0.01522106423458209064
0.00006175812336073312
0.06175812336073310428
0.00000310287963908084
0.00015942192382519528
0.00000003929430419547
0.00003929430419547492
0.00000005814157381738
0.00007513901709107262
0.00000003349049972469
0.00000090497297783531
0.00000006443849890013
0.00001896309221572824
0.00000000807157041296
0.00000719106894620714
0.00000002262195159443
0.00004066838069001236
0.00000014849527544303
0.00000429746146966182
0.00000007746156397092
0.00007132933547211181
0.00000007953086593060
0.00000000000000000000
0.00000000000000000000
0.00005018720941166734
0.00000012779991420201
0.00219712912951012768
0.00000024642017889476
0.00071261252307319640
0.00000002802769850414
2.00000000000000000000
0.00000714772740933950
0.02000538202272272424
0.00000270245705608473
0.00388501339447766400
0.00000000000000000000
0.00007469911606695722
0.00000001067285689311
0.00099197779973585786
0.00000001221419885391
0.00747683882694776262
0.00000083109691393684
0.01648327659733989668
0.00001371447770221287
0.00000000547414479953
0.00000048194988472804
0.00000000446580976341
0.00001082707509032230
0.00000001353664393396
0.00001007913675775493
0.00000001186948091204
0.00000527313416031637
0.00000000166531717020
0.00001363672148578775
0.00000000888117151092
0.00009196093069636340
0.00000018603745286776
0.00016451683334836598
0.00000036921105302387
0.01604270887934213020
0.00002446091387002585
0.03737853896522797648
0.00006296865443843758
0.00031350319719878344
0.00000113421920533161
0.00966963009101196260
0.00000966963009101196
0.01298025624552526406
0.00000004480898676921
0.00002440761955956165
0.00000002440761955956
0.00005153531627693191
0.00000008718996898292
0.00003251092919190041
0.00000003802676687313
0.00004274916503915772
0.00000000576519366842
0.00000090872250205548
0.00000000288426758076
0.00000515861139414886
0.00000000339890494005
0.00003891835033129509
0.00000001540396243720
0.00000583269616747791
0.00000000778131864922
0.00005005215060849078
0.00000000000000000000
0.00000000000000000000
0.00000007122717452030
0.00018447850521949538
0.00000003735403573312
0.00017608079463653224
0.00000006747911257460
0.00007056160163480298
0.00000953217587322695
2.00000000000000000000
0.00002725334869822055
0.00804921056351125120
0.00000012406493192319
0.00000000000000000000
0.00000005869524531663
0.00001315558363723566
0.00000056662261819991
0.00016155607470358584
0.00000761970469532631
0.00087806620455904768
0.00000059800970520459
0.00000006101528525601
0.00011792026063620952
0.00000001688203318121
0.00000759955319300326
0.00000001148200146871
0.00002748697346919919
0.00000004018699889178
0.00000930091907036427
0.00000001233516462206
0.00007659591066594228
0.00000001240346499080
0.00000505883128231236
0.00000011337388828449
0.00005713204102967820
0.00000051429701941112
0.00122665947559993920
0.00003443975060215680
0.02087601060035715202
0.00000130361797325223
0.01507449423522331206
0.00001264369504000129
0.01504737760328315206
0.00001477745192219154
0.01477745192219154020
0.00002564347280745169
0.00018378402711712684
0.00000010002615697084
0.00010002615697084012
0.00000019716368736385
0.00019492374418592952
0.00000006685752947501
0.00011921212643050928
0.00000011679954593413
0.00002796586868244051
0.00000001720835782384
0.00001219847020096707
0.00000000461986244754
0.00000875362954803068
0.00000000286604064568
0.00000577433510078933
0.00000004072718328162
0.00004185352098033607
0.00000008575969001001
0.00000000000000000000
0.00000000000000000000
0.00002137084851424212
0.00000026084094013968
0.00144406741147103168
0.00000003110920614113
0.00003643321024162514
0.00000006781415885920
0.01776093449041456424
0.00001814323689508251
2.00000000000000000000
0.00003248785891337404
0.01080826183528261062
0.00000000000000000000
0.00010725081379629516
0.00000000082731202524
0.00028437647079200792
0.00000005709201514151
0.01094515995628678826
0.00001956401378032460
0.01878449982228162460
0.00001514861221404344
0.00000002748043776791
0.00000203366463200239
0.00000000424531929396
0.00000165317880311344
0.00000000500584113899
0.00000704865565747741
0.00000000769284313505
0.00000186637066552099
0.00000003430133628480
0.00000196806286434835
0.00000000256712458605
0.00001643903854135004
0.00000008909370860613
0.00013642325013613260
0.00000003731177276036
0.04352468865146254486
0.00006794588691720390
0.00064050668761335040
0.00001456179708514601
0.00641816002538509204
0.00000056466667321457
0.01438441665090968004
0.00001438441665090967
0.00028256806240225700
0.00000022350117298493
0.00002525724560132656
0.00000002525724560132
0.00003332677580807697
0.00000004695343947484
0.00000957413910430668
0.00000001713238953911
0.00002472269672757690
0.00000001651223579705
0.00000481151707759236
0.00000000141477659374
0.00000037412878190325
0.00000000756801689194
0.00000925978083305984
0.00000000454103760140
0.00001270313635601022
0.00000002754844264726
0.00001597697863553080
0.00000000000000000000
0.00000000000000000000
0.00000005044113222473
0.00000400985235207955
0.00000206604009854067
0.00007541744448033982
0.00000001396453200829
0.00013042055142210876
0.00000202433375203367
0.00452118770780812186
0.00002741103548853984
2.00000000000000000000
0.00001912923539999318
0.00000000000000000000
0.00000000698094824995
0.00000348987424198711
0.00000048903255609129
0.00041999336684182352
0.00000150098729834420
0.00085916394806794704
0.00001875189164839179
0.00000002155065149564
0.00005969238235651412
0.00000002472748546958
0.00001896493083420315
0.00000000352365515298
0.00001018930442401377
0.00000003266095999756
0.00000625588679929266
0.00000003417483908059
0.00007344169191280635
0.00000001083816485156
0.00000281111559698667
0.00000001240245805784
0.00001199600826189917
0.00000020735654147809
0.00006927178126950835
0.00000548066626712935
0.00525572569527243462
0.00002332399842165404
0.02695957690208893808
0.00001938958997407930
0.00451272200764647208
0.00006470305282414122
0.06470305282414122660
0.00002931426862696925
0.00008224437513583494
0.00000001916608123802
0.00001916608123802112
0.00000007387000329030
0.00008694966653435539
0.00000001526380633279
0.00008444696510579806
0.00000010355348163180
0.00002374594945865306
0.00000001467717801045
0.00000130908380977016
0.00000001975146995107
0.00001282472315973017
0.00000008875865643410
0.00000044985464747855
0.00000002319351919360
0.00003798436343251252
0.00000003583150544103
0.00000000000000000000
0.00000000000000000000
0.00002642205573272955
0.00000025742985694395
0.00080258890767624752
0.00000031357596930308
0.00003347891767533432
0.00000001357784264855
0.00414961620693456404
0.00000009936659022167
0.01300326174154244488
0.00002727656686653662
2.00000000000000000000
0.00000000000000000000
0.00011531037880546464
0.00000000477651818612
0.00004157366988709151
0.00000002664036197432
0.02666864291996543268
0.00004275909713164562
0.00507654293618421062
0.00000000000000000000
0.00000000000000000000
0.00000000000000000000
0.00000000000000000000
0.00000000000000000000
0.00000000000000000000
0.00000000000000000000
0.00000000000000000000
0.00000000000000000000
0.00000000000000000000
0.00000000000000000000
0.00000000000000000000
0.00000000000000000000
0.00000000000000000000
0.00000000000000000000
0.00000000000000000000
0.00000000000000000000
0.00000000000000000000
0.00000000000000000000
0.00000000000000000000
0.00000000000000000000
0.00000000000000000000
0.00000000000000000000
0.00000000000000000000
0.00000000000000000000
0.00000000000000000000
0.00000000000000000000
0.00000000000000000000
0.00000000000000000000
0.00000000000000000000
0.00000000000000000000
0.00000000000000000000
0.00000000000000000000
0.00000000000000000000
0.00000000000000000000
0.00000000000000000000
0.00000000000000000000
0.00000000000000000000
0.00000000000000000000
0.00000000000000000000
0.00000000000000000000
0.00000000000000000000
0.00000000000000000000
0.00000000000000000000
0.00000000000000000000
0.00000000000000000000
0.00000000000000000000
0.00000000000000000000
0.00000000000000000000
0.00000000000000000000
0.00000000000000000000
0.00000000000000000000
0.00000000000000000000
0.00000000000000000000
0.00000000000000000000
0.00000000000000000000
2.00000000000000000000
0.00000000000000000000
0.00000000000000000000
0.00000000000000000000
0.00000000000000000000
0.00000000000000000000
0.00000000000000000000
0.00000000000000000000
0.00000001553924986801
0.00007206124939064311
0.00000002110865012435
0.00006290146570436559
0.00000005417941354259
0.00001455331609133932
0.00000005149957029047
0.00002481622280794605
0.00000011895422890700
0.00013987520261395928
0.00000001689350525003
0.00003965177018167147
0.00000016027335562054
0.00043797934328510344
0.00000008287120106075
0.00167172504676039562
0.00000006863119244606
0.00016734989312532228
0.00000002644609042135
0.00008491720087562714
0.00000012072613689016
0.00008918737527921570
0.00000012369606780142
0.00012369606780142328
0.00000014824603550101
0.00000035512163712648
0.00000005417499925667
0.00005417499925667202
0.00000008937974379141
0.00010560124440770224
0.00000010612530510263
0.00009157104993271088
0.00000007516479255185
0.00001529066606921602
0.00000006823755318218
0.00002770579585496150
0.00000002793906515589
0.00004943588251116228
0.00000010440663689426
0.00006727947986200314
0.00000020698577884065
0.00023940961263279618
0.00000001404942397956
0.00000000000000000000
0.00000000000000000000
0.00014300930031319638
0.00000019516788728785
0.00222444752423865206
0.00000273484806238034
0.00134354021693432026
0.00000000011257029187
0.00012168988864331476
0.00000007169979070647
0.00019679799243603664
0.00000001518204011946
0.00017587010346096348
0.00000000000000000000
2.00000000000000000000
0.00000028417756742715
0.00908527060890914402
0.00000273455786215068
0.00007058616231541902
0.00000014473954476360
0.00020425798072988376
0.00001089402269555974
0.00000001552621348921
0.00003228221644777740
0.00000000229395323048
0.00001428972988745797
0.00000001778869551510
0.00002627991137153329
0.00000000509480315667
0.00002114191039581145
0.00000032160702864659
0.00004520868163638672
0.00000002354284727817
0.00011672138905806138
0.00000216792642147032
0.00030523057574017756
0.00000016666246377448
0.00000075785108358396
0.00000001446669873573
0.00000398245247486865
0.00000000251310115656
0.00001547081576364303
0.00000000708826851046
0.00001892791886140626
0.00000001892791886140
0.00002754015486020962
0.00000000015941899747
0.00008163946775617362
0.00000008163946775617
0.00003174076598252955
0.00000007513815688870
0.00003411136120649654
0.00000003050600680603
0.00003442941039493356
0.00000000035600491158
0.00000493641051091512
0.00000001199438803844
0.00003987642669890434
0.00000006697738473319
0.00014870148478294098
0.00000006158133033225
0.00020291821506855376
0.00000072824146608480
0.00009889720257196368
0.00000000000000000000
0.00000000000000000000
0.00000078830928119258
0.00088591244997612746
0.00000534018817346656
0.00052226509266143538
0.00000010465007549945
0.00000006026464274288
0.00000001549540140039
0.00001432214939485277
0.00000000135292125036
0.00000676407800376738
0.00000000649259285611
0.00000000000000000000
0.00000025326367594531
2.00000000000000000000
0.00000040464155906043
0.00000222957321793980
0.00000001641750507441
0.00002484526206021984
0.00000004294835963949
0.00000002553067796395
0.00019799571799085858
0.00000005307547048812
0.00013546018220389704
0.00000025541682222556
0.00004340433462061484
0.00000015815093267328
0.00037862660938203096
0.00000039584682814700
0.00285100004192761002
0.00000028579373788246
0.00001787108477264258
0.00000016630380223997
0.00053929273761921306
0.00000238713264737567
0.00007433421912501115
0.00000027461043054360
0.00030951188693848240
0.00000002336188603867
0.00028803947330677000
0.00000068637626840974
0.00170578749671351786
0.00000055775593583821
0.00055775593583821720
0.00000000045344428863
0.00000357460860661462
0.00000006945064176557
0.00006945064176557618
0.00000021926856404431
0.00000026658381786528
0.00000007193510963831
0.00007026810876296272
0.00000004091805103376
0.00008440901101636574
0.00000011398942463727
0.00026180637677908004
0.00000017778799386080
0.00069062140073288592
0.00000207917789805110
0.00031633664574192556
0.00000030903201616064
0.00099541543088883280
0.00000133093117865117
0.00000000000000000000
0.00000000000000000000
0.00056892163268837058
0.00000052904986052686
0.00232237731817774400
0.00000044178495783650
0.43497423207670952440
0.00000000377706116342
0.00154645397648214122
0.00000066237645759516
0.00049935539189992538
0.00000101776966901085
0.00006067894193171539
0.00000000000000000000
0.00869428522033542242
0.00000043449360368198
2.00000000000000000000
0.00003028127913405574
0.00051780956760921400
0.00000061599205023393
0.00048490361664353040
0.00002522515707949576
0.00000002953680726923
0.00007590047982843668
0.00000007725202442995
0.00028041826519176080
0.00000000334278042841
0.00005621959436176181
0.00000000509765075852
0.00005882538676866208
0.00000059265776098126
0.00001495466129275919
0.00000007408916791440
0.00011978121532353890
0.00000239762471919365
0.00623770785284964804
0.00000039695076632224
0.00008338914860603858
0.00000034806795789490
0.00005553520066263853
0.00000006663273645457
0.00029843517855790100
0.00000020518629678440
0.00030795405102175072
0.00000030795405102175
0.00004766204022032134
0.00000000056848325027
0.00014542040298170780
0.00000014542040298170
0.00000955073881720750
0.00000007727308876680
0.00006358119220191632
0.00000000874246213631
0.00014977995000509812
0.00000002409529660158
0.00010337499649961436
0.00000005626193071482
0.00013932014301465844
0.00000029573860841011
0.00015835177148114756
0.00000096901536932402
0.00031091806661863324
0.00000006842111364866
0.00032838049944378620
0.00000000000000000000
0.00000000000000000000
0.00000008076528975408
0.00000200599534848278
0.00000138207427224100
0.00020813486736656172
0.00000786777778069264
0.00000013488804748890
0.00000001884018866435
0.00018686135285480872
0.00000009919200529201
0.00086484718833911024
0.00000003847201841727
0.00000000000000000000
0.00000258921639041956
0.00000236875342599307
0.00002996121568298644
2.00000000000000000000
0.00000077048459568966
0.00031111250211957324
0.00000043831161513425
0.00000003336986100559
0.00000289422816116400
0.00000002712234589720
0.00001104616501549372
0.00000003400716623476
0.00004662083506145822
0.00000001596280759837
0.00000469258201561020
0.00000001346235724476
0.00008406401998343012
0.00000004448145601114
0.00000396073502279781
0.00000017121813556455
0.00006360513627735155
0.00000018683224486001
0.00071080524529410018
0.00000210508919973948
0.00323412007755184448
0.00000286577706001107
0.01621634063405627844
0.00000229868537262333
0.04122235471050181820
0.00003168574713200787
0.03168574713200787206
0.00003102707498385234
0.00026574859934516312
0.00000012861287654782
0.00012861287654782590
0.00000016012045611233
0.00025845397067664938
0.00000012752114636966
0.00003972398434183226
0.00000006006805992581
0.00001094707157240007
0.00000000028284962964
0.00000058635641366911
0.00000000167580249526
0.00000060369941367522
0.00000001989696683980
0.00001078314100529832
0.00000002050616148156
0.00002485281968701933
0.00000017603141998437
0.00000000000000000000
0.00000000000000000000
0.00013080943668658584
0.00000025789051014444
0.00148741411629862122
0.00000011596961898309
0.00008446749535121686
0.00000001489202566117
0.00737271870074200646
0.00000563408922505541
0.01215661869163303846
0.00000197589265822679
0.02462040262815188048
0.00000000000000000000
0.00004272579817494470
0.00000001115050815559
0.00032752516117359496
0.00000049255342605188
2.00000000000000000000
0.00000571881516294651
0.00888718693378759848
0.00002884365863274375
0.00000003775302492248
0.00000276529437813212
0.00000001790636665803
0.00000845123356376342
0.00000002494393439435
0.00001350224111074416
0.00000000947738904966
0.00001012018493218361
0.00000002309475619228
0.00003780503599096411
0.00000000269685552592
0.00008339370483707628
0.00000010695773729083
0.00047532893457832920
0.00000106412362897042
0.00094530980619763200
0.00000658291872663334
0.00726291413272320000
0.00000264438128878470
0.02041277364643755620
0.00000693668289391773
0.01274442302816408420
0.00001274442302816409
0.00948896090876359464
0.00000202206205440673
0.00006810148092381699
0.00000006810148092381
0.00013700808307928000
0.00000022399858037492
0.00005611598853875976
0.00000010236047786909
0.00009445455710641112
0.00000000607146830178
0.00000928942338909091
0.00000000003591835076
0.00000238827861684258
0.00000000098404531792
0.00001572231567715116
0.00000000795412113795
0.00000949688727204462
0.00000000057893307715
0.00012790535474260478
0.00000000000000000000
0.00000000000000000000
0.00000003446872493876
0.00036701812088328784
0.00000046976883434171
0.00024058192853552444
0.00000001867050895763
0.00057757589098011584
0.00000087126786931979
0.00069024493066728352
0.00002310143858910726
0.00120241049694300608
0.00004196750437705204
0.00000000000000000000
0.00000009314256640530
0.00001793995981738398
0.00000041422860787213
0.00021144490810709016
0.00000607990010283610
2.00000000000000000000
0.00001925564079659842
0.00000007924388333577
0.00021187998678655152
0.00000008666506829431
0.00001417988040406410
0.00000001951834624301
0.00000824200970756277
0.00000003876537581702
0.00004515915135888600
0.00000000644433547348
0.00003457920627289507
0.00000004138043047840
0.00000895477516464498
0.00000021994810871513
0.00042097275522616256
0.00000059745209539324
0.00191424683292600448
0.00002107192702349256
0.00323043351391554964
0.00001208936259248482
0.00774347947677702084
0.00004091984297650355
0.01017103613149334086
0.00001081247166740094
0.01081247166740095046
0.00001016431111447508
0.00110324338470125226
0.00000004984373045987
0.00004984373045987992
0.00000016224963133993
0.00014371997714443020
0.00000003769004922841
0.00021211564516674280
0.00000014373466824540
0.00005286778222703156
0.00000002523070458673
0.00000577403777029614
0.00000000520836233426
0.00000404542216876704
0.00000003940302273963
0.00008865094980892040
0.00000000682556380497
0.00004386406794526635
0.00000023752240539907
0.00000000000000000000
0.00000000000000000000
0.00003426844194040992
0.00000088914479714103
0.00034702561309406800
0.00000004316686832567
0.00027306120573098098
0.00000034462779619753
0.01468390585897359886
0.00000039946819971161
0.01884858347672002460
0.00002230076777480899
0.00423399848338462248
0.00000000000000000000
0.00011169611000953868
0.00000002635254002443
0.00027708844896901816
0.00000025313999281030
0.00802883837179352802
0.00001636273859251972
2.00000000000000000000
