13
23
100.0
8.0
0.00100000000000000000
10.00000000000000000406
10.00000000000000000406
10.00000000000000000406
10.00000000000000000406
10.00000000000000000406
10.00000000000000000406
10.00000000000000000406
10.00000000000000000406
10.00000000000000000406
10.00000000000000000406
10.00000000000000000406
10.00000000000000000406
10.00000000000000000406
10.00000000000000000406
10.00000000000000000406
10.00000000000000000406
10.00000000000000000406
10.00000000000000000406
10.00000000000000000406
10.00000000000000000406
10.00000000000000000406
10.00000000000000000406
10.00000000000000000406
0.50000000000000000000
0.50000000000000000000
0.50000000000000000000
0.50000000000000000000
0.50000000000000000000
0.50000000000000000000
0.50000000000000000000
0.50000000000000000000
0.50000000000000000000
0.50000000000000000000
0.50000000000000000000
0.50000000000000000000
0.50000000000000000000
0.50000000000000000000
0.50000000000000000000
0.50000000000000000000
0.50000000000000000000
0.50000000000000000000
0.50000000000000000000
0.50000000000000000000
0.50000000000000000000
0.50000000000000000000
0.50000000000000000000
0.50000000000000000000
0.50000000000000000000
0.50000000000000000000
0.10000000000000000000
0.00012057852522067844
0.00015832089763150688
0.00433484392303486804
0.00000281903909955664
0.00000166918359065124
0.00004351608314169425
0.00000516034464578680
0.00000011309490539678
0.00001741749033267778
0.00000154298250001643
0.00000047804427717615
0.00001943019816370504
0.00001712937291236210
0.00005887856083408230
0.00001855325047535788
0.00000096355262305801
0.00000407389699286102
0.02467554206487945866
0.00031767597305281792
0.00046841170243347800
0.00652082751663542242
0.00000026368994511662
0.00000070000927681040
0.00001108283900696862
0.00000097201987849020
0.00000086278064815338
0.00006129971280144274
0.00001192270882236645
0.00000166691831055411
0.00009027109848139882
0.00000669309583606112
0.00000324982058706843
0.00001288807126482812
0.00000041283862733796
0.00000060211346882877
0.00016808625054904770
0.10000000000000000000
0.00000162453059949621
0.00024742228026886224
0.00012785809716401176
0.00000003498730810257
0.00000044397795120993
0.00009062946280217810
0.00000003155933018966
0.00000247681072675667
0.00009264347505660298
0.00000026332692999727
0.00000005589639256161
0.00033859048822563898
0.00000719596931788121
0.00000258544213464966
0.00008898968091318948
0.00000020830155695051
0.00074523225017724522
0.00377950495447448246
0.00001298815067078739
0.00048184404018984498
0.00004160056133451620
0.00000004927493918042
0.00000066030599554040
0.00001227130149340927
0.00000199991914534792
0.00002795767110105474
0.00069084772354333200
0.00000041879619536217
0.00001080380858920547
0.00065529782672339600
0.00000021452312686643
0.00000007379310135701
0.00005849183205123936
0.00000024343379212261
0.00026040190369932184
0.00000191677698268110
0.10000000000000000000
0.00042064626665808040
0.00000110205309270701
0.00019675719947258324
0.00000287322420678586
0.00000019342659929812
0.00001794006105464113
0.00000027923201298078
0.00000018227650969973
0.00006913852632759662
0.00000382485307848544
0.00001502641768156788
0.00112416235280808426
0.00000404344554050066
0.00000013752422004790
0.00021340653298867164
0.00009276262458306086
0.00000061416761156833
0.01857608370716833606
0.00030761967380200776
0.00000000113220281374
0.00004460344320529617
0.00000366700371197807
0.00000016786915503860
0.00028043733624254580
0.00001667335913386406
0.00000132299272023620
0.00053777873541209498
0.00005845830360897508
0.00000002366234033893
0.00015572817681095056
0.00000028641597511853
0.00000000559599293379
0.00018731782520322272
0.00315515894645052002
0.00012918865014874024
0.00018614822725881832
0.10000000000000000000
0.00000680700509441268
0.00000337005115735808
0.00001833143459583320
0.00000465162066831170
0.00000188548857848499
0.00001172745959314331
0.00000123638809357549
0.00000075592293772356
0.00003000377728897060
0.00003004762339934832
0.00004023487977549641
0.00002442957294067898
0.00000160579134816644
0.00000212967972089966
0.00329266492662935386
0.00003932599206839092
0.00006524403097862610
0.00859327625186924484
0.00000063324695767107
0.00000155021415825501
0.00001642929352973400
0.00000233307025710219
0.00000136121974336176
0.00013650215448381912
0.00002052297589705634
0.00001043492695727506
0.00010345167638935492
0.00000467207448796000
0.00000398052966830051
0.00000910163271832653
0.00000066095917060051
0.00000209890556563882
0.00000192118158038362
0.00006250767271775161
0.00000045662945354132
0.00000637346511483882
0.10000000000000000000
0.00000942956338434943
0.00001208860930156113
0.00003591631391822564
0.00000761445494209184
0.00002491807782353453
0.00087478439086188624
0.00000129181771567364
0.00005957179946909865
0.00000232520709754996
0.00000159999581041467
0.00004192233961984167
0.00143899317759552240
0.00000040462718866809
0.00000415142395311085
0.00003913830962725303
0.00000043479858082776
0.00001489133008219928
0.00008359122948334965
0.00000208004992942205
0.00003607495690376885
0.00144357044115459562
0.00000124002586555857
0.00009083093338833258
0.00064409128843774458
0.00000181112259519243
0.00006304989022933230
0.00385152952733891520
0.00000469578004350721
0.00015020291841711524
0.00076773677841351616
0.00000184348938703911
0.00000279249784564042
0.00000004198914657603
0.00020013058332125236
0.00000774599935370886
0.00002314797526538678
0.10000000000000000000
0.00010080860944591920
0.00002263291498168607
0.00135460441018166640
0.00021084072109494444
0.00000493662773599589
0.00013350611786453004
0.00003443641536458831
0.00000259541734982160
0.00053421559268571240
0.00002187854126951361
0.00000098736209642858
0.00005091869117583457
0.00000264977136008702
0.00000005040610761384
0.00036851617304924304
0.00001185843065773277
0.00000115991722782170
0.00025538023499977024
0.00003300147749618800
0.00000242088395234492
0.00526438723669562408
0.00014321158664604260
0.00000565794846092166
0.01178752022927135684
0.00006364905870494232
0.00001831742842810000
0.00051331044069911880
0.00010810831408985422
0.00000364962877655749
0.00139358357770660186
0.00007299924278804531
0.00000053427854959829
0.00000293043547248301
0.00004224907781049259
0.00002975620790209082
0.00010108284143414038
0.10000000000000000000
0.00004640168339090942
0.00001401011416644255
0.00449950957353067462
0.00049221670487344440
0.00001630594370504730
0.00048483100607592240
0.00001160087620893386
0.00005325456898974247
0.00036942110179730720
0.00001368964823786594
0.00001209158019830379
0.00000247352706680296
0.00000151565439006822
0.00000064289651614134
0.00004169990520980376
0.00001081225447832311
0.00000329361133672339
0.00050375017002248298
0.00002834062229633066
0.00004398639688636094
0.00128656337662121568
0.00002557687443471707
0.00003664804313699877
0.00182526139681598646
0.00008182096690285618
0.00034538613413140418
0.00948189461237115620
0.00042219346162811680
0.00012262004238934522
0.00000647073629917342
0.00008152337999046438
0.00000014746375160255
0.00000801367098554943
0.00006608447400438495
0.00001696394069010236
0.00003468487810097980
0.10000000000000000000
0.00000275922013537210
0.00004368760550440625
0.00038702224493789706
0.00000264255336841984
0.00004679736950129151
0.00219982830758052160
0.00001479038041066801
0.00005370709548181005
0.00044492249094237898
0.00000005039151719977
0.00000397198465891311
0.00011130433405121152
0.00000191573312692094
0.00001349245828619745
0.00032093382557652152
0.00000035209070270829
0.00006222121458407036
0.00094591162557790282
0.00000943226013993346
0.00010026368741049956
0.00015195621197088396
0.00000074862388893491
0.00022565795872085418
0.01064236873481251042
0.00000255570513265539
0.00030236599583470944
0.00062685732830879904
0.00000994070403402522
0.00000008872070219526
0.00000001776018495434
0.00000855657446450041
0.00000203216074347470
0.00000876503057357262
0.00063519295684606640
0.00000655171572982317
0.00000172620863985657
0.10000000000000000000
0.00007456281622801805
0.00000215202790960297
0.00235952050724644448
0.00000592266567323983
0.00000077386369733271
0.00024217369421458778
0.00003245520679331570
0.00000000545972567590
0.00000014956339552589
0.00000144335317987104
0.00000000493592098024
0.00008970706028968502
0.00000541663216423581
0.00000207136569837582
0.00092851647231009002
0.00001873891978704025
0.00000082172455785221
0.00115201583189344522
0.00010952719510387804
0.00000137476906175705
0.01132349396408175202
0.00008214295209293592
0.00001461061038856397
0.00159214626793720022
0.00028950659623244632
0.00000301109253562829
0.00088510997950776448
0.00002349631491531524
0.00000239687162535630
0.00000022902003249396
0.00002173553548897451
0.00004932435324703524
0.00017001213799613264
0.00361835187805242560
0.00004699995309970653
0.00012821963912483902
0.10000000000000000000
0.00092469104561108986
0.00005626886690200303
0.00015522651709154144
0.00002833742563545086
0.00001553190967603049
0.00053679658949580258
0.00000929344788313454
0.00000838201050308773
0.00001323214171862547
0.00000139877029384501
0.00000221770062825280
0.00001974577540866276
0.00001900727863457818
0.00000481343759791848
0.00036639264118362424
0.00000176419353136980
0.00001336098022271244
0.00355397828185180186
0.00006698273526449912
0.00031083690066741524
0.00300256387149617246
0.00035775228636506578
0.00005568969115787374
0.00472347606988127528
0.00003221787630893434
0.00038360362536757440
0.00000294311522253206
0.00012676485959986304
0.00000021138348668456
0.00000324006185647453
0.00244838649344028160
0.00000562843821838211
0.00055967261320497152
0.00058871784311882440
0.00000523253612190952
0.00130746099167375626
0.10000000000000000000
0.00000097864633373700
0.00000266897656833998
0.00007509577844354648
0.00000106344102670566
0.00001277968313078472
0.00035745160770396152
0.00000069587207977485
0.00000129735299015758
0.00010159765618884650
0.00000009932416586470
0.00000058182236875993
0.00017174396455711176
0.00000015258719417226
0.00000264094446381013
0.00001131560737701506
0.00000128953905207581
0.00001448418619493904
0.00001432522151743057
0.00000037090274175064
0.00004543251120090962
0.00132423382270327760
0.00001884586565214097
0.00097366703875260906
0.01997944487270696428
0.00002836166832623253
0.00000040322628970683
0.00000015933594860373
0.00003545642327070469
0.00000087601282170516
0.00000159887546266700
0.00006731210057651680
0.00000819894734654493
0.00000177758136880344
0.00253701212973674048
0.00003518314918281740
0.00000043277306686191
0.10000000000000000000
0.00069386213078722720
0.00000050077615009450
0.00006204488359998872
0.00001437197127491288
0.00000006863021690714
0.00001347741934855035
0.00000279704038592265
0.00000002540722416472
0.00015079801051831824
0.00000706314611821972
0.00011123618597018402
0.00549929098851923840
0.00054089047503040224
0.00003992751063331404
0.00033136907557976400
0.00004379836867287579
0.00000187195306785965
0.00051035792930783992
0.00003508748274332028
0.00000126715249002932
0.00007493898352653710
0.00002790845365148279
0.00000010604611214796
0.00084984274025881904
0.00003746417820979942
0.00000007731442658503
0.00000448381646023722
0.00007948169802217944
0.00016854364620489502
0.00003968881919660553
0.00055726377104849466
0.00007195905132450102
0.00001455708003980035
0.00022186598165880684
0.00000269797224265662
0.00158610323178004502
0.10000000000000000000
0.00000004624340454948
0.00009828799645346838
0.00012290371096706122
0.00001029789590018834
0.00000814811393306709
0.00002895320526014380
0.00000105663662401178
0.00002284313231767651
0.00007910265471059145
0.00127710517276074224
0.00236285820779705600
0.04714228349810204062
0.00216541211592236128
0.00001297429090537157
0.00142671439949329002
0.00007575345188849999
0.00000607999300148496
0.00005581391976700606
0.00006378285983400762
0.00001565064056779675
0.00055121155931713984
0.00004035113062354212
0.00002730010565457476
0.00099791448219974704
0.01415025912575602020
0.00053223251929830240
0.00240499518565648042
0.00019876787120230484
0.00009037958118492972
0.00040287850445148826
0.10220347301039732208
0.00005746910138003376
0.00122376514185962704
0.00229361816865856246
0.00003458715036732637
0.00000139721320273103
2.00000000000000000000
0.00019373996482149660
0.00352084339185031124
0.01753253602833760000
0.00000301492586156741
0.00031884323306317180
0.02536000357937762464
0.00015510945248224200
0.00004546190550494461
0.00481050769653742248
0.00001140916425465410
0.00008962435378537875
0.00099083542856283722
0.00023877131473874260
0.00063757197235897600
0.00466238391280928404
0.00055814318072475058
0.00303696888635327780
0.05626356472185147282
0.00001653234033964278
0.00056464594287836098
0.01129533293046213860
0.00003202472703823238
0.00110280621248815808
0.00009668722571773576
0.01280162625224484482
0.00103537326997810186
0.00004397375463302786
0.00598094540175667200
0.00059460743405870704
0.00022092576562648496
0.00578211940414851840
0.00021565160666403716
0.00001044261254258713
0.00137774002670795082
0.00095478045364009626
0.00006228871525321532
2.00000000000000000000
0.00402479583142735040
0.00001305405617523098
0.00212635553069287242
0.00037574200012198720
0.00006026121431883098
0.03810528822120249604
0.00117160880199588826
0.00002223712714604445
0.01673681184445379624
0.00101061945491342602
0.00007912082896885776
0.06278453967275871228
0.00293084075288414248
0.00044923086052017328
0.00275130392383744042
0.00004608232878225687
0.00013698187978947462
0.00310113846355911764
0.00075889374171377066
0.00001677728256790210
0.00262126714094272986
0.00037773537362658138
0.00003776071851526409
0.00005005106650291656
0.00068333827497031720
0.00125240803866319520
0.00026625469308756352
0.00448353734004552404
0.00087201573534972016
0.00084230640089620426
0.00810145867342900164
0.00013640851165252972
0.00034689918020329992
0.00129775785026135840
0.00123044582210080106
0.00437491365199680724
2.00000000000000000000
0.01253449331628944424
0.00454618031766567124
0.00050632342641465386
0.00000956403017832496
0.00004370933562413749
0.00296395254710817762
0.00000283290836342751
0.00015420951142935450
0.00814362486119455046
0.00016046677198233428
0.00121408261894271840
0.04877874901607715206
0.00014869239445096884
0.00425644432790515520
0.00381090478834081762
0.00022135822872927660
0.00022236331749614088
0.02792369775786447682
0.00060190227483364898
0.00007783210591662768
0.00002623380887366469
0.00173805429745625984
0.00000227645563743066
0.00006006579763352394
0.05748801754932168080
0.00001606843658758481
0.00022218239484707548
0.00966040376860621608
0.00000018948498663959
0.00018756361901865484
0.00510219323219604580
0.00000221523889164894
0.00014541038646797988
0.00819367608007901068
0.00001897533148575909
0.01676196949953418440
2.00000000000000000000
0.00077395089515020128
0.00000678252498219143
0.00077334319278615600
0.00000292618124375720
0.00005076845560511231
0.00055475232864463112
0.00000475640650249660
0.00015416494799889456
0.00315904331800644984
0.00002239039408227162
0.00005804324119604385
0.00248715673655443766
0.00002266186165371914
0.00044759751046620304
0.01056299911779609600
0.00001915417079889577
0.00092767580513583402
0.04141942054704444066
0.00000384267672976723
0.00013197347232414620
0.00000484068579560093
0.00420318396484491284
0.00009478576464918744
0.00001923376682033559
0.00098597315696079648
0.00023350226786110160
0.00000130184428401465
0.00000617618060440055
0.00020128463490454980
0.00001181842890328775
0.00051760996062324384
0.00013689724616192484
0.00000167649157631526
0.00367765057191569122
0.00723361862441287848
0.00092088223380570602
2.00000000000000000000
0.00004073526760219600
0.00000399339832824281
0.00003266834473605468
0.00012806566905142684
0.00000179161649989598
0.00085460376565705888
0.00000221227198974655
0.00000736475362497535
0.00462563821892069928
0.00048292163624140144
0.00000950370615398126
0.01081400295702181860
0.00080708711912090240
0.00000637312834721924
0.00368444836901486248
0.00054218523790744224
0.00004109677720457324
0.00054271187150695626
0.36339592616139786000
0.00787304568401491468
0.00083057808694652640
0.06662130151741319288
0.00008971046848366150
0.00002332561021719268
0.00002171508142008375
0.00004664938487151289
0.00002709592846018053
0.00014445391609995340
0.00001001671333594697
0.00004883502038991366
0.00022114189200852004
0.00008060067809139564
0.00029543441002871504
0.00036624670394786424
0.00000366875611433740
0.00001851856483837739
2.00000000000000000000
0.01016105279471418026
0.00058638502863059386
0.19939316952207180806
0.00000737385299223532
0.00001995423947081217
0.00039774495894260976
0.00001193849142856861
0.00006435337186883996
0.00012757863647509020
0.00012943398239545290
0.00006253049021081970
0.00024491577030129418
0.00018220006139237424
0.00000381268040968597
0.00010331194168360888
0.00002257389813926855
0.00000470845968792839
0.00967618214546987846
0.08258332474115844268
0.00001137367108511325
0.00164570343713303508
0.00174926020475838506
0.00000091772822397261
0.00002752018128822797
0.00270368908765390208
0.00000019164872560927
0.00003158289165395205
0.00162239683594717386
0.00000091747907754315
0.00001669192193881559
0.01325919371006391040
0.00009799761968631056
0.00001430846200968342
0.00086517910266734864
0.00000375479039503665
0.02101575619501838828
2.00000000000000000000
0.00005744150287476988
0.00020931583256852476
0.00015388775487951876
0.00000007486625678812
0.00002130411152926742
0.00021354854142331444
0.00000869122465605964
0.00022043794054986388
0.00673863768837291126
0.00000184579945839517
0.00006938263427251015
0.00282850195903405046
0.00000517426769885353
0.00000289668881529110
0.00027711885086318900
0.00000317638049578866
0.01520548382661318826
0.00030245279569623524
0.36662388489442720026
0.00290981591602114964
0.00002071063001411903
0.00715056435009728268
0.00001244070585658882
0.00004959438654641351
0.00371207893989815522
0.00005336558202546782
0.00000169036763559986
0.00580346544262426408
0.00038458220191437472
0.00008642888507868030
0.06604131921103542462
0.00006969137980991899
0.00000348889433924215
0.00003273580591767714
0.00129253415497247488
0.00006121792922764121
2.00000000000000000000
0.00503623117332134180
0.00000036781956223749
0.00579394222926772402
0.00039478675684161376
0.00002201206059954278
0.00338624379904820984
0.00007735701873761008
0.00000302619663154032
0.00749606759169190084
0.00008958957849154132
0.00005145463836256313
0.00010236988678985344
0.00008686602104314050
0.00000121436185045967
0.00055910668207554698
0.22682023595976960002
0.01202329090242096008
0.00650559886340856646
0.41066726076103376806
0.00076005542087640768
0.00024655712847237960
0.00086466045176321952
0.00037427875460226552
0.00024017428173850256
0.00050914220838699344
0.00001061019180084738
0.00029127053916188224
0.00142702362523931760
0.00002714406326860021
0.00217580360978721920
0.00506387156635075468
0.00006486152048329152
0.00013751029323532972
0.47095131032040458000
0.00023903500140734744
0.00539650066640543842
2.00000000000000000000
0.00009511752331980848
0.00017273784541660424
0.00116265676081252522
0.00013546067744363400
0.00037391911839422256
0.00370479021347835604
0.00231634469909302646
0.00090518778433781600
0.00011256879723816110
0.00156120875366049302
0.00016393659414834476
0.00141369946953575386
0.00011822225629959372
0.00005978622211188116
0.00000601338414489550
0.00068055361822873400
0.00000001569797730459
0.00001984041322291321
0.00279716945255510560
0.00001581115649116007
0.00014698502130881024
0.00583667992483572008
0.00006021438147687130
0.00032131510594359138
0.00205333872494922324
0.00300739692733917002
0.01510473330344629028
0.00188306118311186880
0.00002707459941276297
0.00000317314746702896
0.00046466354361767280
0.00000126122866313763
0.00001141843281801189
0.00011521519942005632
0.00000025839713527321
0.00006236010342189858
2.00000000000000000000
0.00093616692566362480
0.03596794464406514024
0.43339818455819146008
0.00004460781063625047
0.00024450950623562978
0.00589423509383208982
0.00002395584449311347
0.00033038025080753058
0.00155891057871287040
0.00000728039009993941
0.00020784852806375388
0.00072596350935203786
0.00001914975557060734
0.00001272858308623892
0.00000064274712294095
0.00049310424436779840
0.00003872756469261145
0.00005549868737229931
0.00277571459144233408
0.00003570097341965813
0.00000510570631381622
0.02152206556941937282
0.00006488098522631265
0.00000145461509102401
0.11855018896483768020
0.02228306599242462820
0.00000356105136251173
0.01624826457290268486
0.00013772721901780184
0.00000317664964116223
0.00047969420145255592
0.00002463758262235731
0.00000004469333056777
0.00324547239768857920
0.00009029936149335060
0.00074645594556007760
2.00000000000000000000
0.07415842518831689648
0.00179167978777342528
0.00367890629068824184
0.00024905048155299956
0.00000468118734683643
0.00194296070046771808
0.00002635256999763850
0.00002967286250377230
0.00054055254840964624
0.00049528375727588160
0.00000615142460308821
0.00040135606666131112
0.00021282110993679200
0.00000909592138412015
0.00004281235495887730
0.00043344579189205624
0.00101648783522793248
0.00037879856325910098
0.00576647385908536184
0.00095285577459843440
0.00045869742555341946
0.00521550355352023606
0.00002658744982477358
0.01231380570608964804
0.46949969424618618248
0.00002954186134557992
0.00103611823172683424
0.00768092968945895208
0.00010873351007116356
0.00000131137107526771
0.00051862686656987978
0.00001343097189077984
0.00023353595199682244
0.00064185379822067640
0.03028683712905593862
0.07831553366086052240
2.00000000000000000000
0.01176157978648893606
0.00076554392670566506
0.02869560838562312002
0.00092140218691379008
0.00007260497112070905
0.00527476176363219604
0.00056826289735413858
0.00008023273599624348
0.00554606165879581204
0.00025087651638149564
0.00039203818197771226
0.00003896063318028246
0.00035284117873093996
0.00000409087163995007
0.00012847863078455252
0.08490270475552492804
0.00005800108144001548
0.00067716060512899392
0.03023614569389511248
0.00004198510051495922
0.00005241829720547975
0.00023778391064825240
0.00189732783227794528
0.04501450111763472002
0.00068171135114152440
0.00016931665131290424
0.00031591360303948124
0.00465072359177899604
0.00000911239386274723
0.00003249278666661252
0.00028101390049206938
0.00002717934913450889
0.00015609357155314528
0.76175018632202026624
0.00394943515641557120
0.02455007591587446082
2.00000000000000000000
0.00005407113156209147
0.00205143656707204726
0.03457757786535540042
0.00000726485369489358
0.00018558597804848744
0.03547283774148095268
0.00001885805428008065
0.00099764232069661120
0.01727686103851491208
0.00002192229572988582
0.00003426914621162959
0.00005698402279736765
0.00677224733428423040
0.00007428195945760915
0.00007227137517415236
0.12498617471391482686
0.00104148428222784064
0.00029877459441831618
0.05832831192240470440
0.00039339336788675624
0.00002685289558874063
0.01560393559250304426
0.00026726835432978698
0.00016279204491934196
0.13314154290598688020
0.00236855504154603446
0.00003266470303852125
0.00567150020332904802
0.00017356447689461196
0.00001133350391154567
0.00414332122489257768
0.00042697404413780512
0.00007769416777906964
0.00803610029430171148
0.00158346812370724800
0.00005358182326779754
2.00000000000000000000
0.00133227222575643760
0.00004196807471950307
0.01548361723097086082
0.00563243774673349860
0.00001345481835982600
0.01338934327410103848
0.00076254949360695120
0.00001874497269861340
0.00434127170790216724
0.00188623605780854848
0.00061712959304413752
0.00031192831287654104
0.00577071108814866246
0.00410113499849033280
0.00263406822304089044
0.02359936025787045804
0.00246040319380402166
0.00429613223014031386
0.08106589769648732860
0.00023366057303516244
0.00159777205711520246
0.02276856535621325642
0.00033675570277242076
0.00481490593035144588
0.07372259467992535440
0.00006559992557509422
0.00045870942828765664
0.00026656443576665920
0.00022269182876204264
0.00007332715242908112
0.00327734482927883200
0.00032991949070365356
0.00042145258546648072
0.04598215916821793848
0.00157487045580327626
0.00103211404519012640
2.00000000000000000000
0.00732393741791297862
0.00438628168880591124
0.01517988698933568000
0.00314603141225726562
0.00013285227765075430
0.02364773334355659626
0.00123131345701481226
0.00220335876782541380
0.00033704754744724176
0.01400994217006733608
0.00002273881229999100
0.00079709262608537002
0.02671753236725875622
0.00009560629326709532
0.00043101774217303218
0.00342578180863383208
0.00004954091857104004
0.00140366973360995984
0.00021231042293537112
0.00006273797165612649
0.00111065628913373946
0.00226241569036208566
0.00067802202018243352
0.00020646067341502456
0.00258245924308006208
0.00000829340040870556
0.00024845697584986296
0.00625415548525511602
0.00000263536558442430
0.00188252319708245568
0.00730665007841226880
0.00000727773084381417
0.00135644376309550186
0.02438708780328868040
0.00002986980525359253
0.00672857744373933608
2.00000000000000000000
0.00013412412285502016
0.00119034930004718208
0.00388676546451818980
0.00000898441311539619
0.00025564862858035004
0.00388312597831673526
0.00001610618299311031
0.00004508868701028586
0.00000812631732873068
0.00884404585753224006
0.00038778848392037120
0.00007188425989910148
0.19058423906818628266
0.00059092927280105824
0.00001614886335127043
0.39043774488468160062
0.00623263458736006668
0.00000525977359765302
0.01636618371982598084
0.00008529378167730028
0.00025914750588638960
0.00397328594648634586
0.00565499961643427840
0.00002251453300850508
0.00902948863906076002
0.00011485019911838500
0.00000163914781705743
0.00624617659245403520
0.00070390308871776720
0.00002841445813591504
0.00289028734710963008
0.00010227181168703180
0.00000490263187444901
0.01054442274396008006
0.00385577947760828186
0.00012833465065864148
2.00000000000000000000
0.00578005374641922008
0.00008406978420900762
0.00619342792426721122
0.00174299084004704224
0.00001579579886331190
0.02180546473715897862
0.00271668765258650400
0.00023324140074672832
0.00106962434422234528
0.00427740858729824320
0.00278424854746860768
0.00114497031416696704
0.03274518836309157668
0.00541585019878889128
0.00315122460963193442
0.06698368873274049886
0.00071682222050084058
0.00125187935501288042
0.00087115317659155498
0.00156884292330454368
0.00007404289345137726
0.00563315149269574804
0.00049475789347078064
0.00074978163393834986
0.00050048881897012032
0.00006855231103269728
0.00008305694787462426
0.00009739348857594142
0.00043599316582218096
0.00004361518218341187
0.00826666144271161128
0.00013934304023874424
0.00426760772827625060
0.01484642596910388806
0.00126721168494681626
0.00643086787335368644
2.00000000000000000000
0.00040648285267308744
0.00213248866775246400
0.02909973901340937866
0.00118629301362663242
0.00593212113770103926
0.00011845476981751444
0.00831959174591926982
0.00000025461107751258
0.00011360239583373368
0.10002105397900330660
0.00019377657378189576
0.00086322013031746480
0.15020653171074900220
0.00032961877470197392
0.00469346681373029786
0.01228694519695605604
0.00002658726564038306
0.00058545095215225946
0.01709231519685278088
0.00012943347564530076
0.00019242147145905480
0.00686636429114370660
0.00000348178199131565
0.00021895792871194336
0.00164347206804511444
0.00002805288509177246
0.00079434177344318752
0.00120982160367836224
0.00002888076465120434
0.00052373443783174960
0.01566284255176076268
0.00000599515560516789
0.00180946822575623124
0.00243331095393953920
0.00005500626676311424
0.00023904340025213298
2.00000000000000000000
0.00002381070256473400
0.00454123493900372648
0.01274493727906289066
0.00000738688233033788
0.00012197802464005336
0.00000577609206901358
0.00355372238710115244
0.00020526518661690876
0.00025862031811658296
0.01151631586841485608
0.00772784764578324806
0.00007649938823147511
0.07617689115802170604
0.00154946882830439508
0.00037084466593149992
0.00333464258673169448
0.00030465993649362556
0.00001065135075493251
0.00621443070996875462
0.00040993755450965280
0.00002640581972505515
0.00426892068443408582
0.00000971715792198718
0.00000637604594925353
0.00011836462497145578
0.00017689641578677700
0.00001198261160001734
0.00111579359290789024
0.00015682313568575912
0.00001765908643082437
0.01265256559488481280
0.00016205170769204816
0.00001192877068599134
0.00859409255825859200
0.00265961002189179648
0.00005049738755791512
2.00000000000000000000
0.02150593214337439262
0.00011381958023555856
0.08120222062352060840
0.00029465377290026952
0.00000121025704347639
0.00000398121290989225
0.00028588778944262312
0.00503889297270760000
0.00147738754071048960
0.12922622094292602680
0.00551292434695712404
0.00843724406248035200
0.08005189570356422406
0.01167046824455896264
0.00075644809789407680
0.00653587011851626586
0.00022158911775448548
0.00092632424466925024
0.03135662823189955202
0.00077899450687290554
0.00038264422812634176
0.00016038407694632278
0.00000217423385502333
0.00006117887679572511
0.00092918477997345146
0.00020837501901441284
0.00062273302341590640
0.00660305769256943124
0.00056904692623604200
0.00043892389610883720
0.01757017124060532264
0.00020675275783886076
0.00147321424905977248
0.02210661205238690460
0.00586641170463804260
0.01309966345515816428
2.00000000000000000000
0.00751977366489641128
0.00747101509892360162
0.00001470418313196987
0.00149449194992246048
0.00000012118024428778
0.00003234353116186266
0.04012412816089637824
0.00007769991249854826
0.00896403458397764266
0.01780550482873227620
0.00013671077681113978
0.00085063512372080816
0.37307635952507328060
0.00000447790228636854
0.00074537926065091904
0.00690570071694122240
0.00003190363578656711
0.00105297706796540384
0.05418495091624088026
0.00004518473545095966
0.00005459511512877099
0.00032404623576549800
0.00000133240479166104
0.00012105444366740230
0.00113383534368620304
0.00001204925003647940
0.00046532556015354418
0.01535233922633808002
0.00001680902413698163
0.00142525180791531520
0.00489244356082511842
0.00002079930871442132
0.00140398209326350800
0.02564913778346289604
0.00010800785638144112
0.01171497238352358400
2.00000000000000000000
0.00015495283244406640
0.00002251548393519895
0.00000653012637805701
0.00425869109197107468
0.00010783210064813736
0.00010115241846189350
0.03114922339987278084
0.00273335379161477046
0.00029644565817184978
0.04219084779427589820
0.01063338333506216420
0.00055601749023621720
0.03767565369875649842
0.00052945406956021600
0.00002055590109071403
0.00523325876116116008
0.00014295326401068422
0.00000527777512598627
0.00062646334589209184
0.00001195551937956732
0.00000389956171760841
0.00064405820812051480
0.00006427246698223848
0.00003140080633159985
0.00082538488086421824
0.00076342720299068928
0.00002045210982142249
0.00408711655250998584
0.00267762996122736202
0.00002130489210871198
0.03014498133698315624
0.00737092467621659048
0.00001560768944599872
0.08090002192176460800
0.01221964193733768422
0.00016268289245508070
2.00000000000000000000
