26
38
10.0
8.0
0.00010000000000000000
10.00000000000000000406
10.00000000000000000406
10.00000000000000000406
10.00000000000000000406
10.00000000000000000406
10.00000000000000000406
10.00000000000000000406
10.00000000000000000406
10.00000000000000000406
10.00000000000000000406
10.00000000000000000406
10.00000000000000000406
10.00000000000000000406
10.00000000000000000406
10.00000000000000000406
10.00000000000000000406
10.00000000000000000406
10.00000000000000000406
10.00000000000000000406
10.00000000000000000406
10.00000000000000000406
10.00000000000000000406
10.00000000000000000406
10.00000000000000000406
10.00000000000000000406
10.00000000000000000406
10.00000000000000000406
10.00000000000000000406
10.00000000000000000406
10.00000000000000000406
10.00000000000000000406
10.00000000000000000406
10.00000000000000000406
10.00000000000000000406
10.00000000000000000406
10.00000000000000000406
10.00000000000000000406
10.00000000000000000406
0.50000000000000000000
0.50000000000000000000
0.50000000000000000000
0.50000000000000000000
0.50000000000000000000
0.50000000000000000000
0.50000000000000000000
0.50000000000000000000
0.50000000000000000000
0.50000000000000000000
0.50000000000000000000
0.50000000000000000000
0.50000000000000000000
0.50000000000000000000
0.50000000000000000000
0.50000000000000000000
0.50000000000000000000
0.50000000000000000000
0.50000000000000000000
0.50000000000000000000
0.50000000000000000000
0.50000000000000000000
0.50000000000000000000
0.50000000000000000000
0.50000000000000000000
0.50000000000000000000
0.50000000000000000000
0.50000000000000000000
0.50000000000000000000
0.50000000000000000000
0.50000000000000000000
0.50000000000000000000
0.50000000000000000000
0.50000000000000000000
0.50000000000000000000
0.50000000000000000000
0.50000000000000000000
0.50000000000000000000
0.50000000000000000000
0.50000000000000000000
0.50000000000000000000
0.50000000000000000000
0.50000000000000000000
0.50000000000000000000
0.50000000000000000000
0.50000000000000000000
0.50000000000000000000
0.50000000000000000000
0.50000000000000000000
0.50000000000000000000
0.50000000000000000000
0.50000000000000000000
0.10000000000000000000
0.00000110842609175511
0.00237596667528373920
0.00000189574613812622
0.00015175660480932684
0.00000350809582991468
0.00007473902940335186
0.00000395689138354200
0.00039317174530277592
0.00000122029113738815
0.00004408207941407837
0.00000011488548717963
0.00000667622465106770
0.00000023784010474099
0.00000570598808942699
0.00000068966403179518
0.00000025228773630525
0.00000000317558139638
0.00000015792353789997
0.00000000130547710781
0.00000003615310811025
0.00000000030485247319
0.00000040631442872111
0.00000000406314428721
0.00000022817591318237
0.00000000001181516698
0.00560898133654229440
0.00005608981336542294
0.00053496357951755120
0.00000205001503522884
0.00166708418361476906
0.00000353582655754022
0.00108343924275463680
0.00000481270179211815
0.00005197417800862610
0.00000604809864658257
0.00036554842848963946
0.00000245431409812984
0.00000756702688268646
0.00000015392431744784
0.00003353947805405234
0.00000000145708960553
0.00002470422918227291
0.00000000000000000000
0.00000000000000000000
0.00000115044029602682
0.00010146879832726196
0.00000018327463845168
0.00008409977601944899
0.00000006642578799226
0.00000000092320344159
0.00000000665181726438
0.00000039040104663854
0.00000001134717785716
0.00000012366138318594
0.00000001167473851160
0.00000000000000000000
0.00000009840031452987
0.00000033384789750951
0.00000012054410783705
0.00000653866926397290
0.00000000752647961883
0.00000046480244745635
0.00000000016411071037
0.00000169963468934884
0.10000000000000000000
0.00003520153629366489
0.00006843676113761449
0.00001163399091695046
0.00060923776865511760
0.00000538031042762105
0.00051529105462189378
0.00000029433538329158
0.00091252919647686784
0.00000042710676648827
0.00000298023024847826
0.00000114116719140386
0.00006205558224357344
0.00000008067257778503
0.00007415286371361615
0.00000000125462677076
0.00000039927350777986
0.00000002149925679592
0.00000040639549797714
0.00000000849067067366
0.00000052084942240173
0.00000002741461625970
0.00000274146162597072
0.00000000216416524990
0.00000000173903489264
0.00002702283551951349
0.00270228355195134966
0.00001315346622326192
0.00488548655251986324
0.00000604123251323562
0.00042607239997957328
0.00001240077877465710
0.00200706868700987840
0.00001021984641846114
0.00000121621103089510
0.00000412733676145251
0.00001219518534305648
0.00000046353441366861
0.00003213001276623769
0.00000000629474938221
0.00002428264966978043
0.00000031119332672246
0.00000000000000000000
0.00000000000000000000
0.00065135080394591560
0.00000598760081504894
0.00045742557505751472
0.00000005511590014538
0.00000245566915091725
0.00000000001297908014
0.00000151010110750573
0.00000002188930879052
0.00000595904094056088
0.00000000664878526981
0.00000422780816083067
0.00000000000000000000
0.00005338735167583465
0.00000024273222623291
0.00000276021963417995
0.00000004440184756600
0.00000298448593945551
0.00000003362300569132
0.00000196010441752507
0.00556687175709438400
0.00005378778289117291
0.10000000000000000000
0.00000700647549116697
0.00004916443161924782
0.00000000670784436496
0.00031925015778860152
0.00000108277717063521
0.00048687910432289098
0.00000098067811594665
0.00002576356377295276
0.00000002667795468474
0.00002226367940359541
0.00000003189281293209
0.00007892532217299506
0.00000002320366875729
0.00000012033916091871
0.00000000108349661007
0.00000016784946485584
0.00000000288205175450
0.00000000007631782970
0.00000000033902528041
0.00000027982525542254
0.00000000279825255422
0.00000026820835512753
0.00000000001267673756
0.00776321639269115620
0.00007763216392691156
0.00133486875599868202
0.00001513633584491990
0.00060099317767361226
0.00000548703253202592
0.00312258723273983202
0.00002893708924888604
0.00150686662898301984
0.00000046644844893923
0.00045835353197356864
0.00000026538898967711
0.00015209785268619944
0.00000161107853292267
0.00011968008170901910
0.00000019283675550669
0.00003357082303888711
0.00000000000000000000
0.00000000000000000000
0.00000062453634353991
0.00017401458588442030
0.00000049095502615761
0.00008374382559218385
0.00000003350649026111
0.00000000052868510220
0.00000000661671113132
0.00000025997410563718
0.00000000652651121736
0.00000006824603552548
0.00000000626330634052
0.00000000000000000000
0.00000001218154340991
0.00001147037098516214
0.00000005824639018425
0.00000086933468610711
0.00000000633500274227
0.00000006839214014709
0.00000000310851289508
0.00000322760404509914
0.00007598724042032811
0.00000509130138934221
0.10000000000000000000
0.00000038198353910155
0.00038844792073040040
0.00000110103221755279
0.00011960819902015018
0.00000148783524854796
0.00024633371391271976
0.00000176276710605314
0.00000015119837672027
0.00000127400003209352
0.00001170342546369659
0.00000007365193907029
0.00023515679230481752
0.00000000330340141783
0.00000016866426937446
0.00000000870365376420
0.00000027096424783759
0.00000000977192627605
0.00000025707620031323
0.00000000426709001200
0.00000042670900120040
0.00000000376601912520
0.00000000361787015789
0.00000026167513998530
0.00002616751399853023
0.00000229524658056787
0.00001949089269702819
0.00001358100510238276
0.00302436884898460406
0.00000108616492321907
0.00019570355365531058
0.00002236658845234494
0.00051151864567934818
0.00000159937692522490
0.00011391833663904128
0.00000183298056734351
0.00000358990809055178
0.00000008099001858933
0.00009016016566386388
0.00000045017816370291
0.00000000000000000000
0.00000000000000000000
0.00039688175405047944
0.00000374984475677526
0.00024147154344888504
0.00000113842001718888
0.00000488615450992196
0.00000000003129420437
0.00000044184515477464
0.00000000022647689570
0.00000008069422218007
0.00000000320196486989
0.00000117901646568670
0.00000000000000000000
0.00003074080466781189
0.00000031558778723516
0.00000265769453428434
0.00000004198848435983
0.00000008960198678520
0.00000000695222026117
0.00000070109957709996
0.00031729481498765824
0.00001586336247158816
0.00004387281740572671
0.00000046909407827354
0.10000000000000000000
0.00000005821522670487
0.00014899210955017872
0.00000211089035388412
0.00091040897526746602
0.00001203498563775366
0.00038643159745683786
0.00000185255105498343
0.00012451511436639828
0.00000330807184804896
0.00002446838398276415
0.00000038744500202715
0.00000008904803825858
0.00000000599864438436
0.00000141881091154693
0.00000001916276502879
0.00000037526411824272
0.00000000060200498402
0.00000036005042458804
0.00000000360050424588
0.00000026396048487092
0.00000000007817074508
0.00021920799077876204
0.00000219207990778762
0.00094740883171951008
0.00000752602316015521
0.00041965124919337898
0.00000267338663783420
0.00021749127551230956
0.00000772009179174266
0.00184650950057913280
0.00000437572596118062
0.00073077318586420352
0.00000838932357616308
0.00042926461356669096
0.00000330217875371967
0.00017142449475493122
0.00000332373332779620
0.00031815975567538400
0.00000000000000000000
0.00000000000000000000
0.00000008596033223561
0.00009131324002522840
0.00000085672122276974
0.00010290481723143498
0.00000013676338749736
0.00000001140563136555
0.00000000055670661975
0.00000027529765141005
0.00000001806078468958
0.00000081656324477917
0.00000000903005449552
0.00000000000000000000
0.00000103655893765978
0.00000280665294386738
0.00000011339764883471
0.00000016426916289110
0.00000000358585497870
0.00000171018119232975
0.00000000431119797449
0.00000480218811580788
0.00054388326120824000
0.00000000391904117357
0.00031232047049592712
0.00000003811438703971
0.10000000000000000000
0.00001197726395725605
0.00004066374767961359
0.00000795570609955578
0.00009150895928427718
0.00000061624154795693
0.00011571307176121142
0.00000130067275973566
0.00005910679527793535
0.00000142074805287822
0.00012310673834601716
0.00000000549652459071
0.00000049230364090242
0.00000001015296479689
0.00000064547281669662
0.00000000570913994276
0.00000015815527649978
0.00000000256841042690
0.00000025684104269033
0.00000001964048438988
0.00000000083627568219
0.00000069575846075764
0.00006957584607576485
0.00000032884717759114
0.00008342551617386170
0.00000686378817360566
0.00116205660030291008
0.00000193322607597323
0.00132131039365068986
0.00000911140063920644
0.00108382348665986880
0.00000497209681309934
0.00041695576467213328
0.00000692375458510171
0.00013574153092246036
0.00000006376640115575
0.00023731642001071624
0.00000055642101543547
0.00000000000000000000
0.00000000000000000000
0.00001779817270091766
0.00000016198946422554
0.00003282009171091303
0.00000021522800724524
0.00001660354897475888
0.00000000000940598209
0.00000266144248155786
0.00000000307760396530
0.00000149563014669497
0.00000000549029428549
0.00000014389799928439
0.00000000000000000000
0.00008607494407845990
0.00000006022319145375
0.00000567377889026861
0.00000004731715096251
0.00000060446118737864
0.00000001593531685560
0.00000197415295200982
0.00013696416758718550
0.00000643010398968822
0.00024970069879862596
0.00000118511218866997
0.00013058924305321080
0.00001603427800701007
0.10000000000000000000
0.00000198823176948829
0.00073003971262357018
0.00000761557155877056
0.00056240106277326418
0.00000036888462741494
0.00000172266583939249
0.00000128644663339991
0.00010025263091237764
0.00000411354825120276
0.00000007919273864377
0.00000000369804156270
0.00000009165377005424
0.00000000209840152267
0.00000014227387151568
0.00000000252771378021
0.00000018040827253323
0.00000000180408272533
0.00000028313829220232
0.00000000000978936103
0.00026234847445567580
0.00000262348474455675
0.00137050647111308106
0.00001286291539939529
0.00003895111974719650
0.00000722047013717857
0.00122056509228019882
0.00000048813363108697
0.00001061349450358011
0.00004877204120636548
0.00046834480417928280
0.00001248185053573937
0.00045394710779050186
0.00000125740649796295
0.00001242880886329916
0.00000076688364778722
0.00009565271924552732
0.00000000000000000000
0.00000000000000000000
0.00000115827052665271
0.00010479643047105652
0.00000028560299977284
0.00002762816140548546
0.00000018132047383351
0.00000000555611699300
0.00000001497836367434
0.00000066120053569934
0.00000000522309129853
0.00000004266649310015
0.00000001287587010062
0.00000000000000000000
0.00000019364545611687
0.00000561728467376381
0.00000022548765590868
0.00001458179939959594
0.00000000200684719426
0.00000034439754242182
0.00000000502881137855
0.00000487161351758682
0.00041373518408536904
0.00000056896678849661
0.00008649272455545689
0.00000124299390638828
0.00003657281418047064
0.00000133575312232955
0.10000000000000000000
0.00002200598466372066
0.00011681662349036300
0.00001155139599522435
0.00010098999819203228
0.00000024818119862107
0.00024019760968435936
0.00000093645721522379
0.00001560413793997806
0.00000000194257867455
0.00000004919140680724
0.00000001078978644786
0.00000037138069722065
0.00000000349419425561
0.00000092908286859255
0.00000003345742184229
0.00000334574218422918
0.00000006272193073335
0.00000000077570401723
0.00000690391019708808
0.00069039101970880880
0.00000315410676397346
0.00025881335844790004
0.00000121943447098793
0.00019225556460385924
0.00000224433940555678
0.00010277576283370918
0.00000162630261279204
0.00093931574868624784
0.00001222478222925450
0.00039399890230802808
0.00000033005285920792
0.00153178634594733248
0.00001296773520847077
0.00039325486593629360
0.00000265745672591339
0.00000000000000000000
0.00000000000000000000
0.00004047117152040691
0.00000036167257656829
0.00018832655783084488
0.00000146803620840301
0.00022528157549518592
0.00000000000593391254
0.00000670950256310880
0.00000000932224202307
0.00000493929305619092
0.00000000065667485305
0.00000184581411623856
0.00000000000000000000
0.00000045662599599122
0.00000000395492517494
0.00048785483644749978
0.00000143661650904346
0.00000511770119730480
0.00000003625332488288
0.00000301463772618143
0.00046698756991471552
0.00000022799044590036
0.00024681598593714898
0.00000103795324927273
0.00051718292438259552
0.00000690293893012981
0.00047316215071537898
0.00002122976215579480
0.10000000000000000000
0.00002323279392954228
0.00077211537325513104
0.00000128214766303968
0.00010106698481435036
0.00000315115191925386
0.00013580429518326812
0.00000371934173227154
0.00000008345347944205
0.00000000282724888576
0.00000007490153360612
0.00000000163258292350
0.00000007407949127148
0.00000000483407944840
0.00000040576209812518
0.00000000405762098125
0.00000023755385184259
0.00000000000182209241
0.00000102648953497193
0.00000001026489534971
0.00035185118546815800
0.00000042269919101499
0.00014141425567236424
0.00000614809561029043
0.00004138450807348803
0.00000167615510082753
0.00003577811836887168
0.00001201424954253633
0.00039181685360049418
0.00000029326240268768
0.00080318166807907824
0.00000181497789060583
0.00009065832087905930
0.00001093051455578619
0.00014185775017240622
0.00000000000000000000
0.00000000000000000000
0.00000033483783553358
0.00000915038071348479
0.00000151358037240507
0.00019851458239937378
0.00000003534392160283
0.00000000049894287599
0.00000000797907213423
0.00000040083477670916
0.00000000155110913379
0.00000053752064566807
0.00000000139656427989
0.00000000000000000000
0.00000071498057373691
0.00001821873447880700
0.00000008508920924840
0.00002148717177572717
0.00000000437564946904
0.00000022230875841206
0.00000000267908727564
0.00000228856576620148
0.00111608651952004986
0.00000078497450654104
0.00027134618724888192
0.00001079518633043352
0.00012537063802385238
0.00000779368653935566
0.00017794504175119400
0.00003668414149639553
0.10000000000000000000
0.00000298556844379575
0.00093092506799768448
0.00002114912768732168
0.00110481266915926960
0.00000123460353446998
0.00048325556495359626
0.00000000308574335382
0.00000218223697651551
0.00000000253323610166
0.00000056339754578544
0.00000000395151974151
0.00000147984879976796
0.00000000743071722897
0.00000074307172289786
0.00000000423927730834
0.00000000154468238258
0.00000119043047394735
0.00011904304739473576
0.00000193036243271330
0.00058248315550656658
0.00000612887676663264
0.00004979773378362488
0.00000032928769185718
0.00012710726211342112
0.00000360846442843228
0.00111831722597535242
0.00002850856967290000
0.00024008175029268040
0.00000493584058186104
0.00047697872895572152
0.00000109542638745119
0.00098481963217131440
0.00001124502974823631
0.00000000000000000000
0.00000000000000000000
0.00025645185308197418
0.00000167662093622842
0.00055569627807832426
0.00000219889162203289
0.00014900546061711380
0.00000000002273627278
0.00000457170079034094
0.00000002610531518856
0.00000325921824344890
0.00000000948450398518
0.00000185143399510397
0.00000000000000000000
0.00013670349300873518
0.00000002166341097267
0.00003428323275124225
0.00000031301857390099
0.00000048905144177651
0.00000001367922420248
0.00000028907855277892
0.00009184298755377068
0.00000058032534134997
0.00002290967853505945
0.00000215714230673609
0.00038507133138977624
0.00000093792299879882
0.00063939694031247618
0.00001954788179614825
0.00135438803642466640
0.00000331673689248601
0.10000000000000000000
0.00000178642886256677
0.00435797462344777280
0.00000362976599899913
0.00002695457665130380
0.00000511477414202134
0.00000009682346110221
0.00000000615124267106
0.00000045230121405152
0.00000000045055020246
0.00000025155966125367
0.00000000082238346255
0.00000006211431155475
0.00000000062114311554
0.00000028631531880581
0.00000000002464922451
0.00002389125029245083
0.00000023891250292450
0.00079095165713208880
0.00000210072694204579
0.00013385907267934580
0.00000037425679392047
0.00001511927287002852
0.00000258638236925300
0.00006847375620196556
0.00001097429084780210
0.00057299131193912498
0.00000647412672855663
0.00042823768871888744
0.00000611878081589516
0.00838535392426598184
0.00002994007195359223
0.00004374114151955203
0.00000000000000000000
0.00000000000000000000
0.00000003508311444532
0.00003457394707099132
0.00000188208339039496
0.00013142301614655228
0.00000031603729082870
0.00000000435947616772
0.00000000892020608460
0.00000000927875088674
0.00000001691285687075
0.00000172719966690153
0.00000000532411605011
0.00000000000000000000
0.00000002457070778820
0.00000722122399932990
0.00000075477609959764
0.00000755114836957634
0.00000000101616432909
0.00000208547581529869
0.00000000039972944911
0.00000020432816291964
0.00000345671864656221
0.00000002025091818145
0.00000015794654033175
0.00000157586087181459
0.00015034111350442652
0.00000035800913518369
0.00014588906023950650
0.00000191989768410958
0.00088283154986519066
0.00000152498249013622
0.10000000000000000000
0.00003935719128028559
0.00080906775922696698
0.00000144951915318552
0.00026769816142953400
0.00000000184310306280
0.00000021759535851712
0.00000000514398780534
0.00000057169811481293
0.00000001181187991773
0.00000014805805552598
0.00000001167176858634
0.00000116717685863484
0.00000001067725402358
0.00000000033878987112
0.00000012694482220944
0.00001269448222094496
0.00000008885062242125
0.00001819097750228797
0.00000020332214086615
0.00005884406558014278
0.00000000631893385339
0.00000476118268694334
0.00000021697238377570
0.00025211505153198120
0.00000201510943579549
0.00002506764771213026
0.00000568805531981166
0.00000578876403399286
0.00001485272322287971
0.00013558108089470484
0.00002394109238512676
0.00000000000000000000
0.00000000000000000000
0.00006907475641342364
0.00000030944519114128
0.00000577893456407639
0.00000014354383651720
0.00001621712757145134
0.00000000001663939721
0.00000097706459801100
0.00000001099515282598
0.00000114252453200869
0.00000001204577868326
0.00000380171078625374
0.00000000000000000000
0.00000334130272435538
0.00000010670400360095
0.00004138317161204784
0.00000000741021973729
0.00000033417909275380
0.00000000864186548981
0.00000136671747217239
0.00000958479777515284
0.00000106844567007058
0.00001364200110144326
0.00000107428962154778
0.00008549854235895142
0.00000136411924784060
0.00000134956418786432
0.00000028940244256136
0.00012216260954247416
0.00001618991361658497
0.00300298234933722048
0.00003176969531197399
0.10000000000000000000
0.00000154060115560437
0.00008902774850932108
0.00000273183475090424
0.00000010175013664404
0.00000000034328239896
0.00000018412521876040
0.00000000303688348413
0.00000034285273924620
0.00000000280260083508
0.00000066328329787393
0.00000000663283297873
0.00000181566123557175
0.00000000004134313360
0.00000094074825465279
0.00000000940748254652
0.00002835897016616378
0.00000005575336989876
0.00007538817306409955
0.00000009858077752748
0.00002760748403256804
0.00000064796154654566
0.00013491417996656970
0.00000110302984019853
0.00004217069038352194
0.00000265981577069332
0.00030572329437326840
0.00000074212545741031
0.00174237443122035168
0.00000454537624971644
0.00163691830099106282
0.00000000000000000000
0.00000000000000000000
0.00000010455725271545
0.00000904885209630895
0.00000046585110960532
0.00000627842731670398
0.00000020936692290947
0.00000000273957018216
0.00000000249526266875
0.00000110320931798544
0.00000000069198989032
0.00000092827765100709
0.00000001419302504674
0.00000000000000000000
0.00000007906514531937
0.00000072380115564523
0.00000075350809635663
0.00002513798240923060
0.00000001919656774408
0.00000245172904550399
0.00000001665580002200
0.00000031818654857205
0.00005414130716566153
0.00000001821036632247
0.00000919622631968736
0.00000211668527323133
0.00005776521857127694
0.00000093913709329261
0.00026100372872104538
0.00000354930277931015
0.00078810745197347856
0.00000233072710445435
0.00060858124370586458
0.00000143560491082730
0.10000000000000000000
0.00000535792774243249
0.00000786102629907324
0.00000001110236976923
0.00001188303609726719
0.00000000070772304154
0.00000021719182029378
0.00000001420928542339
0.00000641516242557096
0.00000004837259116146
0.00000483725911614621
0.00000001105644815782
0.00000001039584975753
0.00000008123386872997
0.00000812338687299737
0.00000114289460757309
0.00009845425747706498
0.00000004641234504099
0.00004836445504229758
0.00000060909975898175
0.00001496479137941882
0.00000002320102995609
0.00038798000077828378
0.00000095192964873137
0.00025864094809694512
0.00000221467146244459
0.00249209814754251924
0.00000410537468000823
0.00074348379081591312
0.00002738029197200821
0.00000000000000000000
0.00000000000000000000
0.00028271067700828098
0.00000120805293787364
0.00035250963014188404
0.00000887435214682281
0.00002726914529804964
0.00000000032403436704
0.00000075716221796163
0.00000006541174065750
0.00000171695667108998
0.00000006530200310692
0.00001368887950128671
0.00000000000000000000
0.00014049258969750920
0.00000013716592183927
0.00039998894587707352
0.00000121148932683990
0.00000211384675376282
0.00000004754105524280
0.00000922477013553314
0.00000945401163706136
0.00000008716905947347
0.00005581240840419266
0.00000007167527795922
0.00001938988286525007
0.00000171962844776042
0.00009064034325573388
0.00000126024363922599
0.00018944177628669288
0.00000109071892253334
0.00002143551179219732
0.00000135034944390234
0.00010274451578277284
0.00000663567941075496
0.10000000000000000000
0.00023514080494641440
0.00001175099682923455
0.00000004881632305902
0.00000292760524005856
0.00000029325200137959
0.00000374846375545765
0.00000008501937572088
0.00000647791356812068
0.00000006477913568120
0.00001352276704672384
0.00000000038586979282
0.00008639394961600531
0.00000086393949616005
0.00000409715785298595
0.00000106135591920508
0.00002551963602655039
0.00000051687104643313
0.00000615883902645098
0.00000040747713945839
0.00001619834030418777
0.00000097263481132422
0.00018569195894765200
0.00000069869473956935
0.00012593915678795898
0.00000036897178740416
0.00001983869555983701
0.00000023694005779255
0.00082039323721225386
0.00000000000000000000
0.00000000000000000000
0.00000191345420397647
0.00020058985919582456
0.00000015583717533561
0.00014918225982954298
0.00000187021709797054
0.00000000278608215801
0.00000029163524634466
0.00001683696798965262
0.00000028581192556310
0.00000235225083769181
0.00000025486875671875
0.00000000000000000000
0.00000168063669712942
0.00033431033390548924
0.00000270004577241808
0.00010647415890377260
0.00000018685670785870
0.00001812766928041235
0.00000000404226791565
0.00000158298520572897
0.00011099881974527516
0.00000002273134140789
0.00031702735378939512
0.00000042533778856970
0.00020642076542160024
0.00000515224333870053
0.00002909111467803642
0.00000718757421340042
0.00059144750370402080
0.00000563484287486083
0.00034547896324786460
0.00000436758828323508
0.00001348720007981566
0.00032574818765320744
0.10000000000000000000
0.00000001106195988583
0.00007227427375416431
0.00000021059424579866
0.00002698942274221155
0.00000002828609078762
0.00001803860432470916
0.00000010714198043647
0.00001071419804364753
0.00000002060263961996
0.00000006683765890539
0.00000221339934001506
0.00022133993400150596
0.00001270783752986253
0.00003515313221379192
0.00000128683028875139
0.00000057520929486501
0.00000031615342031065
0.00008615762607914155
0.00000305816685887787
0.00000130066100401278
0.00000130354923094388
0.00070935932319672800
0.00000272135357405718
0.00002120783814408289
0.00000385307935189015
0.00013451881836180204
0.00000460228925510571
0.00000000000000000000
0.00000000000000000000
0.00075050764767205706
0.00000679881351727442
0.00025968133869311284
0.00000771503342449195
0.00018233039974521404
0.00000000067820892609
0.00000847282387573931
0.00000002009690900675
0.00003247994312607476
0.00000001669416771584
0.00001408528558212896
0.00000000000000000000
0.00029797967910736680
0.00000354512283733256
0.00082156186019919024
0.00000005601851714742
0.00001399393421359509
0.00000030402455805122
0.00001027272452531600
0.00000047251050111706
0.00000000153243135245
0.00000009619476369584
0.00000000363393039478
0.00000007976719263687
0.00000000752031063141
0.00000008093589582160
0.00000000295512083393
0.00000013159420138424
0.00000000308159234740
0.00000008703862028011
0.00000000194089430384
0.00000013273893031954
0.00000001554297985190
0.00001328326271242294
0.00000000902626593428
0.10000000000000000000
0.00002013908837534821
0.00008321561541365555
0.00000323641588021698
0.00092954450673621386
0.00000296364322913655
0.00049547059519334472
0.00000495470595193344
0.00003348546847978246
0.00000007094875141230
0.00000082920206537824
0.00000000829202065378
0.00000088028416221769
0.00000000147034463502
0.00000007846783991006
0.00000000474834649427
0.00000024665063711680
0.00000000110494398368
0.00000009141595983829
0.00000000369277538730
0.00000014712045808778
0.00000000864973197653
0.00000077565554791571
0.00000002132805381072
0.00000225331223134584
0.00000000355365185394
0.00000553920527584943
0.00000000000000000000
0.00000000000000000000
0.00000000704796466428
0.00001098902850551382
0.00000008623276416545
0.00000741895793181218
0.00000041312888349777
0.00001020565926087542
0.00002085771207189658
0.00302323968417854046
0.00004141272548178413
0.00160384767759940384
0.00000127663500415160
0.00000000000000000000
0.00000028063860868283
0.00000037936889179508
0.00000010840528058152
0.00005119682045686144
0.00000356742768170736
0.00067184423622107504
0.00000004398894556822
0.00000000404781312155
0.00000033190886636916
0.00000000058945938970
0.00000012627582747209
0.00000000365708410170
0.00000045841891853432
0.00000000257222813369
0.00000005092930504152
0.00000000303415823452
0.00000148319815001440
0.00000000376336321559
0.00000015594942291991
0.00000000030478720340
0.00001132212363373583
0.00000003755579826164
0.00004013669995764337
0.00001370634590359945
0.10000000000000000000
0.00000084523982027800
0.00030360363204939200
0.00001857665339294067
0.00095773051155935184
0.00000012118244915215
0.00001211824491521509
0.00000030490318831790
0.00000192048279997451
0.00000000165267405326
0.00000016526740532633
0.00000001371949972997
0.00000050123570870201
0.00000000147974812723
0.00000035660064624708
0.00000000052275632098
0.00000030168582703935
0.00000000107415392855
0.00000059174979353300
0.00000000905263574524
0.00000033782681023666
0.00000000055731323520
0.00000540016082275086
0.00000000864231813267
0.00000076429147331945
0.00000001508198096514
0.00000000000000000000
0.00000000000000000000
0.00000234334375046589
0.00000000199640168006
0.00000168120718543363
0.00000011497523644902
0.00004955109616120584
0.00000000580966903058
0.00050694138892695760
0.00001255436540184616
0.00094532718883374624
0.00001059938914838895
0.00027179028927157856
0.00000000000000000000
0.00003228373640975457
0.00000003079744956059
0.00001474656230254978
0.00000036157841604810
0.00052446967521494112
0.00000068896173155248
0.00081797069449834906
0.00000032265318480159
0.00000002864598053468
0.00000014636531805348
0.00000001044457148312
0.00000138643092754212
0.00000001515354529980
0.00000010218329821233
0.00000001790536765307
0.00000012884179922538
0.00000000275971872306
0.00000044354012561255
0.00000000590916288933
0.00000026202960065890
0.00000000108082578858
0.00000361007592255238
0.00000018745469085358
0.00009077757898386188
0.00000135478954224178
0.10000000000000000000
0.00006214920265714340
0.00142661062057631488
0.00000072092542051115
0.00008748926209011055
0.00000087489262090110
0.00191625877407732202
0.00000002051948594252
0.00000153853478740264
0.00000001538534787402
0.00000261680663009526
0.00000000191885005515
0.00000026741980795416
0.00000000651878788168
0.00000073501397190450
0.00000000106058331796
0.00000027295921850090
0.00000000510376950909
0.00000162293912473709
0.00000000037748872432
0.00000031610780660853
0.00000000288636649404
0.00000032103821739181
0.00000000103780151708
0.00000483570698453945
0.00000000000000000000
0.00000000000000000000
0.00000000724148039451
0.00004317388809456094
0.00000018053410086874
0.00000845764379208437
0.00000007953327998071
0.00000405012780759164
0.00000494995247109240
0.00062391837829488906
0.00000940872324706122
0.00009730878726737916
0.00000347386459387676
0.00000000000000000000
0.00000090607601109823
0.00000062756115056035
0.00000031995004879283
0.00002707992106796499
0.00001181882168193897
0.00060282164312962498
0.00000184930573964083
0.00000000181841977052
0.00000036916874570981
0.00000000171338826335
0.00000022168525347642
0.00000001276637757135
0.00000065680298948783
0.00000000159497532178
0.00000042017045725282
0.00000000191459584886
0.00000041844645663580
0.00000000030122023518
0.00000044774277223371
0.00000000294646306382
0.00000022613699705920
0.00000024653614278959
0.00001637869140741853
0.00000240698776443370
0.00033176811236319720
0.00004237125754021929
0.10000000000000000000
0.00000068833643507243
0.00026598451573104658
0.00000222864938918172
0.00022286493891817256
0.00001109122398237978
0.00000033718480156819
0.00000000341120016598
0.00000034112001659829
0.00000000912703072042
0.00000073384699454381
0.00000000327404681422
0.00000008829406119474
0.00000000267414232528
0.00000027250548445372
0.00000000192835206812
0.00000000739190802772
0.00000000020827055328
0.00000015422456335730
0.00000000387779287621
0.00000076605354369387
0.00000000557747305327
0.00000021962758398164
0.00000006580212243585
0.00000000000000000000
0.00000000000000000000
0.00000016765028287575
0.00000005775900315476
0.00001368437662692837
0.00000006969271105862
0.00000052125143909629
0.00000004186453139922
0.00070874139200640760
0.00000475286788202791
0.00007071399357894181
0.00000146132631019949
0.00051925011874675824
0.00000000000000000000
0.00003627081532600522
0.00000000446426224558
0.00000754554876191511
0.00000026478703456259
0.00018417724901318620
0.00002170070479333395
0.00010953531342874092
0.00000006936548583171
0.00000001062407046939
0.00000000006249610229
0.00000001101229668170
0.00000034436536030451
0.00000000800204079034
0.00000014895786305862
0.00000000544535427389
0.00000011966654802560
0.00000000404261151252
0.00000023166203337362
0.00000001274247398468
0.00000045819822645230
0.00000002037855107762
0.00000434076062248003
0.00000002364457129664
0.00095225367296832640
0.00002796198933243408
0.00133972034898695984
0.00000094814261541379
0.10000000000000000000
0.00000448085187998499
0.00239910326735340960
0.00002399103267353409
0.00260751479852053204
0.00000019579420479350
0.00000020427974747582
0.00000000204279747475
0.00000058453798620717
0.00000000135614495821
0.00000000657468919854
0.00000000596429064092
0.00000064612373666199
0.00000000985621016160
0.00000032120370747303
0.00000000061279787808
0.00000011576665672875
0.00000000165290907265
0.00000020393343136291
0.00000000143036694740
0.00000019973798567560
0.00000000713118131342
0.00000013800831093694
0.00000000000000000000
0.00000000000000000000
0.00000001148287894594
0.00002354620419138022
0.00000043475487039910
0.00001055357029302190
0.00000026123225033372
0.00001332688457287597
0.00000272003801368810
0.00068035053748077400
0.00000468410770305314
0.00004459855088195525
0.00001486798350265991
0.00000000000000000000
0.00000000913873117808
0.00000009111762987075
0.00000006376469040786
0.00003348614598318769
0.00000965564044734774
0.00286920445805965380
0.00000401644621549025
0.00000000059102230736
0.00000065853292144520
0.00000000028052744910
0.00000029273587679219
0.00000000055821160832
0.00000022399076647706
0.00000000267413013207
0.00000146301879270012
0.00000000789050707668
0.00000152978907433859
0.00000000076525220385
0.00000016139241925559
0.00000000378462962958
0.00000929661998501086
0.00000009948252284754
0.00001523623994668966
0.00000306778377777418
0.00145666695759230602
0.00000068409339663797
0.00037020784828872952
0.00000452769272885567
0.10000000000000000000
0.00001266635147798031
0.00126663514779803120
0.00001041611806407630
0.00000871880102586480
0.00000000376341487364
0.00000037634148736413
0.00000002483330460889
0.00000030014027048678
0.00000000330797180278
0.00000094311627939585
0.00000000414030631651
0.00000029530792058990
0.00000000003331135861
0.00000015261880058330
0.00000000086469692893
0.00000353442914386127
0.00000001763978403652
0.00000297770450558672
0.00000000414577068872
0.00000031561228286264
0.00000001712812326991
0.00000000000000000000
0.00000000000000000000
0.00000391305942256126
0.00000009136935378967
0.00000070184883563610
0.00000003174712691212
0.00001897130674131804
0.00000006343396727626
0.00118061565761191904
0.00000150109119551995
0.00088258842571588826
0.00000072329340359228
0.00009057858695249016
0.00000000000000000000
0.00001727548287720757
0.00000000516151445861
0.00000390439387617223
0.00000033850615401708
0.00010908170251000002
0.00000647286915990780
0.00285571711754673248
0.00000086473945913170
0.00000003805014857760
0.00000025417865023154
0.00000000533402153736
0.00000036649747404468
0.00000000399318780364
0.00000020951733972086
0.00000005783580785324
0.00000072706207059755
0.00000000843245100821
0.00000006344987606928
0.00000001396679118354
0.00000098326386934904
0.00000007695301770582
0.00000832094994020915
0.00000009934440712043
0.00056302229477336026
0.00000020233245570212
0.00009113573364375976
0.00000340517862604265
0.00266117957541319562
0.00001390466136852136
0.10000000000000000000
0.00100000000000000000
0.00127350971124365600
0.00000008837598553606
0.00000161160230165442
0.00000001611602301654
0.00000567732253583353
0.00000000762172536828
0.00000036358413385846
0.00000001169088734652
0.00000076835728853873
0.00000000228132296957
0.00000075823823071879
0.00000000858484701236
0.00000004086064585884
0.00000000926769441357
0.00000171682624460020
0.00000000766725122825
0.00000046443777676032
0.00000000264979459550
0.00000338505337215562
0.00000000000000000000
0.00000000000000000000
0.00000001532418699189
0.00009725080693119110
0.00000076524675856823
0.00006647117966062970
0.00000033342425623826
0.00000655188622711015
0.00002975737500373749
0.00168788523865027562
0.00000156256225790058
0.00031002864043405020
0.00001274288713036211
0.00000000000000000000
0.00000005317006986069
0.00000008545302084428
0.00000010555311288988
0.00004873884817402809
0.00000132920515770737
0.00069493183055970800
0.00000133104367152172
0.00000000864739459131
0.00000380501485776084
0.00000000254178650231
0.00000053340215373647
0.00000000366497474044
0.00000039931878036403
0.00000000209517339720
0.00000578358078532446
0.00000000727062070597
0.00000084324510082101
0.00000000063449876069
0.00000139667911835459
0.00000000983263869349
0.00000769530177058284
0.00000008320949940209
0.00000993444071204366
0.00000563022294773360
0.00002023324557021284
0.00000091135733643759
0.00034051786260426524
0.00002661179575413194
0.00139046613685213760
0.00100000000000000000
0.10000000000000000000
0.00001273509711243656
0.00000883759855360663
0.00000001611602301654
0.00000161160230165442
0.00000005677322535833
0.00000076217253682885
0.00000000363584133858
0.00000116908873465244
0.00000000768357288538
0.00000022813229695720
0.00000000758238230718
0.00000085848470123640
0.00000000040860645858
0.00000092676944135700
0.00000001716826244600
0.00000076672512282532
0.00000000464437776760
0.00000026497945955018
0.00000003385053372155
0.00000000000000000000
0.00000000000000000000
0.00000153241869918904
0.00000097250806931191
0.00007652467585682392
0.00000066471179660629
0.00003334242562382674
0.00000006551886227110
0.00297573750037374966
0.00001687885238650275
0.00015625622579005862
0.00000310028640434050
0.00127428871303621120
0.00000000000000000000
0.00000531700698606997
0.00000000085453020844
0.00001055531128898895
0.00000048738848174028
0.00013292051577073752
0.00000694931830559708
0.00013310436715217204
0.00000030450390524734
0.00000000188349574172
0.00000015276522378775
0.00000000295192636251
0.00000016847932482964
0.00000001914730008393
0.00000020618742216541
0.00000006798667318885
0.00000026690832862856
0.00000000301658075411
0.00000018339340945674
0.00000000801160602698
0.00000168774130268748
0.00000001102914826800
0.00001089189295270045
0.00000001197861636497
0.00002385965304493462
0.00000031921833672368
0.00125166507523685786
0.00001062619206526740
0.00181364406426371402
0.00000716992830524687
0.00079855033953862016
0.00000798550339538620
0.10000000000000000000
0.00000001365433563119
0.00000056600810068198
0.00000000566008100681
0.00000424837718473021
0.00000000178689737817
0.00000015757003100082
0.00000000725235942387
0.00000160699193960834
0.00000000410857894010
0.00000005118729142588
0.00000000792455714394
0.00000066989081986076
0.00000000551792911216
0.00000103123532649901
0.00000004645502094426
0.00000182907671296291
0.00000000632322353824
0.00000288202551003812
0.00000000000000000000
0.00000000000000000000
0.00000010674585660753
0.00000601820907302842
0.00000013072584283189
0.00003834314390232286
0.00000140558066561205
0.00000129353444843415
0.00001232636657306747
0.00035740725207506056
0.00000114521896601966
0.00014478513471456678
0.00001055462164707022
0.00000000000000000000
0.00000020337478189864
0.00000137025972492168
0.00000066846396048783
0.00001760605233846467
0.00004246028857924444
0.00276647114191120986
0.00000562672464632684
0.00000000001907907411
0.00000000183137331249
0.00000000000873683350
0.00000000343139201725
0.00000000006037349382
0.00000000098650474693
0.00000000000862605590
0.00000000101740712370
0.00000000000247722132
0.00000000133001544607
0.00000000001910454778
0.00000000030759890768
0.00000000004650169784
0.00000001254817877293
0.00000000037607368144
0.00000004702181426229
0.00000006117118075930
0.00000243293579706497
0.00000001621790740283
0.00000039089538066694
0.00000016478568135352
0.00000726206359247843
0.00000006705461439492
0.00000670546143949262
0.00000001652208817988
0.10000000000000000000
0.00000000001840464014
0.00000000184046401476
0.00000000013121105935
0.00000000477467090539
0.00000000000324990437
0.00000000120159917076
0.00000000004033292088
0.00000000214909488411
0.00000000000175143503
0.00000000187885099255
0.00000000000031444167
0.00000000346651765521
0.00000000000060243204
0.00000000277906104137
0.00000000001536744686
0.00000000146783245951
0.00000000034249351288
0.00000000000000000000
0.00000000000000000000
0.00000001315032489332
0.00000000060926735194
0.00000018491284372672
0.00000000112293892059
0.00000007585818057462
0.00000347292902496967
0.00001086385164219588
0.00000001548128550783
0.00000232432422782479
0.00000000619277744956
0.00001095336945977796
0.00000000000000000000
0.00000004856479160137
0.00000000001169250314
0.00000022025326522818
0.00000000042281357799
0.00000245917434275824
0.00000003704635232347
0.00000280435023379658
0.20073596326634372264
0.00063070062759094826
0.11858015446564378606
0.00000550051794007205
0.00375216734381189928
0.00001818996935769749
0.00512342314435659462
0.00020068625435995978
0.00003092948559505604
0.00002271670233075440
0.00041038940469951306
0.00000255442480627010
0.00002345106661705391
0.00000217310944787531
0.00186611862967839808
0.00003451132934471380
0.00001584478103401898
0.00000004640141189341
0.00002695004038953516
0.00000008764426669291
0.00000381038370488381
0.00000006947189383008
0.00002710042105697963
0.00000027100421056979
0.00001517891639079818
0.00000000040789754411
2.00000000000000000000
0.02000000000000000000
0.02506277816391076040
0.00030905572351404060
0.01546299405820476486
0.00008194632347270236
0.03271195071823162048
0.00001300518525809051
0.00396671747035578082
0.00002495014542151097
0.00182759168552232724
0.00011391593392690048
0.00779384750261633606
0.00000687057670823411
0.00088762439227128618
0.00000439570852035154
0.00166000254265875786
0.00000000000000000000
0.00000000000000000000
0.00012784900795979622
0.01193445154784014828
0.00000155919206012711
0.00135805725343004906
0.00000758291195682798
0.00000001274878177890
0.00000039619228306324
0.00000540606751533800
0.00000056030421154163
0.00001978461038881175
0.00000060773808979305
0.00000000000000000000
0.00000190128908522220
0.00003999763321820725
0.00001379212765387441
0.00000647741595889437
0.00000010152473864088
0.00003875431572889220
0.00000006265800392091
0.00200735963266343722
0.06307006275909482668
0.00118580154465643786
0.00055005179400720512
0.00003752167343811899
0.00181899693576974966
0.00005123423144356594
0.02006862543599597800
0.00000030929485595056
0.00227167023307544000
0.00000410389404699513
0.00025544248062701056
0.00000023451066617053
0.00021731094478753128
0.00001866118629678398
0.00345113293447138048
0.00000015844781034018
0.00000464014118934170
0.00000026950040389535
0.00000876442666929165
0.00000003810383704883
0.00000694718938300844
0.00000027100421056979
0.00002710042105697963
0.00000015178916390798
0.00000004078975441170
0.02000000000000000000
2.00000000000000000000
0.00025062778163910760
0.03090557235140405660
0.00015462994058204764
0.00819463234727023202
0.00032711950718231632
0.00130051852580905120
0.00003966717470355780
0.00249501454215109786
0.00001827591685522327
0.01139159339269005608
0.00007793847502616336
0.00068705767082341146
0.00000887624392271286
0.00043957085203515472
0.00001660002542658757
0.00000000000000000000
0.00000000000000000000
0.01278490079597962240
0.00011934451547840148
0.00015591920601271152
0.00001358057253430049
0.00075829119568279856
0.00000000012748781778
0.00003961922830632493
0.00000005406067515338
0.00005603042115416314
0.00000019784610388811
0.00006077380897930552
0.00000000000000000000
0.00019012890852222028
0.00000039997633218207
0.00137921276538744106
0.00000006477415958894
0.00001015247386408843
0.00000038754315728892
0.00000626580039209130
0.01086407308614391848
0.00017420468486257264
0.01157007459336885228
0.00002737774917805666
0.00920217562996559460
0.00000487859606302665
0.01518763125256807880
0.00005202668496593085
0.00601595335922429866
0.00002090294026438844
0.00770964663398209448
0.00000101453229644221
0.00040115010097060218
0.00001734913864801915
0.00005021874870268272
0.00011243482204376562
0.00000954500204871943
0.00000021857955279569
0.00002601063785452061
0.00000013306783495904
0.00000618704691189083
0.00000026012903376069
0.00005417376235754625
0.00000054173762357546
0.00006464998981589531
0.00000000165014258776
0.01422186268407112006
0.00014221862684071122
2.00000000000000000000
0.00110702954835632026
0.03096836003890791242
0.00010256144125821688
0.03251551208196609842
0.00002853310354654628
0.01092168614945569606
0.00005394345454190449
0.00779364405027289060
0.00010947542721317502
0.00009550109316159904
0.00000805680795935299
0.00228909783657942804
0.00000186036371976226
0.00114617652259773162
0.00000000000000000000
0.00000000000000000000
0.00000684331141199724
0.00147365834748572308
0.00001719555812956297
0.00308046246884491924
0.00000033064458341964
0.00000017014968883769
0.00000038645937062215
0.00003755967323722649
0.00000019250841368438
0.00001404988036181579
0.00000111509359944733
0.00000000000000000000
0.00000223624752975943
0.00013213040938139250
0.00000212756530599312
0.00003580959152706870
0.00000058027936279663
0.00001727639360663577
0.00000000603462927344
0.00007702517510348802
0.11971115585750564244
0.00024273116017285900
0.00043013750082242928
0.00013524643459745424
0.00228984892441516448
0.00026372758172077544
0.00789848210539329064
0.00001337162055533172
0.01166968353348672808
0.00003788447939174657
0.00038429844276799928
0.00000145913259206500
0.00276511641796216000
0.00002406863287514975
0.00057544046238563298
0.00000002949710977859
0.00001477476038557117
0.00000003528804474818
0.00001979503545906237
0.00000002655730303646
0.00000581682190673058
0.00000013455688109092
0.00001345568810909243
0.00000005030975357749
0.00000011109682813410
0.00032446753348866940
0.03244675334886692040
0.00204817187674853524
2.00000000000000000000
0.00002849601485363474
0.02191670204467205804
0.00001442346426936087
0.08184614133143960026
0.00019187298950016952
0.02233174640900276480
0.00005148064628557359
0.01013651078665272802
0.00007874527914823540
0.00224746336644295386
0.00000331613822327851
0.00028891030532610624
0.00002041800779503767
0.00000000000000000000
0.00000000000000000000
0.00258950164792479124
0.00001935492481392436
0.00283742987441208000
0.00000191798673874798
0.00022835000339310160
0.00000000103454545377
0.00000393120923695080
0.00000015960152275529
0.00004315987819155809
0.00000005466865963047
0.00002904665376395601
0.00000000000000000000
0.00013993753314579978
0.00000116575064263419
0.00141447184815083600
0.00000057605946183839
0.00003300415029539755
0.00000017304971745257
0.00001356204772051757
0.05162193130596734426
0.00012199819980713700
0.00794283220057841280
0.00024700660050393976
0.00621512494838612402
0.00015526475030673050
0.00065816859484285226
0.00003067019145950418
0.00368677716467873526
0.00010119467650120080
0.00198948468195013728
0.00000353995980830858
0.00162602764091513622
0.00000107427013228656
0.00047694238773239066
0.00001736035943040357
0.00000129733785334530
0.00000003594738570395
0.00000405304288017946
0.00000007278413389173
0.00000010610947172047
0.00000005283532290539
0.00000529003576993271
0.00000005290035769932
0.00000365617747168949
0.00000000006232034779
0.01337916824022279846
0.00013379168240222798
0.04722005215037872008
0.00002348470979359112
2.00000000000000000000
0.00147291873182828160
0.07316542234705725840
0.00061623351647395018
0.00045478389880269472
0.00019476641089636704
0.00874684710848981544
0.00000762514719903765
0.00077011854217761520
0.00003578522923781619
0.00041855203123476538
0.00003460932811739104
0.00142150692187333504
0.00000000000000000000
0.00000000000000000000
0.00000015382447946411
0.00036640094871946058
0.00000129870436268643
0.00029564784451311538
0.00000040661807992138
0.00000001776301929575
0.00000004072448057288
0.00000324155718163100
0.00000003920668079365
0.00000496844425291602
0.00000021061706565886
0.00000000000000000000
0.00000026286227061451
0.00003203143761267159
0.00000286323191639165
0.00001485881282619220
0.00000012523078010520
0.00000157982174837252
0.00000000005952789995
0.00008997584783919842
0.00707081623766895202
0.00005959387939232665
0.04520325193979953840
0.00003253729116712969
0.02160202954444296422
0.00010026306151391428
0.00397370127047481128
0.00013172026216139002
0.00067568555304399066
0.00000457110036859963
0.00084192732503711184
0.00000174733115744916
0.00091995072185032624
0.00000793838079042692
0.00000637707625436571
0.00000006451520358036
0.00000711901511861225
0.00000008119190891223
0.00000161302687568702
0.00000007910355474939
0.00001237901488773066
0.00000013978463538903
0.00001397846353890315
0.00000013829014885804
0.00000001893551767808
0.00005826708296226372
0.00582670829622637204
0.00012851406088004492
0.01484343960259879042
0.00121042270674295082
2.00000000000000000000
0.00012032932045623596
0.06529102114165832080
0.00013636220011026964
0.01494321735474945064
0.00014255632563678624
0.00220025099861808800
0.00002997821247482402
0.00029083184014499376
0.00000237692495752992
0.00011851674133411176
0.00000077475242908606
0.00000000000000000000
0.00000000000000000000
0.00117555284635482784
0.00001515396260556108
0.00122678105345727168
0.00000690724071608520
0.00010726593651653332
0.00000000000304230941
0.00000581777784882164
0.00000011558843410756
0.00002949507728301722
0.00000000214178816884
0.00002707415674114590
0.00000000000000000000
0.00007189405904055499
0.00000056093744922072
0.00011239979005851222
0.00000073241979126854
0.00000534433588384347
0.00000029947928540020
0.00001935129613484460
0.04297376358238812802
0.00032077383926271912
0.05286187171324512006
0.00002530431182242017
0.00412596267701271764
0.00005601621398991132
0.02641802000362959260
0.00007230505574932212
0.00138201769948066122
0.00000696425053436305
0.00028783645928053000
0.00000014092225285484
0.00076273494752451904
0.00001805886817071458
0.00014743901121312880
0.00000546332999661060
0.00000522354986833686
0.00000001626675465203
0.00001426938749059197
0.00000007614799318175
0.00001335724007613982
0.00000008470658068900
0.00001431986790281096
0.00000014319867902810
0.00004776276466641956
0.00000000099069750991
0.03625468032960537600
0.00036254680329605376
0.06350690733133720026
0.00001522624323841757
0.09371907529483650684
0.00018755787266896458
2.00000000000000000000
0.00019538228117053600
0.01391788563725206408
0.00002029464988841059
0.00250839491335326208
0.00001369762526386757
0.00583300733341609924
0.00000537911900648534
0.00119974226683417504
0.00001668983906841266
0.00051457626981575898
0.00000000000000000000
0.00000000000000000000
0.00000686108389357419
0.00698764720531323520
0.00003711538135776709
0.00452568241503136640
0.00000117531786095963
0.00000007024453132345
0.00000048472707503586
0.00005381078029858518
0.00000009853909750016
0.00000773580490055545
0.00000013076135872485
0.00000000000000000000
0.00000193293510308150
0.00039598408096809818
0.00000432846861499019
0.00005457583700265894
0.00000056821355122361
0.00002119899911501500
0.00000003089531008459
0.00015525177984505498
0.04222416058445224860
0.00039841126306923152
0.00370805592820175460
0.00011911178304431020
0.03113757354011146040
0.00000859264474969124
0.00269289640418646848
0.00004552383261355406
0.00218634180669972362
0.00004004575044338349
0.00008635737265972720
0.00001455944620952258
0.00036084573270320440
0.00000793351436073644
0.00121088271604193584
0.00000001903148040207
0.00000763493489837626
0.00000001674570111957
0.00000631099736295698
0.00000016571422802345
0.00000491369935295783
0.00000003457891615538
0.00000345789161553886
0.00000009931530975408
0.00000004293246200443
0.00001172257410651423
0.00117225741065142368
0.00004532399524019891
0.07027003931346155220
0.00064197221729413424
0.08276869389677095402
0.00015890369016856904
2.00000000000000000000
0.00016604318329396530
0.04995821325236770688
0.00000286799860047807
0.00381833848636230966
0.00003245787985512439
0.00083976782552109626
0.00000664725078706534
0.00204099999517530048
0.00004394689091366626
0.00000000000000000000
0.00000000000000000000
0.00195894181764278560
0.00000705650178131178
0.00251500874819071926
0.00001455058051829183
0.00036808156055261138
0.00000000048569049103
0.00000301682466206866
0.00000020383317502097
0.00000025714627869009
0.00000009981618943662
0.00000093397726616447
0.00000000000000000000
0.00004366736043378427
0.00000008291635195145
0.00024469255382438096
0.00000088963355585379
0.00001005980531922050
0.00000011789670431217
0.00000928986817226526
0.00178709630751195626
0.00022916899025857780
0.02211384552103818882
0.00045171031041862426
0.03036662322291709808
0.00022886414075526244
0.00019914032818299504
0.00004541956702748820
0.00103574967102557520
0.00006615806833895900
0.00113005752183080704
0.00000419470794140226
0.00323121542667743404
0.00000059630831391589
0.00033615964376663324
0.00004581231373369099
0.00000167829007695102
0.00000002897541362537
0.00000459376741201527
0.00000004760162426753
0.00000575629555952085
0.00000000059079732945
0.00001225019421374374
0.00000012250194213743
0.00000131886215999220
0.00000000003729382498
0.00381110053527070326
0.00003811100535270703
0.01849190091918245668
0.00017558949190123156
0.00050499687549900952
0.00018425502187443404
0.01206520660578942404
0.00017698389290714748
2.00000000000000000000
0.00114122140660223424
0.00585373569847337522
0.00007145221660730251
0.01005863439532371626
0.00002478563203245453
0.00149240760542931520
0.00005040809516237899
0.00180646170667537120
0.00000000000000000000
0.00000000000000000000
0.00006294879005066440
0.00281700972896753380
0.00001579564730683416
0.00002255526151122336
0.00000242508856540653
0.00000006304403465769
0.00000003006450584707
0.00000201096069330372
0.00000010466909997415
0.00001006503113525410
0.00000035814061495673
0.00000000000000000000
0.00000162005996379491
0.00011619085172917422
0.00001442117379893211
0.00022982302031982764
0.00000003734864405900
0.00001065537959793955
0.00000008336229804060
0.00017889537052128764
0.00002346066552641037
0.00000588861305682262
0.00888672280534672640
0.00006190346770735382
0.02341914705751250462
0.00078721191570114512
0.02256696430546330026
0.00029919467769051976
0.01763783641943603842
0.00015580190807957456
0.00419291395500388260
0.00002272560663906997
0.00857813441620119040
0.00001736379994045293
0.00001676119876202803
0.00000005832003872939
0.00001373160006847019
0.00000007388940978081
0.00000015696828260562
0.00000000944712574915
0.00000232848863057954
0.00000011931354903799
0.00001193135490379900
0.00000017564353449243
0.00000003441558396781
0.00002062111412158296
0.00206211141215829642
0.00007856887392344850
0.01758034022118195200
0.00018604481882247858
0.01736958151790094080
0.00001513432204449758
0.04580780671317155208
0.00098172492487121226
2.00000000000000000000
0.00013365687035391848
0.00051504021974498560
0.00014389241134882422
0.00203210780663577440
0.00010567643915670632
0.00103721319396080026
0.00001404058692538028
0.00000000000000000000
0.00000000000000000000
0.00117710704383047808
0.00001141480175147773
0.00052114338057185618
0.00002597998772250981
0.00004033836377409843
0.00000000029624147206
0.00002544657956341191
0.00000012106103024668
0.00004409669012426781
0.00000002228834237702
0.00000646618687694293
0.00000000000000000000
0.00036743791091540152
0.00000105909143384360
0.00029037283662939658
0.00000134921242930673
0.00000473585550246009
0.00000040515807806563
0.00002247123879197275
0.01561623892635357640
0.00011498801670267330
0.00835720844570457868
0.00004013121224618474
0.01493133893177139842
0.00015516843498330564
0.01091786504135609060
0.00042418368188329946
0.01409261592984899840
0.00064939211679344906
0.01174885735511859044
0.00004840242273143325
0.00125484539853535904
0.00003039762472115997
0.00478783692590107840
0.00002426161363043509
0.00000335574744009977
0.00000030339566054760
0.00003393475065334672
0.00000000638755291217
0.00000257761008698088
0.00000001905378629852
0.00000082018858163748
0.00000000820188581637
0.00002144432993963608
0.00000000000831867567
0.00218157177436758006
0.00002181571774367580
0.01639470582004339842
0.00005853287634957554
0.01206719530456753066
0.00023932221988993618
0.00270164702417283040
0.00000379806876622864
0.00727284455957915048
0.00019303789608604016
2.00000000000000000000
0.00043372330858832096
0.00509705072055314980
0.00029455773360906876
0.00502583571926223460
0.00005021849524138320
0.01317059845895192004
0.00000000000000000000
0.00000000000000000000
0.00001177715276703027
0.00006520705287217762
0.00002339120019638477
0.00181654918078631606
0.00000194074736923259
0.00000000040526252489
0.00000045096417479763
0.00000107494313758477
0.00000015927395888875
0.00000105119683135798
0.00000003274144052398
0.00000000000000000000
0.00000331151905714788
0.00002146021404007148
0.00000423886477757978
0.00061477471646843744
0.00000015430386722737
0.00001812926080958268
0.00000019151902975468
0.00006759457897874499
0.00021903891738773304
0.00000311956295733279
0.00184278763361688246
0.00011050789266334950
0.00838888010810196264
0.00018758633322928044
0.00881369544163604962
0.00000680009677196442
0.00352566410265576566
0.00008558132217292749
0.00038817918856580640
0.00005102479512933758
0.00532454228726994660
0.00001161405630028389
0.00851155141751547844
0.00000012719471044121
0.00000729925662994314
0.00000000508858012666
0.00000304937187718127
0.00000002372645727457
0.00005020961074750766
0.00000011993070830101
0.00001199307083010199
0.00000011387667358436
0.00000005912316983603
0.00008766475205770111
0.00876647520577011042
0.00014846699261612128
0.00743009837882349864
0.00000678192901469850
0.00238132657065592362
0.00000951104371149963
0.00325993180349686602
0.00005723176023946535
0.00047955964933486258
0.00027961660829761676
2.00000000000000000000
0.00087716965459189392
0.00205233055813588984
0.00054660319444579938
0.00840251834345790820
0.00001137638028319539
0.00000000000000000000
0.00000000000000000000
0.00087118092786103616
0.00000168671598676182
0.00097941493722476080
0.00002100469855204801
0.00171462674020933984
0.00000000116795536642
0.00008283319726948174
0.00000007252953701510
0.00006394103958128062
0.00000009694073097304
0.00001262053189029332
0.00000000000000000000
0.00161043636623585782
0.00000255308947571915
0.00192980460752393280
0.00000504701325717666
0.00000646527902537880
0.00000022713667654506
0.00000692441172868978
0.00028574409957183112
0.00001141524220938782
0.00245134368923603402
0.00004065460857551252
0.00775285586120444486
0.00019099673353287064
0.00935400804469203042
0.00001012317619741764
0.02553540565557235200
0.00009938324631897188
0.00776163027012985284
0.00012076824239437184
0.00804134162377134406
0.00006251217009598230
0.00287030140681358240
0.00004477109192948655
0.00001563887731982817
0.00000001651026889465
0.00000584249197132985
0.00000010512638221366
0.00000401367892966003
0.00000034358255728642
0.00003046178202465434
0.00000030461782024654
0.00002918009536515369
0.00000000001408778215
0.00822361380524966084
0.00008223613805249664
0.00017757910988521440
0.00007914087967853406
0.00093914544635275440
0.00004448593609095507
0.00555323034967678006
0.00003799483015773459
0.01104665242453369060
0.00018370020841734800
0.00450546298276301440
0.00120269046574281728
2.00000000000000000000
0.00053673270564591592
0.03741968253482287264
0.00001725347332280778
0.00913702866703605602
0.00000000000000000000
0.00000000000000000000
0.00000172074974021159
0.00009592380140162388
0.00002481310406861870
0.00013769580715522704
0.00003771361827575405
0.00000001386309079864
0.00000007026875544146
0.00000331194856064348
0.00000059717657985838
0.00001323229692759908
0.00000009947863707142
0.00000000000000000000
0.00000782713777275758
0.00026728385316294080
0.00002632990679858160
0.00372602556659111460
0.00000035878405847172
0.00002025472527614383
0.00000010980333947351
0.00000551716745245998
0.00075105368453760752
0.00002464647239522882
0.00007557744183857495
0.00005661012767000868
0.00355429893751644406
0.00002459377075828202
0.04459523175476694408
0.00005477182949733422
0.00911607733739698660
0.00010526643026003202
0.00011666261738395978
0.00001852824335872821
0.06676937993129712040
0.00000798209362275106
0.00033118148560588498
0.00000040817352504580
0.00015185126632940038
0.00000005063738991213
0.00001971256648390265
0.00000002672136273507
0.00005505241521441563
0.00000012912953612511
0.00001291295361251174
0.00000124772397388590
0.00000006168642244733
0.00000688114850040644
0.00068811485004064480
0.00001422012711421558
0.00214400553651458400
0.00004142247221273072
0.00040965276071870320
0.00000486095111265597
0.00093308353285897360
0.00002583738751794940
0.00246249545364342180
0.00024714272723321700
0.00267100385847361408
0.00050946575168837258
2.00000000000000000000
0.00031813982978672538
0.04099815764292454400
0.00001529469371709343
0.00000000000000000000
0.00000000000000000000
0.00008717926888734468
0.00000377079764242875
0.00142026412227595706
0.00000788181058687997
0.00016935371667956620
0.00000000431737641842
0.00003514750717567944
0.00000112045984956979
0.00000848515192794149
0.00000095795501363627
0.00000833814542958088
0.00000000000000000000
0.00047012123728722840
0.00000461022812010537
0.00155640707515120800
0.00000482161160722377
0.00003784468049315124
0.00000011889423652492
0.00009179192176422576
0.00114298292014988448
0.00000013989849377951
0.00174074215379015382
0.00000162111889750653
0.00279409356755672042
0.00000158747767941165
0.00023112846839525338
0.00035894580084724640
0.00260116613649389204
0.00001990520703993138
0.13715792583465452820
0.00028459447783821858
0.04135927506043954626
0.00010457780257826212
0.00040804802676518712
0.00005720738743566222
0.00004100053184549117
0.00000023105559274066
0.00000535489654356946
0.00000013645706869827
0.00000354769531249585
0.00000007287432870896
0.00000743683158373670
0.00000007436831583736
0.00004670810974131272
0.00000000032431551817
0.00084522333340729360
0.00000845223333407293
0.00384130979230680588
0.00000300774087174927
0.00046063419810285786
0.00000318319993613398
0.00103079563745910160
0.00000702227559574608
0.00147914437580681108
0.00012175347796615222
0.00400922293111488246
0.00067635371702101480
0.03377003767597808008
0.00030247713877586124
2.00000000000000000000
0.00071906821133565520
0.01652238526988253640
0.00000000000000000000
0.00000000000000000000
0.00000144119842487035
0.00013899700563333252
0.00003488271560976624
0.00928851469298145280
0.00000756563446786087
0.00000003210151208835
0.00000010794088161797
0.00000627726367616141
0.00000026377851024738
0.00001601176318476297
0.00000027174473683026
0.00000000000000000000
0.00001403381872829531
0.00011845327620672204
0.00001420214384259725
0.00017524786120164064
0.00000000036879138345
0.00004317849283059165
0.00000004120366409081
0.00000004576336964347
0.00049736928616106218
0.00000258494126215434
0.00166320723187626602
0.00004992781187345319
0.00544492375604033122
0.00001314321776049182
0.01003199118989249862
0.00028903425824304724
0.01649257593466328420
0.00045133669538238346
0.00239424046552668768
0.00009943735434553904
0.01745446377020815260
0.00000449143328478803
0.00184066815702597844
0.00000005959245653962
0.00001883187420415195
0.00000001595353555504
0.00000495214936281183
0.00000011673347686031
0.00000511294923780343
0.00000003910397556936
0.00000391039755693646
0.00000014881516853782
0.00000002854899278658
0.00000385761986964484
0.00038576198696448432
0.00000287714092004406
0.00024150110379107032
0.00003510331940316964
0.00014627713394329990
0.00001321554432004875
0.00198713376668149760
0.00004604385667159900
0.00110133522909799626
0.00003692018820787055
0.00958207308041685602
0.00001435014459370415
0.03592420341129999660
0.00066270215635253424
2.00000000000000000000
0.00003162893396093830
0.00000000000000000000
0.00000000000000000000
0.00071731108660429018
0.00001084334486384545
0.00446446576240762486
0.00005035093869328592
0.00027005195545532032
0.00000000092937591997
0.00003035273974899072
0.00000028418664361368
0.00000190151915434695
0.00000004799350844070
0.00000150647432226042
0.00000000000000000000
0.00019387872940085204
0.00000200830934400808
0.00075769107792788512
0.00001354927809255930
0.00001451675060931635
0.00000000640326140168
0.00000580642269012148
0.00060363849637890986
0.00000495891940787237
0.00035010373029979618
0.00000646085471495749
0.00371822350475900186
0.00000993210781387536
0.00127539124966661162
0.00005274157859214745
0.00291833852482916042
0.00014650966981688344
0.00051299343098291240
0.00032891715369573676
0.02785996797449253804
0.00050008861511904992
0.01209880343354581062
0.00004899370155708259
0.00007226662222665875
0.00000028911245695565
0.00005783310460801031
0.00000115430516525056
0.00000175757177302173
0.00000021587445319161
0.00003886405478747463
0.00000038864054787474
0.00005276918322398776
0.00000000518251466415
0.00113337383623581482
0.00001133373836235814
0.00137907748123217200
0.00001327832634647891
0.00112170300256884384
0.00000074393257074000
0.00031699801817374658
0.00003328788032440213
0.00128373107107736186
0.00001159873557552166
0.00753320188643644586
0.00001009317949475659
0.00591232928693726180
0.00001042647428420482
0.01184663273782831686
0.00002460698704657187
2.00000000000000000000
0.00000000000000000000
0.00000000000000000000
0.00003670791385090241
0.00037915437142098872
0.00000389956829758798
0.00243921360065760448
0.00001646335654300055
0.00000016118947740057
0.00000018094082562774
0.00012249655098545244
0.00000353431215632227
0.00000306512466629998
0.00000180071498142959
0.00000000000000000000
0.00000236853321819519
0.00011207955311182998
0.00006013265016835049
0.00024097990074548420
0.00000010665788965592
0.00037550231938228618
0.00000044725928340777
0.00000000000000000000
0.00000000000000000000
0.00000000000000000000
0.00000000000000000000
0.00000000000000000000
0.00000000000000000000
0.00000000000000000000
0.00000000000000000000
0.00000000000000000000
0.00000000000000000000
0.00000000000000000000
0.00000000000000000000
0.00000000000000000000
0.00000000000000000000
0.00000000000000000000
0.00000000000000000000
0.00000000000000000000
0.00000000000000000000
0.00000000000000000000
0.00000000000000000000
0.00000000000000000000
0.00000000000000000000
0.00000000000000000000
0.00000000000000000000
0.00000000000000000000
0.00000000000000000000
0.00000000000000000000
0.00000000000000000000
0.00000000000000000000
0.00000000000000000000
0.00000000000000000000
0.00000000000000000000
0.00000000000000000000
0.00000000000000000000
0.00000000000000000000
0.00000000000000000000
0.00000000000000000000
0.00000000000000000000
0.00000000000000000000
0.00000000000000000000
0.00000000000000000000
0.00000000000000000000
0.00000000000000000000
2.00000000000000000000
0.00000000000000000000
0.00000000000000000000
0.00000000000000000000
0.00000000000000000000
0.00000000000000000000
0.00000000000000000000
0.00000000000000000000
0.00000000000000000000
0.00000000000000000000
0.00000000000000000000
0.00000000000000000000
0.00000000000000000000
0.00000000000000000000
0.00000000000000000000
0.00000000000000000000
0.00000000000000000000
0.00000000000000000000
0.00000000000000000000
0.00000000000000000000
0.00000000000000000000
0.00000000000000000000
0.00000000000000000000
0.00000000000000000000
0.00000000000000000000
0.00000000000000000000
0.00000000000000000000
0.00000000000000000000
0.00000000000000000000
0.00000000000000000000
0.00000000000000000000
0.00000000000000000000
0.00000000000000000000
0.00000000000000000000
0.00000000000000000000
0.00000000000000000000
0.00000000000000000000
0.00000000000000000000
0.00000000000000000000
0.00000000000000000000
0.00000000000000000000
0.00000000000000000000
0.00000000000000000000
0.00000000000000000000
0.00000000000000000000
0.00000000000000000000
0.00000000000000000000
0.00000000000000000000
0.00000000000000000000
0.00000000000000000000
0.00000000000000000000
0.00000000000000000000
0.00000000000000000000
0.00000000000000000000
0.00000000000000000000
0.00000000000000000000
0.00000000000000000000
0.00000000000000000000
0.00000000000000000000
0.00000000000000000000
0.00000000000000000000
0.00000000000000000000
0.00000000000000000000
0.00000000000000000000
0.00000000000000000000
2.00000000000000000000
0.00000000000000000000
0.00000000000000000000
0.00000000000000000000
0.00000000000000000000
0.00000000000000000000
0.00000000000000000000
0.00000000000000000000
0.00000000000000000000
0.00000000000000000000
0.00000000000000000000
0.00000000000000000000
0.00000000000000000000
0.00000000000000000000
0.00000000000000000000
0.00000000000000000000
0.00000000000000000000
0.00000000000000000000
0.00000000000000000000
0.00000000000000000000
0.00003205041963215350
0.01183411382817867204
0.00000742602624095316
0.00649427533348841868
0.00000114538725609976
0.00036222409094562064
0.00001760840957888850
0.00091579172126782720
0.00000785382355791343
0.00380956630113007764
0.00000046911988834810
0.00108199670161740128
0.00000202895206159754
0.00588728577145802802
0.00003217380575830413
0.00910930991118574820
0.00000010483783122965
0.00005121632715481982
0.00000009874336033898
0.00000335311957914372
0.00000016673340863439
0.00005623049770509345
0.00000020059682081673
0.00002005968208167313
0.00000222842279368438
0.00000022687606769150
0.00009952353786097200
0.00995235378609719040
0.00000938787883867261
0.00192003956760138400
0.00000013839435362557
0.00128699481740402528
0.00000481907334525700
0.00169177863804282228
0.00005100311411820129
0.00110867781562031386
0.00000768030416044139
0.00088124419416938058
0.00000126950774023836
0.00006776008286183465
0.00000117817546031294
0.00063627585515229392
0.00004185272286494553
0.00000000000000000000
0.00000000000000000000
2.00000000000000000000
0.00038419471695790506
0.00110206012586403946
0.00002804611063036537
0.00085186563785341904
0.00000000269085682921
0.00019034429005144352
0.00000135484344017982
0.00010729392091553860
0.00000006507122720913
0.00011493087577692108
0.00000000000000000000
0.00342882711786359764
0.00001218592565374404
0.00148284518011310646
0.00000006091909153531
0.00009591325060595290
0.00000141675239691011
0.00005074664066982754
0.00377250658603947766
0.00014517822497957520
0.00276129159006999444
0.00008188619791200481
0.00162373767988754304
0.00000439963388506880
0.00212610383506594324
0.00001092180383060718
0.00028642678800246476
0.00003323781256163300
0.00061696783410612800
0.00000646871723546146
0.00023433597540092032
0.00003357273535242176
0.00450112621694175926
0.00011012637384668180
0.00021814309203209376
0.00000005823019055411
0.00078565080444843504
0.00000154167310075161
0.00045626862184643600
0.00000175220087346757
0.00169889943193665120
0.00001698899431936650
0.00016766472118126930
0.00000001402774830440
0.01239820359227927206
0.00012398203592279270
0.00269789992164008160
0.00001915196458904250
0.00043992370230304018
0.00002214056536513141
0.00654982401455659462
0.00000813278534385778
0.00304596920606655966
0.00001434781032494533
0.00005674930376902586
0.00000227697218520880
0.00009444345716410460
0.00000391130593815131
0.00015164199629398824
0.00001283597980224557
0.00057690982602741192
0.00000000000000000000
0.00000000000000000000
0.00051271880127704026
2.00000000000000000000
0.00001918656548103855
0.00091070482879650762
0.00001960170925560605
0.00000026409951890800
0.00000271198936458821
0.00029122652543640196
0.00001441346149251801
0.00016711891259917850
0.00002626227768659597
0.00000000000000000000
0.00000180633579350871
0.00269579323862729380
0.00004366586025786738
0.00023577035727378096
0.00000443449630352507
0.00142946801618476400
0.00000094550020674773
0.00000590741096556626
0.00961537906452693220
0.00000675407147484933
0.00457152080202660008
0.00001320744969674999
0.00077279959073803200
0.00000502340356251878
0.00493046277435757440
0.00004107497239223462
0.00955063749607571626
0.00002911720912094284
0.00010473203209983894
0.00001045899451656680
0.00849315540923425606
0.00000303166080732795
0.00364666841409459782
0.00000148406114975069
0.00004251271546164440
0.00000284816384576267
0.00031666126910704976
0.00000730367562449822
0.00001166874762139781
0.00001158972897592664
0.00115897289759266400
0.00000315742609845902
0.00000369100352162052
0.00000140427846697452
0.00014042784669745282
0.00002729245654777456
0.00243413298952270980
0.00000135184965780219
0.00155391364129791882
0.00003016128999312527
0.00251296637867781248
0.00001480716491756242
0.00056789991448098152
0.00001764882494559402
0.00114625122115224362
0.00002117990052249150
0.00127718850366805226
0.00003299298881086457
0.00458176252043637602
0.00000514405642165624
0.00000000000000000000
0.00000000000000000000
0.00127505954811843562
0.00001663391830076710
2.00000000000000000000
0.00060919088944795160
0.00169054850888992448
0.00000000898915342280
0.00092100095551120522
0.00001617315637636598
0.00063216503054679058
0.00000058931377594306
0.00058095633266476384
0.00000000000000000000
0.00617634771585925602
0.00000727660493118706
0.00321735529249348446
0.00001661681416208665
0.00081011791063905658
0.00001371516402457811
0.00092099604679347040
0.00205065370451102164
0.00000087644677289818
0.00087152412325847440
0.00001630421674379138
0.00120010106147942848
0.00000383379204723559
0.00036761224024516072
0.00002907472109299846
0.00407536847607824640
0.00002858915848975167
0.00153810147253358560
0.00000196797228132680
0.00010663415856718550
0.00016174744067897848
0.00219547955718026004
0.00008195888101827178
0.00009658842212945672
0.00000219940189185668
0.00010093871843714124
0.00000122000037127929
0.00013412171632874872
0.00000039928938570716
0.00076156651784504784
0.00000761566517845047
0.00070058710224029840
0.00000001695649909134
0.00092528255836399520
0.00000925282558363995
0.00369866457024963468
0.00000124470788235474
0.00023280670674216976
0.00000661861447674634
0.00278216404624078048
0.00001099841677904260
0.00001599502880680423
0.00002141687950748977
0.00103684329671713840
0.00001859654287196812
0.00008891319358285430
0.00000536184867032912
0.00664599972949813120
0.00003909068893045082
0.00243411840219576724
0.00000000000000000000
0.00000000000000000000
0.00002454711717397051
0.00059727953929534000
0.00046084626724035512
2.00000000000000000000
0.00011258096963901962
0.00000150951011205638
0.00000904222084136528
0.00008092970965527940
0.00000591551777484416
0.00006419833514910492
0.00000009089050378471
0.00000000000000000000
0.00001296703216410704
0.00850488817370195526
0.00008937176114053836
0.00058296596096405866
0.00000461197453877224
0.00014243919600865810
0.00000336083716711479
0.00000151068319334233
0.00003642148850538499
0.00000032523310823418
0.00006526852640425760
0.00000148761708795940
0.00027584803197414218
0.00000225021501930114
0.00416144021230401920
0.00000067675020704066
0.00180692000796870762
0.00000344977748162916
0.00020737077729568800
0.00000331659728176307
0.00046356589847007938
0.00002567103825674602
0.00180657704396115126
0.00000501657046748303
0.00088408239831654064
0.00000088531227207674
0.00000851057818207800
0.00000309646147916764
0.00022254599258281058
0.00000356295913894058
0.00035629591389405898
0.00002395352248860988
0.00000106836997264569
0.00000481871792581735
0.00048187179258173592
0.00000037027946934751
0.00013821718923375968
0.00000029863908787142
0.00009586575947450198
0.00000067389648370823
0.00025949745855380560
0.00000160399850253959
0.00003101520990985129
0.00000103317565658160
0.00141587381403543040
0.00002271343869770023
0.00010745397499178200
0.00000504892124297661
0.00019554750274703978
0.00001532319912553113
0.00000000000000000000
0.00000000000000000000
0.00069540554277576720
0.00001199038522566507
0.00119280515183390720
0.00010500359776444978
2.00000000000000000000
0.00000001121960280133
0.00018092181167096020
0.00000397800051146510
0.00055105949822384912
0.00000073133830187397
0.00009074468355544690
0.00000000000000000000
0.02196365268987997802
0.00001772978794607133
0.01997943145308932040
0.00117135887737028800
0.00035145313692930578
0.00001148177947816423
0.00044236103021241312
0.00000002543113485095
0.00000000023316501839
0.00000000621576414493
0.00000000050632826208
0.00000015026999893744
0.00000000018928001128
0.00000008351802179749
0.00000000013276719190
0.00000001157167243972
0.00000000033395477462
0.00000005763930080680
0.00000000025771687423
0.00000005256525121134
0.00000000667210191603
0.00000004632089832139
0.00000000813940292649
0.00015010462212051878
0.00000012555167555903
0.00005460695533627094
0.00000082792248307834
0.00019133709222315952
0.00000090131385980196
0.00008480308303110975
0.00000084803083031109
0.00002670073739495371
0.00005924433137847856
0.00000000981286494943
0.00000000009812864949
0.00000023079745880624
0.00000000075847671831
0.00000001580186678198
0.00000000000329334109
0.00000004878451781855
0.00000000041474417152
0.00000005050704930169
0.00000000027588872183
0.00000000026132036011
0.00000000116818828634
0.00000001011291598510
0.00000000331802238750
0.00000002594838748884
0.00000000081513212039
0.00000018171860416556
0.00000000000000000000
0.00000000000000000000
0.00000000266065939756
0.00000019567639856486
0.00000000768231844455
0.00000170532384563788
0.00000001358967672017
2.00000000000000000000
0.00000067863111240496
0.00000910760613104832
0.00000010295913253822
0.00001657010051636502
0.00000032776171284393
0.00000000000000000000
0.00000006129176461719
0.00000002712184057165
0.00000001949041773341
0.00000119455301899282
0.00000081753882089808
0.00003302619810256146
0.00000021376746160292
0.00000019052439342397
0.00002820768580977679
0.00000008088753130397
0.00000743327676748177
0.00000000762643002150
0.00005568774629028262
0.00000023410739902869
0.00015609245205212580
0.00000019241532048928
0.00006982133308158944
0.00000012263127280988
0.00001573513579745439
0.00000004978225150116
0.00001621072670321127
0.00000504156088669795
0.00010573023005215930
0.00031897865383419376
0.01139123530899139840
0.00006939404686937790
0.01457381294272539628
0.00004060574272623690
0.01744233670977267200
0.00040048095119405328
0.04004809511940532884
0.00026455884578979632
0.00019269776276453720
0.00000031708456236394
0.00003170845623639480
0.00000054506168875898
0.00000299682090260996
0.00000003766943566714
0.00000654835804264142
0.00000035003278850203
0.00000267862989861328
0.00000002504401871709
0.00002464106396119940
0.00000030235753505484
0.00008614557563655430
0.00000005329918213011
0.00002808638707885284
0.00000009072203797558
0.00002768066000451052
0.00000021210027144131
0.00000000000000000000
0.00000000000000000000
0.00019569534541318876
0.00000208929983622550
0.00081841870198415146
0.00001062155004406679
0.00022785812692206992
0.00000070562785760740
2.00000000000000000000
0.00009474354833699544
0.02388435820529551682
0.00054376590679731184
0.03351585973131342484
0.00000000000000000000
0.00023633519418424200
0.00000004592479131714
0.00020128315224796444
0.00000042988512753872
0.01266626831886970408
0.00060124485494841080
0.00836459428013405608
0.00000774995792171181
0.00000028338155100013
0.00000220266064547553
0.00000000264065827752
0.00000261381896106575
0.00000004463066766218
0.00000716245751951171
0.00000015031075189308
0.00000669932034087135
0.00000027632321438334
0.00000008840848664165
0.00000012272317465525
0.00001525437014294985
0.00000097061578315362
0.00020172837292656248
0.00000017381144015328
0.03204391906228370020
0.00019551763315769076
0.00606215530460134006
0.00006773595051123948
0.00703920010053801060
0.00001537026299071284
0.01574375252153986028
0.00015743752521539860
0.00531653481444455386
0.00000019031716505198
0.00000299866979397651
0.00000002998669793976
0.00003671484626773231
0.00000008432371928704
0.00000207809472935201
0.00000009017118089900
0.00002693139393767914
0.00000012543409630754
0.00000116099841038322
0.00000008124796662060
0.00000049950787431842
0.00000005227831137688
0.00000174108494299729
0.00000062054851527204
0.00000365658187191646
0.00000017962231908085
0.00009951913924402668
0.00000000000000000000
0.00000000000000000000
0.00000096540123319648
0.00015549692691370848
0.00000996066521820770
0.00006588686835810114
0.00000347229426677173
0.00000656333068277106
0.00006566406118864236
2.00000000000000000000
0.00012800053780042672
0.01797820377633603086
0.00006464782952671571
0.00000000000000000000
0.00001400968710134633
0.00000003072724972567
0.00000293873824658488
0.00056480354966644552
0.00041341740837906658
0.00648646638874159044
0.00010605832636811122
0.00000036397696573071
0.00012465610739522828
0.00000008935034942826
0.00000152029688863840
0.00000027708134034841
0.00003504632856956837
0.00000009142272176095
0.00012868624679326162
0.00000004188951892987
0.00005574418119449165
0.00000026038687041699
0.00002060575405514967
0.00000001546086455045
0.00004116694557697951
0.00000553326044123345
0.00045390191902336418
0.00070925846346844752
0.02378871493959935268
0.00014771603466255898
0.00162842034228608608
0.00007830962025292852
0.01460259752946964048
0.00002355051107908926
0.00235505110790892608
0.00002752653207720337
0.00004617057847314803
0.00000050219077828755
0.00005021907782875532
0.00000030406560091252
0.00003684602143466749
0.00000004061340458705
0.00003717924637298431
0.00000007968852533164
0.00000025569288691242
0.00000009764369375179
0.00004782024479057720
0.00000011959121804380
0.00007447045473926105
0.00000050726723411396
0.00000759340793691722
0.00000024828015528331
0.00000194202585603130
0.00000463965108484210
0.00000000000000000000
0.00000000000000000000
0.00012353542666216852
0.00001243531642836190
0.00062910290849468952
0.00000778182238338447
0.00077722694423599920
0.00000011988989697495
0.02674787816415191240
0.00020682806136563872
2.00000000000000000000
0.00019447390590488724
0.00203864397753606560
0.00000000000000000000
0.00091265450388084480
0.00000076328164780668
0.00108600997738952640
0.00001212217292518144
0.00319583795233919202
0.00009797793299967096
0.03107704054555070424
0.00000400678982104506
0.00000014049340006374
0.00000094377619349244
0.00000006093670309539
0.00001265426473465143
0.00000012995421355821
0.00000075437954043588
0.00000001728200592500
0.00001466339694171842
0.00000016386158266461
0.00002686093201689706
0.00000021944934121481
0.00002095020824391406
0.00000158158390543839
0.00004600031673501836
0.00000023566112949055
0.02774663088571687686
0.00026943008883187256
0.00154321142728492480
0.00003399263113060291
0.00075315682683222986
0.00001208823281920224
0.00471999181824592268
0.00004719991818245922
0.00351530787406070720
0.00000012425975802357
0.00001791219352470766
0.00000017912193524707
0.00002241643912457613
0.00000004714387101558
0.00000519883657738302
0.00000000272711833298
0.00000631930244984396
0.00000010025725576238
0.00000948456149343481
0.00000002441518370876
0.00000079728754772622
0.00000011404783012956
0.00001135391674176415
0.00000086596162674749
0.00001522362856502666
0.00000004951231425506
0.00000406447993554764
0.00000000000000000000
0.00000000000000000000
0.00000007568012215922
0.00014564332109612156
0.00000059239889795532
0.00008530779955857422
0.00000104194332877068
0.00001949033387968796
0.00061512610590695306
0.02934407266236157808
0.00019644354405588596
2.00000000000000000000
0.00003751009574644112
0.00000000000000000000
0.00000397758849744488
0.00003172631762981765
0.00001069121495244426
0.00049458679315017080
0.00019882795585968664
0.02610099669506614082
0.00008104008974079506
0.00000033478165133647
0.00007906438765576215
0.00000007665619657593
0.00001985794412178172
0.00000012384813836601
0.00000301440443818738
0.00000020147982406379
0.00004299161405364487
0.00000003371726928533
0.00002830888595378232
0.00000007327875271711
0.00006129576928845476
0.00000028348980288373
0.00029341726008241018
0.00000441108893286227
0.00017597090298948320
0.00001954636069015262
0.00611436296630571846
0.00004875714641168144
0.01068971694872612804
0.00022221264208741488
0.00133975651016881600
0.00017169564896319200
0.01716956489631920008
0.00022679531833697376
0.00019451127943671576
0.00000048695603228854
0.00004869560322885468
0.00000157455322457493
0.00002216843041978612
0.00000019504342990949
0.00003050945359399699
0.00000009453553393006
0.00000083023904747182
0.00000029868109315792
0.00000626877238280600
0.00000002197762427103
0.00001314045545701814
0.00000007554266767165
0.00000667075548021870
0.00000022866104588424
0.00000137544897450082
0.00000211326442397948
0.00000000000000000000
0.00000000000000000000
0.00011829913423559764
0.00002025579927442902
0.00051684838289026992
0.00000010688961381087
0.00011441922268863858
0.00000034119635242977
0.03355479359025542404
0.00009338563203812556
0.00182250964593850048
0.00003319710376259772
2.00000000000000000000
0.00000000000000000000
0.00005327466915199859
0.00000002768324036601
0.00026932303725251860
0.00000435666575794173
0.00923748872403353600
0.00087099721598261424
0.00125789845778414922
0.00000000000000000000
0.00000000000000000000
0.00000000000000000000
0.00000000000000000000
0.00000000000000000000
0.00000000000000000000
0.00000000000000000000
0.00000000000000000000
0.00000000000000000000
0.00000000000000000000
0.00000000000000000000
0.00000000000000000000
0.00000000000000000000
0.00000000000000000000
0.00000000000000000000
0.00000000000000000000
0.00000000000000000000
0.00000000000000000000
0.00000000000000000000
0.00000000000000000000
0.00000000000000000000
0.00000000000000000000
0.00000000000000000000
0.00000000000000000000
0.00000000000000000000
0.00000000000000000000
0.00000000000000000000
0.00000000000000000000
0.00000000000000000000
0.00000000000000000000
0.00000000000000000000
0.00000000000000000000
0.00000000000000000000
0.00000000000000000000
0.00000000000000000000
0.00000000000000000000
0.00000000000000000000
0.00000000000000000000
0.00000000000000000000
0.00000000000000000000
0.00000000000000000000
0.00000000000000000000
0.00000000000000000000
0.00000000000000000000
0.00000000000000000000
0.00000000000000000000
0.00000000000000000000
0.00000000000000000000
0.00000000000000000000
0.00000000000000000000
0.00000000000000000000
0.00000000000000000000
0.00000000000000000000
0.00000000000000000000
0.00000000000000000000
0.00000000000000000000
2.00000000000000000000
0.00000000000000000000
0.00000000000000000000
0.00000000000000000000
0.00000000000000000000
0.00000000000000000000
0.00000000000000000000
0.00000000000000000000
0.00000255937630156383
0.00090558076521252384
0.00000013522877168253
0.00046962674078058712
0.00001289484971074246
0.00163548545691325366
0.00000274843493161536
0.00000964671820621106
0.00001565701181219731
0.00189590830623827766
0.00000030674069333878
0.00004886415830535041
0.00000143242113017308
0.00273145686951729784
0.00002638312457783915
0.00337664206515614764
0.00000389735307200277
0.00065875548687679024
0.00001153488312710281
0.00067728287068939104
0.00000012388700890839
0.00023176812254345792
0.00000064980321644203
0.00006498032164420320
0.00000396379958957912
0.00000078224312655325
0.00000138179819569420
0.00013817981956942060
0.00000286410588107629
0.00009687154435696500
0.00000022079498014344
0.00007348448712724678
0.00000126752374090490
0.00003520845461642827
0.00000122548618346513
0.00032310329350260872
0.00000201619898844788
0.00152089594320974388
0.00000539123970169466
0.00034114467691471752
0.00001071100147966542
0.00016055952983230724
0.00000252122448808301
0.00000000000000000000
0.00000000000000000000
0.00320120591909300984
0.00000126368449239561
0.00498396039113165120
0.00001383186552449506
0.02511918489787684040
0.00000005787239515125
0.00021461287872724500
0.00001835598618358886
0.00074004481629712986
0.00000319297153455792
0.00004832189239269051
0.00000000000000000000
2.00000000000000000000
0.00000291902777766789
0.02900463831404305620
0.00018549038028607752
0.00046774148687679218
0.00000199298375857081
0.00261464251295585002
0.00000534023822123186
0.00000253215670101070
0.00007831024417793475
0.00000296505055402753
0.00002147263417166534
0.00000070373318623350
0.00004903192117805578
0.00000005138443182892
0.00024536192555256544
0.00000018477315903186
0.00005544199793243585
0.00000095968706197487
0.00000806453340375847
0.00000164006659714426
0.00322757627810688582
0.00002470608856346661
0.00000324009971866800
0.00000038648223238676
0.00000491336405568648
0.00000005126686961432
0.00000075965536124580
0.00000004258679755107
0.00000064226813150411
0.00000000642268131504
0.00001642448681148124
0.00000000011582493075
0.00001787743004843784
0.00000017877430048437
0.00010407497216261508
0.00000049629740089632
0.00001654671164764833
0.00000035260740321584
0.00015969484016953710
0.00000004111540156891
0.00005405347169149341
0.00000057275014094345
0.00000803552970099577
0.00000148284683789748
0.00011322249329285888
0.00000205743191154121
0.00005560010623765566
0.00000102284743250664
0.00007337240505495501
0.00000000000000000000
0.00000000000000000000
0.00000699682278971030
0.00115984799349591040
0.00000361115365674632
0.00557934356459961442
0.00001247035577790207
0.00000001574935665767
0.00000002564772799581
0.00000002475980979376
0.00000038063679472903
0.00001566279238434137
0.00000001544238670492
0.00000000000000000000
0.00000179519882529708
2.00000000000000000000
0.00000955189418334300
0.00026841488719363400
0.00000001941835701359
0.00000611878666855494
0.00000007308403681439
0.00000279785505206589
0.00004178053713116690
0.00000057700206553595
0.00003623132497351812
0.00000125883236672069
0.00009620195796492022
0.00000285589665230083
0.00919710492825636266
0.00000166276429992022
0.00042428829547559978
0.00000840840136460279
0.00054005741854131872
0.00001218190294442758
0.00693953683394422006
0.00003782379308910234
0.00830768869911207040
0.00000134342781955811
0.00026851763253379140
0.00000363473132250873
0.00012573181081819684
0.00000077136812234088
0.00004674322759105632
0.00000115113759587171
0.00011511375958717190
0.00001162610263250871
0.00000316580491065267
0.00000894477253528372
0.00089447725352837226
0.00000243160854867311
0.00087377151888981888
0.00000214614486425300
0.00010252026736723548
0.00000253288031533136
0.00017605661303248712
0.00000973463129894301
0.00022785311778326080
0.00000230301763218414
0.00162633810646883766
0.00001618365276539071
0.00100784441062731968
0.00000967274392235889
0.00055993764034282720
0.00005711944090081285
0.00000000000000000000
0.00000000000000000000
0.00123539374834566880
0.00002725986843048047
0.00231677273529316244
0.00008507110083068110
0.02039039632728329608
0.00000001642222679994
0.00016310841662956578
0.00000343598894828282
0.00078582709930206784
0.00000765850188742311
0.00021799083890012356
0.00000000000000000000
0.02588266676081452484
0.00001385979292531072
2.00000000000000000000
0.00000340481699993795
0.00149780042217650388
0.00000278160962094272
0.00039571653659814072
0.00010389295819694716
0.00000046009650801110
0.00000589539458548000
0.00000039185633202117
0.00000124835300830988
0.00000054922159956586
0.00012642948017730870
0.00001854039134128950
0.00028744382075680800
0.00000265195963895967
0.00005758718047074042
0.00000006620103327377
0.00027821154456433940
0.00001438863532742691
0.00102107040339799024
0.00000038778327212579
0.00043433457965430312
0.00000450715023820563
0.00021059838885519536
0.00000302042859826670
0.00027730909619630760
0.00000277427277416539
0.00036387227934972552
0.00000363872279349725
0.00020962142103308812
0.00000000416033436226
0.00000287579111242635
0.00000002875791112426
0.00002801738812023723
0.00000024360623968580
0.00000762437302804301
0.00000045732170995160
0.00002186242428176393
0.00000043818778004572
0.00010620132656447722
0.00000072476437702889
0.00022865527036544236
0.00000291171901047079
0.00156779970294556288
0.00000213737161054796
0.00008170827222412302
0.00000685458495566064
0.00015670106275076150
0.00000000000000000000
0.00000000000000000000
0.00000003474405669652
0.00010076006843977118
0.00000819124076227181
0.00037987652036170346
0.00081837062537171194
0.00000068902320118630
0.00000023847281837691
0.00045207010450364880
0.00000600469812045761
0.00024253632633667224
0.00000241399573722691
0.00000000000000000000
0.00011331319250981564
0.00026661916012349144
0.00000233083371849296
2.00000000000000000000
0.00001429862104174458
0.00006710729884567700
0.00001361547498975038
0.00000022357934981790
0.00005781765721727580
0.00000008031852688699
0.00000156335413752048
0.00000005094682769618
0.00001311718061688074
0.00000003253078892513
0.00012347983106927940
0.00000010943577102510
0.00000774630160613712
0.00000001448837955392
0.00000558156535715179
0.00000039720195045887
0.00004693713422354244
0.00000335014203526010
0.00018110913133255704
0.00005658217689319374
0.01222258247530334248
0.00017184024676882402
0.00392781384679321206
0.00014949376912584296
0.00167138906393386388
0.00001855277103412148
0.00185527710341214804
0.00094514767626679328
0.00004523886357020937
0.00000008426951368201
0.00000842695136820185
0.00000084880604129709
0.00002609352228077367
0.00000012013627655502
0.00000623876389057656
0.00000042555192315181
0.00000926364150419141
0.00000003226668210413
0.00000475617697339657
0.00000010729638393485
0.00000697341234701910
0.00000028224154623709
0.00003136430820961787
0.00000000032146753755
0.00001373021949501596
0.00000012966631369040
0.00000000000000000000
0.00000000000000000000
0.00010227012199557432
0.00000354312607957563
0.00074660899774031744
0.00000561861419678052
0.00045906115005463560
0.00000088161679969361
0.01313645568356868006
0.00061864312061702360
0.00295963742751184448
0.00018228661679653316
0.00956927939920209066
0.00000000000000000000
0.00053420510401446080
0.00000003606121001406
0.00191696649949403808
0.00002673235460299412
2.00000000000000000000
0.00043544697954460976
0.01819036949965335682
0.00001438836015895306
0.00000067878241399253
0.00000090360414911568
0.00000012640560916880
0.00002532034661225654
0.00000036035941822793
0.00000581759426344153
0.00000091153225124484
0.00000579397272842036
0.00000022578985342688
0.00003098590050497318
0.00000015041367978923
0.00005286440564986264
0.00000110005647839286
0.00033868783008818096
0.00000410026834652505
0.01110442729501820642
0.00001673172772935547
0.00913361368941104808
0.00048227177904085626
0.04629206971032832000
0.00010335359133305664
0.01010792629863147620
0.00010107926298631476
0.06417205821304242626
0.00000071018405177102
0.00003352137123361611
0.00000033521371233616
0.00002633464822915951
0.00000014257327986031
0.00000157933501760617
0.00000036431301616329
0.00001654472002963209
0.00000011313498503272
0.00000959293478700218
0.00000042402079933909
0.00001313685683516368
0.00000025529860143502
0.00001660417326628725
0.00000010268210599454
0.00003922174683231003
0.00000000631120650499
0.00047571834234818200
0.00000000000000000000
0.00000000000000000000
0.00000157422648665150
0.00119019972932125888
0.00001317192006526806
0.00018083184773067432
0.00001562843219542182
0.00003711360572168938
0.00064980640737941024
0.01011492565031968000
0.00009455513717267784
0.02493661635322902086
0.00094025396989737322
0.00000000000000000000
0.00000237196892937067
0.00001184121374283577
0.00000370987989242246
0.00013074223673203696
0.00045377271393597978
2.00000000000000000000
0.00007523968406039988
0.00000000555734199338
0.00004328730614218647
0.00000004492747383790
0.00001394472108925757
0.00000006982529694639
0.00004883635877669465
0.00000009292574163161
0.00008291758224935102
0.00000007638253003258
0.00000521970705759935
0.00000000649699321970
0.00002602231230177665
0.00000039286531133248
0.00023350114961415256
0.00000008261711419643
0.00015155719580886998
0.00000079535025641825
0.02173055097211062402
0.00003065136532649507
0.00266292827898967562
0.00007088826734397528
0.04988054990483628062
0.00002117870842438154
0.00211787084243815444
0.00014277849225299190
0.00005880916571395001
0.00000005928783101246
0.00000592878310124600
0.00000001006264915899
0.00001222305647770545
0.00000000006509895881
0.00002575166198022341
0.00000002637691066043
0.00000975196455711525
0.00000008209931784122
0.00002572627911485769
0.00000015181357498005
0.00000851395511639051
0.00000009846769062555
0.00008672129042905919
0.00000004094327659962
0.00000626047248930463
0.00000061984619693032
0.00000000000000000000
0.00000000000000000000
0.00006168333713478865
0.00000086118079656281
0.00096759396505899920
0.00000466745545555495
0.00065867378122237786
0.00000026278675526890
0.00988928290963845220
0.00018092000730904048
0.03280830657896796060
0.00008469692626483032
0.00148546114954143968
0.00000000000000000000
0.00340411998261034004
0.00000015471796364247
0.00057734468671550792
0.00002901791828101769
0.02073633117678187620
0.00008230652527089276
2.00000000000000000000
