22
24
100.0
8.0
0.00100000000000000000
10.00000000000000000406
10.00000000000000000406
10.00000000000000000406
10.00000000000000000406
10.00000000000000000406
10.00000000000000000406
10.00000000000000000406
10.00000000000000000406
10.00000000000000000406
10.00000000000000000406
10.00000000000000000406
10.00000000000000000406
10.00000000000000000406
10.00000000000000000406
10.00000000000000000406
10.00000000000000000406
10.00000000000000000406
10.00000000000000000406
10.00000000000000000406
10.00000000000000000406
10.00000000000000000406
10.00000000000000000406
10.00000000000000000406
10.00000000000000000406
0.50000000000000000000
0.50000000000000000000
0.50000000000000000000
0.50000000000000000000
0.50000000000000000000
0.50000000000000000000
0.50000000000000000000
0.50000000000000000000
0.50000000000000000000
0.50000000000000000000
0.50000000000000000000
0.50000000000000000000
0.50000000000000000000
0.50000000000000000000
0.50000000000000000000
0.50000000000000000000
0.50000000000000000000
0.50000000000000000000
0.50000000000000000000
0.50000000000000000000
0.50000000000000000000
0.50000000000000000000
0.50000000000000000000
0.50000000000000000000
0.50000000000000000000
0.50000000000000000000
0.50000000000000000000
0.50000000000000000000
0.50000000000000000000
0.50000000000000000000
0.50000000000000000000
0.50000000000000000000
0.50000000000000000000
0.50000000000000000000
0.50000000000000000000
0.50000000000000000000
0.50000000000000000000
0.50000000000000000000
0.50000000000000000000
0.50000000000000000000
0.50000000000000000000
0.50000000000000000000
0.50000000000000000000
0.50000000000000000000
0.10000000000000000000
0.00003812504582710049
0.00099987155987304906
0.00001093720917088110
0.00001017304897540467
0.00000010173048975404
0.00008195811017986499
0.00000081958110179864
0.00003033732179189124
0.00000061800115708909
0.00000135720211830007
0.00000000375675547624
0.00000109316960011787
0.00000000334054619163
0.00000250812592805363
0.00000004862037683928
0.00002509874151120470
0.00000037630027201214
0.00002685555683760536
0.00000416913494776855
0.00001227646747047859
0.00006222708658373732
0.00803264735153876008
0.00008583629021128738
0.00297074318046135522
0.00001411437653764181
0.00127035583570515008
0.00000037885054125003
0.00093682073313658826
0.00000221588126751724
0.00087427296877220448
0.00000010277744936360
0.00069419337567121584
0.00000000000000000000
0.00000044647611429045
0.00000082386276586778
0.00022237820908172236
0.00000007112146131902
0.00012061907103507696
0.00000024589703410380
0.00000005998779791347
0.00000000186036936047
0.00000065147297037236
0.00000001139391096096
0.00000912535111713260
0.00000138755005458055
0.00002609157789931619
0.10000000000000000000
0.00000882053500305123
0.00041793205070333960
0.00000005405526037554
0.00000540552603755437
0.00000005218696159189
0.00000521869615918955
0.00000019536945743899
0.00000452141248844373
0.00000000155835247448
0.00000005833271140026
0.00000000105840906905
0.00000012019069304364
0.00000000172743266629
0.00000112100535126618
0.00000005833680088491
0.00003421098871536362
0.00000013583300814216
0.00121122345271206704
0.00000444270692041643
0.00380109379785831124
0.00001884250297692465
0.01112235375564634408
0.00001176452947244360
0.00687203122830566982
0.00000792083927871563
0.00059028850357185824
0.00000006058376351293
0.00003286146999516553
0.00000021596616853871
0.00003103565809922668
0.00000009945562690204
0.00000000000000000009
0.00000001586789540281
0.00000573797075782481
0.00000286567194152016
0.00001910349059105978
0.00000004430562007032
0.00000168983599222150
0.00000000192663097779
0.00000011998464064150
0.00000000096406386467
0.00000046862840846894
0.00000000825103385882
0.00000708586781993122
0.00101118633504208400
0.00001303442671205978
0.10000000000000000000
0.00020078087430284500
0.00033708754489458360
0.00000337087544894583
0.00008870782682502439
0.00000088707826825024
0.00003732999364597353
0.00000006663206815112
0.00000018740312908452
0.00000000421881596337
0.00000000876940262168
0.00000000051557068396
0.00000002847418146386
0.00000003106000362564
0.00000223143152104913
0.00000006867222487568
0.00001649789795963319
0.00001984818745128950
0.00050331917518314144
0.00000098912689668050
0.00020458575860855400
0.00000575512619748606
0.00015261046469041156
0.00001231811094152408
0.00102027356901163120
0.00000434438860963720
0.00033264721789756256
0.00000385763290539852
0.00020670072150005756
0.00000025533629052552
0.00033892625371843996
0.00000000000000000000
0.00000139893364906267
0.00000004595284157077
0.00002626067538809804
0.00000069030178412345
0.00002317258513095226
0.00000000553484082761
0.00000082873805048956
0.00000001571142144042
0.00000033381397132184
0.00000000116821803201
0.00000937059377922203
0.00000002882730302407
0.00003042208836486830
0.00169862774629140884
0.00055222729673943512
0.10000000000000000000
0.00000025857344366365
0.00002585734436636585
0.00000084015792976930
0.00008401579297693080
0.00000087657940712549
0.00001743425621894810
0.00000000729861220856
0.00000038652901748911
0.00000000077252387038
0.00000004655489543765
0.00000000170058332595
0.00000376413150896750
0.00000001505217523198
0.00003775991104267015
0.00000028079463553001
0.00424417130216423286
0.00000977683306272506
0.00010234948399432190
0.00000304841555037638
0.00063563208454338858
0.00000139412095620292
0.00059783102802924552
0.00000969486481879832
0.00073234928574146064
0.00000096012457138067
0.00002280640274097630
0.00000004164051622122
0.00000358797691373273
0.00000008662627773053
0.00000000000000000000
0.00000000615749222766
0.00000590026508745044
0.00000006406476833477
0.00000337793785773110
0.00000020165624354017
0.00000331282943833163
0.00000000621794709347
0.00000164990264288396
0.00000000715083930630
0.00000029346403046742
0.00000008087107609471
0.00000090827327060081
0.00002084556489058098
0.00000016184918885088
0.00068299616126022480
0.00000019048638811495
0.10000000000000000000
0.00100000000000000000
0.00039809445455295400
0.00000398094454552954
0.00000990891790749512
0.00000018685953261233
0.00000018016547181387
0.00000000008196898686
0.00000004005993314335
0.00000000179963437184
0.00000025715843125007
0.00000000333747603673
0.00000074052210240036
0.00000029895733773922
0.00002497933682362909
0.00001207779683918984
0.00034018845158898244
0.00000063713534159413
0.00007847759427709424
0.00000007119056959189
0.00000653153823744567
0.00000086540077272391
0.00754347212168481280
0.00000477023011629707
0.00026622600867971344
0.00000331082920599271
0.00027796025902613156
0.00000063505034875138
0.00021107675668380036
0.00000000000000000000
0.00000048534160038032
0.00000011304427830229
0.00031224066623665818
0.00000037137266408143
0.00001551639509688909
0.00000003918139502079
0.00000014760410831815
0.00000000239476557844
0.00000025582266949491
0.00000000589484774933
0.00000049846592042362
0.00000006602180666938
0.00000020845564890580
0.00001618491888508850
0.00000682996161260224
0.00001904863881149540
0.00100000000000000000
0.10000000000000000000
0.00000398094454552954
0.00039809445455295400
0.00000009908917907495
0.00001868595326123318
0.00000000180165471813
0.00000000819689868661
0.00000000040059933143
0.00000017996343718450
0.00000000257158431250
0.00000033374760367370
0.00000000740522102400
0.00002989573377392274
0.00000024979336823629
0.00120777968391898442
0.00000340188451588982
0.00006371353415941344
0.00000078477594277094
0.00000711905695918973
0.00000006531538237445
0.00008654007727239162
0.00007543472121684814
0.00047702301162970746
0.00000266226008679713
0.00033108292059927196
0.00000277960259026131
0.00006350503487513809
0.00000211076756683800
0.00000000000000000000
0.00000000485341600380
0.00001130442783022932
0.00000312240666236658
0.00003713726640814361
0.00000015516395096889
0.00000391813950207941
0.00000000147604108318
0.00000023947655784442
0.00000000255822669494
0.00000058948477493380
0.00000000498465920423
0.00000660218066693843
0.00004754164346066649
0.00000004423380485234
0.00005088118514719125
0.00000017521072241653
0.00011269531185873984
0.00000112695311858739
0.10000000000000000000
0.00100000000000000000
0.00001685879969681646
0.00000046161611794624
0.00000672894629646801
0.00000002301155234131
0.00000075689773255701
0.00000005969052220221
0.00000082305069500149
0.00000007291044509073
0.00002879391334222021
0.00000654816403406407
0.00001533199284389976
0.00000043805068377177
0.00002067698047541226
0.00000008499364519088
0.00012056603415569904
0.00000023006113916261
0.00004609106494593342
0.00000140286194189347
0.00035681371701410940
0.00001435528722000969
0.00013619128377129328
0.00000109319760718211
0.00023860243713122276
0.00000140931997465806
0.00026792093029857952
0.00000000000000000000
0.00000349228576020050
0.00000008539855173954
0.00210704400974670646
0.00000050055764874568
0.00039640217291835152
0.00000013858807435352
0.00000075174797873559
0.00000003717410204173
0.00001658660906951230
0.00000006007285857663
0.00003174521220861082
0.00000025706730403440
0.00000047541643460666
0.00000442338048523431
0.00000050881185147191
0.00001752107224165324
0.00000112695311858739
0.00011269531185873984
0.00100000000000000000
0.10000000000000000000
0.00000016858799696816
0.00004616161179462432
0.00000006728946296468
0.00000230115523413196
0.00000000756897732557
0.00000596905222022114
0.00000000823050695001
0.00000729104450907321
0.00000028793913342220
0.00065481640340640760
0.00000015331992843899
0.00004380506837717749
0.00000020676980475412
0.00000849936451908899
0.00000120566034155699
0.00002300611391626109
0.00000046091064945933
0.00014028619418934742
0.00000356813717014109
0.00143552872200096986
0.00000136191283771293
0.00010931976071821118
0.00000238602437131222
0.00014093199746580636
0.00000267920930298579
0.00000000000000000008
0.00000003492285760200
0.00000853985517395447
0.00002107044009746706
0.00005005576487456828
0.00000396402172918351
0.00001385880743535203
0.00000000751747978735
0.00000371741020417363
0.00000016586609069512
0.00000600728585766322
0.00000031745212208610
0.00002570673040344040
0.00002059898134022581
0.00000019383634261507
0.00002506336885117624
0.00000021398201081756
0.00000328346357794146
0.00000003283463577941
0.00001973389902807748
0.00000019733899028077
0.10000000000000000000
0.00000068943066185563
0.00000126475697826098
0.00000000061278044977
0.00000079167165298407
0.00000000632349138756
0.00000064227817902805
0.00000009210068228052
0.00006113858184093048
0.00000010460471179761
0.00000237752493110453
0.00000012909595624787
0.00000023306573540061
0.00000001430420696302
0.00000389267877457274
0.00000003553585457538
0.00000512764594695124
0.00000009495638138527
0.00000078034108042427
0.00000034697509542827
0.00017533368477827202
0.00000158463784275436
0.00000909139036270715
0.00000027035637458483
0.00002836310608421655
0.00000000000000000000
0.00005057526593436278
0.00002685686544837921
0.00006831465713186746
0.00000028035128146780
0.00012898590056960924
0.00000028100047674800
0.00000079792911948956
0.00000004665382454235
0.00000011805530146133
0.00000002929203549382
0.00000543402286198224
0.00000044386116684665
0.00000035987008992168
0.00000384716332582073
0.00000003836655289083
0.00000364986988836430
0.00000005310179346077
0.00000531017934607768
0.00000046339908675522
0.00004633990867552288
0.00000059126007288197
0.10000000000000000000
0.00000002342144705111
0.00000764358679734874
0.00000016739945501557
0.00000771678822170026
0.00000012529078268260
0.00000455202417878589
0.00000936694652220023
0.00000650368797500252
0.00000002240802772893
0.00001103048609092396
0.00000003489241422880
0.00000084612266297023
0.00000032043945842838
0.00000702727850750578
0.00000000862097177228
0.00001087952755922717
0.00000043156772586105
0.00000108818966439083
0.00000288021044107319
0.00059871485974908592
0.00000162174487532080
0.00065476457913647104
0.00000457642107811591
0.00000000000000000080
0.00006677575357492539
0.00007842470661541425
0.00000004516255348104
0.00000076205386379406
0.00000081359183088022
0.00091139268634249040
0.00000046445564602280
0.00001873663336859860
0.00000009910541973167
0.00001940031959456433
0.00000026382604286876
0.00002288509328925139
0.00000233404196701868
0.00000000391597451743
0.00000031867940188163
0.00000000451254884104
0.00000015120744042444
0.00000000151207440424
0.00001994935868807183
0.00000019949358688071
0.00000320333759011804
0.00000006917057585093
0.10000000000000000000
0.00002193086496175832
0.00833354334873651468
0.00000356558629624221
0.00196120012105487520
0.00000778820079443311
0.00001719847040938205
0.00000018774796587429
0.00000117637864110293
0.00000001335388694257
0.00000164765867610598
0.00000001102795831316
0.00000199515563541656
0.00000000337107013081
0.00000115156240312279
0.00000001753749611544
0.00000699281418328454
0.00000018038694820974
0.00001927755174481365
0.00000007064640355189
0.00038249587236742304
0.00000043372045035477
0.00005890074362505410
0.00000000000000000006
0.00000324821956209981
0.00000004968498667780
0.00000202271976685449
0.00000001326251664150
0.00000567889469873288
0.00000021103769180699
0.00264913814615974180
0.00003678950869742380
0.00128515249545099040
0.00001005931092107317
0.00003695257910091829
0.00000061769879384938
0.00000000328010825950
0.00000007442133282069
0.00000000364232633436
0.00000012133185765189
0.00000000003492708038
0.00000000349270803807
0.00000003463689168054
0.00000346368916805419
0.00000000078797355901
0.00001146082779434444
0.00001113440152467934
0.10000000000000000000
0.00003114483243646825
0.00297828740061229406
0.00004459467487727914
0.00009758700043710030
0.00000002580797289618
0.00000030607899392947
0.00000000019917163411
0.00000016455591091751
0.00000000034590628408
0.00000006345425530903
0.00000000082882081701
0.00000006617055158260
0.00000000072257309449
0.00000047984994237219
0.00000000488273039446
0.00000027765473301864
0.00000000001654931254
0.00001383184153540231
0.00000023624394786895
0.00002058989036612431
0.00000012255258655322
0.00000000000000000075
0.00000007235637983874
0.00000019188632543894
0.00000000197088488745
0.00000001208703978639
0.00000000352949606041
0.00000502557101926950
0.00000078254884353021
0.00182636393651857568
0.00005639344062953198
0.00089920364721029920
0.00000302888594715245
0.00000748931510040620
0.00000124018822143509
0.00000000175454147684
0.00000000983746250116
0.00000000031508625515
0.00000002217929530759
0.00000000022179295307
0.00000148031795115043
0.00000001480317951150
0.00000132274657320558
0.00000032613516770487
0.00549750487970199460
0.00004046791279663587
0.10000000000000000000
0.00000437562206542658
0.00388213521373859284
0.00000126327005953412
0.00000379621035742941
0.00000001137666634787
0.00000062450663920666
0.00000000195296143404
0.00000015770138675196
0.00000000033996908741
0.00000089955682136720
0.00000000207188751909
0.00000017760346519417
0.00000000304092113850
0.00000348733474222377
0.00000008570913147830
0.00000376791357829776
0.00000000551695724801
0.00001855964412461688
0.00000237019964396169
0.00064356536173740952
0.00000000000000000004
0.00000947567196320371
0.00000001258686747433
0.00000019872362853605
0.00000000153124640439
0.00000022507819518978
0.00000007012491172343
0.00027504263978715780
0.00000747408271727141
0.00968552836499363200
0.00000655240243011298
0.00000098134104070130
0.00000000570860387134
0.00000000332957600265
0.00000017504605242807
0.00000000050812748842
0.00000001668223756252
0.00000000087537310161
0.00000008753731016179
0.00000010256391137700
0.00001025639113770001
0.00000000928239139894
0.00001320844125329692
0.00000206651361815606
0.00339987387272068244
0.00000384424624388260
0.10000000000000000000
0.00001366199255393508
0.00068245412981828160
0.00000001647552096947
0.00002205974658965628
0.00000001796884395717
0.00000047156095193722
0.00000001974216234720
0.00000098231444903989
0.00000001143277159300
0.00000127116639343914
0.00000000918574588435
0.00000004638484902996
0.00000004394008063716
0.00000327793798767166
0.00000002258455228418
0.00007325194243807608
0.00000066588653380114
0.00013471098171582782
0.00000803742497739538
0.00000000000000000098
0.00000020002836198442
0.00000958485521589418
0.00000002379325917490
0.00000034359967116427
0.00000018917455348570
0.00003462970213836632
0.00000912327868442191
0.00395388720189333524
0.00002565375334298121
0.00688104860666491844
0.00000786771057318234
0.00014854000129146056
0.00000256125690202087
0.00000000257759667170
0.00000002875200107254
0.00000000062433720380
0.00000012815691323425
0.00000000128156913234
0.00000144893243679894
0.00000001448932436798
0.00000096595849319790
0.00000021971841731862
0.00116455923468001642
0.00005215687425115497
0.00349441439067044984
0.00001399736852261244
0.10000000000000000000
0.00001137304560118817
0.00000670845627961829
0.00000007280638009529
0.00000090966018666101
0.00000000152435808539
0.00000128097900833606
0.00000000153203054164
0.00000134703191151173
0.00000000951058719609
0.00000014618830587608
0.00000002152662013851
0.00000610456923050153
0.00000003632272222334
0.00001236537011763405
0.00000000410669344558
0.00013738971270919276
0.00000001100306504362
0.00013735759237010030
0.00000000000000000000
0.00000673814293535368
0.00000001254814238852
0.00000043553522580255
0.00000000674598028626
0.00000553281280508576
0.00000079368193248320
0.00178204662642610122
0.00018666302310905538
0.00053942039967728392
0.00006150574789084472
0.00164913447801553162
0.00000019819275563803
0.00000005929246467643
0.00000199755570458361
0.00000003745378460888
0.00000165030215038514
0.00000000198626324334
0.00000019862632433409
0.00000015328112435199
0.00001532811243519906
0.00000016541524191657
0.00000953299310667235
0.00000552273482629257
0.00013630064232597780
0.00000135792983303301
0.00083499369805120064
0.00001358170081832842
0.10000000000000000000
0.00000055006545989442
0.00001327510369112281
0.00000002249399944643
0.00000001833570728161
0.00000000137649234613
0.00000003431985728110
0.00000000551476052857
0.00000226168622589154
0.00000000045074789875
0.00000603090461020203
0.00000012161958593885
0.00000193712317477430
0.00000003087807242990
0.00009028918922639248
0.00000487499861556293
0.00139258354677187626
0.00001165079774731339
0.00000000000000000001
0.00000029784648929118
0.00002885456440974597
0.00000000398512679013
0.00000333565521898806
0.00000012210394406363
0.00014161615807166524
0.00001955594834908453
0.00013841053058960276
0.00000319217649794994
0.00025062872075261698
0.00004670546186945856
0.00001254039230314828
0.00002641672203315952
0.00000008971800753985
0.00000232232804964350
0.00000000569565585886
0.00000038036668608104
0.00000000380366686081
0.00005224508244297689
0.00000052245082442976
0.00009477064475206000
0.00001693045216845491
0.00001052574082806177
0.00000003111040213638
0.00000352190140555535
0.00000001739781407566
0.00000691426101647254
0.00000047474475232895
0.10000000000000000000
0.00000161316483768559
0.00000011106924607834
0.00000000668167874005
0.00000262269864339379
0.00000003669568531771
0.00000466643184136591
0.00000002458941341988
0.00000248354841185747
0.00000011901166506075
0.00003654246794450924
0.00000082403818069294
0.00000508135475432657
0.00000280698518563010
0.00111986160834907024
0.00000829097815830555
0.00043456503665878298
0.00000000000000000000
0.00024470323303852940
0.00000018731230002292
0.00000598107082953000
0.00000007887444952948
0.00011395045196650622
0.00012945591153809036
0.00003685320907671014
0.00000057899816127804
0.00002524143336065192
0.00000049082227471489
0.00001243369917759097
0.00032734760141720072
0.00000035256167849170
0.00004683561516969840
0.00000006362015377976
0.00001271888468488188
0.00000013669330907906
0.00001366933090790647
0.00001057640001208837
0.00105764000120883824
0.00000014433887437608
0.00001046414636895719
0.00000010228493688350
0.00000032844212128804
0.00000000939540569652
0.00002073622233031193
0.00000006679842267871
0.00001019899342802065
0.00000143599305461070
0.10000000000000000000
0.00000027608811471081
0.00007804875199646411
0.00000045613373617221
0.00000535653898596739
0.00000026221360741704
0.00006902416824814155
0.00000006498829942045
0.00002268652186762917
0.00000113041256606693
0.00012971857006602892
0.00000932366343425325
0.00003643576442335039
0.00000402758880711854
0.00003102636901221390
0.00000261321814146641
0.00000000000000000078
0.00000008370640604651
0.00039041758623374904
0.00000070092837486506
0.00002445991951472428
0.00013765521377889540
0.00008080495913023790
0.00000001299476270932
0.00002004500037165127
0.00000022224996398857
0.00001772794811095099
0.00000014774181236261
0.00004984503045067332
0.00005164778525099564
0.00000038170943091210
0.00003137322599645847
0.00000019414394142305
0.00002344422669393192
0.00000023444226693931
0.00005083161335883249
0.00000050831613358832
0.00000673401555074392
0.00000007400562151805
0.00000131552934486815
0.00000000043870216553
0.00000105865522316003
0.00000003467098875025
0.00000171314027216596
0.00000003547341816158
0.00000020294781719574
0.00000056671496303273
0.10000000000000000000
0.00000010421961612871
0.00006893366829916906
0.00000000524984560237
0.00000410603791640827
0.00000079355997011579
0.00003037103753070789
0.00000078935459922195
0.00079340153737422000
0.00000158393810596394
0.00045332543405652658
0.00000024515000515995
0.00008455473952958115
0.00000000590480358510
0.00001578977135698832
0.00000000000000000000
0.00000464630037600217
0.00000014249324625547
0.00009867315316490264
0.00000721552847698285
0.00013693901458399404
0.00000003279109107532
0.00000106918993023725
0.00000003726857767289
0.00000151808273224945
0.00000000645815812045
0.00000131945775620303
0.00000004315296371313
0.00000250841305943631
0.00106484746707890480
0.00001180828908676689
0.00091804400596593680
0.00000354632298835372
0.00035463229883537224
0.00000045435489157281
0.00004543548915728194
0.00000011439241619534
0.00001139701940145953
0.00000000467193362169
0.00000011339432960162
0.00000000103573037052
0.00000028465543790797
0.00000000089812398595
0.00000000904627080794
0.00000000381954569874
0.00005012085727588871
0.00000003260506185176
0.10000000000000000000
0.00013563338216445820
0.00005920733574333478
0.00001451372679902324
0.00034981551314196524
0.00000019882498703710
0.00175740742928291626
0.00000703158914436945
0.00022417960453184204
0.00000086478526819397
0.00000091157500906143
0.00000029159980732482
0.00001230356600371966
0.00000009626214701252
0.00000000000000000000
0.00000000735408127483
0.00001219885053277771
0.00000001647279236778
0.00004006387194443411
0.00000009943714487847
0.00000008487805361911
0.00000000045867293177
0.00000061891824915074
0.00000000384522046601
0.00000033235443307614
0.00000001843178991292
0.00000632867834808384
0.00000689301849064743
0.00000364496800752693
0.00027944254368163752
0.00000197356629856631
0.00009321655729707696
0.00000093216557297076
0.00002001432228239330
0.00000020014322282393
0.00000019272850372449
0.00000003364422909201
0.00000053794657144469
0.00000000022244324831
0.00000007804974383111
0.00000001112139571023
0.00000070432683443975
0.00000000063376557301
0.00000139912796512754
0.00000027335539370855
0.00002012564810967738
0.00012657546081282472
0.10000000000000000000
0.00000159378505086811
0.00023758250895332098
0.00000306879688316572
0.00002342811804886732
0.00000007720458717531
0.00222206179597777364
0.00001116274683901815
0.00064571424475722586
0.00000224585069719886
0.00031228054632921196
0.00000008257500405654
0.00055866558723497184
0.00000000000000000000
0.00000115462332560821
0.00000000892140194601
0.00001792153390616613
0.00000001091055989260
0.00002663883938281114
0.00000000453217779340
0.00000047886316932746
0.00000000599220054612
0.00000101992359877610
0.00000000653056621837
0.00000013896735750651
0.00000004661573420732
0.00008575590196108619
0.00765425925327628800
0.00000134787489999500
0.00005070931019967462
0.00000042850284880596
0.00004285028488059667
0.00000020192437694493
0.00002019243769449331
0.00000002903219218446
0.00000200244877120251
0.00000000883721731729
0.00000010015440447522
0.00000000041297515414
0.00000135819970475058
0.00000000206751262489
0.00000003878366448808
0.00000004804769668233
0.00000787894825396140
0.00000000376195451869
0.00013561476299037656
0.00000391181469485966
0.10000000000000000000
0.00000337047905134098
0.00046769616916553872
0.00006484948869011298
0.01860321876365559240
0.00000593643774126498
0.00017648451859698328
0.00000214228366414533
0.00001205671799475920
0.00000247998240145261
0.00008869729614459795
0.00000126529977344402
0.00000000000000000000
0.00000000360858941355
0.00000119475963143805
0.00000087527301688338
0.00000039598444879304
0.00000004951893918237
0.00000302534457582282
0.00000000124374788474
0.00000217565503493730
0.00000001113981979762
0.00000170251882536568
0.00000000407026428327
0.00000297308529487330
0.18257788651778512068
0.00062580365793513984
0.00459809454424532800
0.00002491042500713639
0.00087050771118087898
0.00000870507711180878
0.00472424263958668642
0.00004724242639586688
0.00013030753682734820
0.00001250774444684808
0.00002636951377119836
0.00000002157619583362
0.00001802262387215606
0.00000026071712005437
0.00002998220400502879
0.00000010278623301302
0.00010077375020008628
0.00000636127435982096
0.00004852827887024903
0.00054829630332798760
0.00961762661943656262
0.00005558998485479726
2.00000000000000000000
0.00017835963578123470
0.02145730750079937606
0.00211095257862332128
0.00115743043725913440
0.00032588715634313160
0.00271164963057832246
0.00002928699871554687
0.00690018892581030184
0.00001019164039987762
0.00336877289291244984
0.00000000000000000000
0.00009912710241008898
0.00000473293564020373
0.00535000794846657600
0.00000979919090229225
0.00033732157327992100
0.00000779631930567111
0.00001262418547089646
0.00000014076918955707
0.00001719177775255853
0.00000017354827808623
0.00004733973299499910
0.00000182260746140483
0.00161938315121484384
0.30660936191574660428
0.00010736100091067756
0.00431123783777270400
0.00000065544855664744
0.00006554485566474480
0.00000748237874817155
0.00074823787481715504
0.00000098736319607636
0.00022767187213358032
0.00000003698131353336
0.00000142977659048399
0.00000003445440820125
0.00002406077590206032
0.00000017570422497445
0.00003498886438856757
0.00000044075765638244
0.00138988633827637642
0.00000778468220651236
0.01096893951168704808
0.00010311237620955288
0.00640262312220771468
0.00014804228486529540
2.00000000000000000000
0.00001563810538739690
0.07626669594230039448
0.00001453891603627141
0.02187888248240637224
0.00004000714483975674
0.00054593256182034026
0.00001633999858570270
0.00078552261294617322
0.00000279061993950013
0.00000000000000000059
0.00000024395437585989
0.00086050703054397818
0.00003746524582047586
0.00013936675188827062
0.00000574524229751686
0.00006224395218151230
0.00000002319225313708
0.00003030238423428222
0.00000007533970197126
0.00000714006816220455
0.00000003246750761021
0.00013501714207403278
0.09710508946756218602
0.00056190316236250000
0.00493258096009024320
0.00001638305291079068
0.00010419090836723232
0.00000104190908367232
0.00259723574680708608
0.00002597235746807086
0.00024684617859541816
0.00000048392342224633
0.00002188770513897001
0.00000002705100598885
0.00000511715135152730
0.00000030124500834300
0.00000467935197130670
0.00000001208173795118
0.00007712985829193820
0.00000226731302933441
0.00051620115402422426
0.00001080176553706543
0.00136388659663649200
0.00153815070605276000
0.03085763477316117664
0.00002709457496122308
2.00000000000000000000
0.00056752660220682058
0.00304773592308861804
0.00002324950211365295
0.00004947203223468136
0.00002664473791939201
0.00223072327781202048
0.00001122468273991678
0.00091755706597316842
0.00000000000000000000
0.00000961079802120199
0.00000239941749712826
0.00473122583885644580
0.00000196177074373146
0.00011662448444288164
0.00000053822131269027
0.00000152348085331901
0.00000038292010756028
0.00002322027180219656
0.00000039603244808466
0.00001542998287957899
0.00000178490562535315
0.00012168337419224348
0.08656945819073462462
0.00010500903789821494
0.00185295763852053280
0.00000364103027549406
0.00036410302754940576
0.00002084981583111592
0.00208498158311159200
0.00000120566094992594
0.00016107313709007328
0.00000008791702845978
0.00000473805111934925
0.00000002310865377426
0.00000040121230181347
0.00000018173626069457
0.00004263544705203765
0.00000097483720421150
0.00020875500176094212
0.00000353854030915903
0.02518192361709702404
0.00000118543193748534
0.11637858887497444248
0.00080067920168681152
0.03485184708568422400
0.00014968520768356564
2.00000000000000000000
0.00007277374869824768
0.01594891113031975680
0.00018904051087732120
0.02368185837212823682
0.00025874799995927660
0.00305797095840196564
0.00033024824945956658
0.00000000000000000212
0.00000012944602564025
0.00006338554605920590
0.00002298009747202795
0.00044264355627774600
0.00000035744622728413
0.00006580108593310390
0.00000024731956650845
0.00002752590679979133
0.00000019050885354027
0.00000983566894533629
0.00000042638737175807
0.00033567238228335112
0.01176532909693220482
0.00010719139531153518
0.00934347337374257066
0.00003228032845152295
0.03409474519771937680
0.00034094745197719380
0.00569689190851506402
0.00005696891908515070
0.00001064374980388207
0.00000686390379352539
0.00003765880623884844
0.00000005179241809880
0.00002846900395023212
0.00000040828938678535
0.00005536431259358368
0.00000092363637949384
0.00032155079435875860
0.00001117416542495654
0.00382079897961348244
0.00010823783062266538
0.03665209462996412808
0.00003989514604516097
0.00047161120744140064
0.00000713726865192868
0.00086353340563175696
0.00007817788099322090
2.00000000000000000000
0.00061539931168008400
0.12835936860878498682
0.00065932741881821424
0.07376685366134740204
0.00003605594515664005
0.10335485757276078480
0.00000000000000000010
0.00013728928285785856
0.00001843240809897738
0.00354111685270049380
0.00000591411197897950
0.00348159546274860984
0.00000297181877437395
0.00007749875011214952
0.00000023460190732742
0.00003673543643607777
0.00000006009684173402
0.00015220041676092850
0.00001580383404667467
0.00000507127128555130
0.01154578023760257862
0.00005750301569219774
0.00352439590802955384
0.00003116202906281028
0.00311620290628102804
0.00033126729603271780
0.03312672960327178040
0.00000684035638834713
0.00002501480167502360
0.00000140407372079039
0.00000425675605969831
0.00000101129059738574
0.00004402285592402960
0.00000047612777518898
0.00002126302184757666
0.00001048019312121121
0.00185332042195205568
0.00001102477150873071
0.00498760360069504582
0.00026612396221840940
0.00171423751543938208
0.00019192285777371440
0.01552370532175931622
0.00000952106882565247
0.02476340867334060484
0.00088946168521201498
2.00000000000000000000
0.00089698773389166720
0.17005589977210036204
0.00152068820168766624
0.00423257762835771126
0.00200281733220622048
0.00000000000000003771
0.00000258040428725720
0.00165166237494688608
0.00000502253234523725
0.00278526180338368960
0.00005587074138091801
0.00078902811956172058
0.00000003594774232786
0.00003743098745288375
0.00000119940853124226
0.00013534109342860578
0.00000067707926870292
0.00008367631977879726
0.01113267967314791040
0.00000105198488104388
0.00390877019855709382
0.00000410193050308660
0.00154394266048820704
0.00001543942660488207
0.00279003902565709962
0.00002790039025657099
0.00306859853457899806
0.00005877748178640265
0.00013320820161316196
0.00000000022524124944
0.00003946790698889957
0.00000026926707547311
0.00014389527565216944
0.00000030089309255510
0.00005737144057426714
0.00011825764725919536
0.00280114612036675200
0.00001708041433744087
0.01366619333853822248
0.00001847292404451928
0.00141770972663891706
0.00002520009052755154
0.00001798564786845184
0.00026057248632835880
0.16469943101187610606
0.00079630747411803056
2.00000000000000000000
0.00175933124788886506
0.15524438799219362240
0.00005912371686188242
0.20919161867529236280
0.00000000000000000030
0.00043367780954010304
0.00001261639450588183
0.00733508234137838988
0.00007435055110964368
0.00139128716450619360
0.00000505574079604802
0.00014434312420254228
0.00000138044596687154
0.00012017561442590970
0.00000056663102481198
0.00007972062763735460
0.00000936925441449840
0.00002731249573850679
0.00059185036213323992
0.00004701634035222512
0.00010106230150424982
0.00001991540510156557
0.00199154051015655764
0.00002322904299857871
0.00232290429985787168
0.00002876579741510590
0.01267297194655161284
0.00000050633835520836
0.00019526286428889320
0.00000005993968586736
0.00090586315282100826
0.00000004956822661287
0.00091257689873699200
0.00003287214473762451
0.00047933839025269440
0.00000157119202456461
0.00001867472479610973
0.00004930145716879071
0.00010783492794513986
0.00001588182090104942
0.00035667709583964540
0.00001004730230092638
0.03385798710720986042
0.00087748023821919904
0.15658770986972248602
0.00182481691307677888
2.00000000000000000000
0.00129230613383804106
0.03821392594405465600
0.00229649622643608800
0.00000000000000002822
0.00004213640614208911
0.02203615722402862080
0.00000154414328630038
0.00040419889942088224
0.00000226379298012352
0.01125218351105680640
0.00000011086751576561
0.00040187743995696360
0.00000278601698275841
0.00056799325922424912
0.00000307303259774702
0.00139959425632187882
0.00866949674540420580
0.00000312926678863103
0.00202675780041766180
0.00000014845008014161
0.00134513852632004288
0.00001345138526320042
0.00407886618203503444
0.00004078866182035034
0.00013277265409775352
0.00002761677153120614
0.00220551216818355968
0.00000268307170252736
0.00016222449284102224
0.00000662484341752167
0.00133412723036177840
0.00003964059374393720
0.01055077138212216420
0.00004262764981898632
0.00043598068746086320
0.00000480596904598932
0.00551512984184887522
0.00001784476713888825
0.00301035937419014602
0.00000858855645465182
0.00067673034721582952
0.00029761464207637698
0.07898223235401512086
0.00112651786129016880
0.12954466352008544086
0.00103967438044544944
2.00000000000000000000
0.00105884325353670848
0.11767523882794122644
0.00000000000000000002
0.00418783569586209448
0.00000687673464391973
0.00022982642886468484
0.00000037869937731278
0.00225403265831624202
0.00020968927761816872
0.00052953907652224746
0.00003353503685881525
0.00092151312303949984
0.00003966617846072662
0.00504231983347076406
0.00003576308683310730
0.00000237387365195273
0.00104744385637535600
0.00000583156784904444
0.00002979386866870525
0.00000715822574317508
0.00071582257431750826
0.00005611605302798961
0.00561160530279896000
0.00000919661217815371
0.02597098836830451622
0.00000582512880489063
0.00054467638843553698
0.00004825525741798344
0.00312170107750811806
0.00000024886833422396
0.02637544777582712008
0.00018194434216503520
0.00076487443466422352
0.00000007091656303069
0.00047232144838271258
0.00000339681850061893
0.00148657078882038048
0.00001035653272578281
0.00096170036155114480
0.00000793152971171464
0.00819263443378721862
0.00008992034331970785
0.00730324323664199040
0.00011491541076675758
0.07160882073813451226
0.00246629260876864448
2.00000000000000000000
0.00044647448134091032
0.00000000000000003634
0.00003257302347429819
0.00020832097530398360
0.00000310169787785779
0.00024829892739646140
0.00001102368430624829
0.01350671999279711046
0.00007417919769906831
0.00355814881211796984
0.00001802632291551506
0.00023128828253457244
0.00006665049084020290
0.00069955362496819152
0.00577086763394504802
0.00000120809208089628
0.00278598569859322964
0.00000025889746370896
0.00085632481045732506
0.00000856324810457325
0.00383959162280115384
0.00003839591622801152
0.00034725293992676220
0.00006533263295827586
0.00028471955353507844
0.00000116683078845367
0.00471577692173657128
0.00006703569690814600
0.00111817431938642368
0.00007942095924277882
0.00343232536027951404
0.00002318652897294435
0.00006825256039946046
0.00000133003506660127
0.00827135274256305604
0.00000763254770281448
0.00123209134644221226
0.00000122965325578647
0.00023335485883757056
0.00031844294191345240
0.09277113032407314622
0.00124380717427283984
0.14633954789941864400
0.00154885757319518282
0.09865041107347964842
0.00016069320943617952
2.00000000000000000000
0.00000000000000000079
0.00122836906470739648
0.00002100846581680729
0.00004594461028853566
0.00000059753467430757
0.00062263161475920144
0.00008672323349952206
0.00209507498428421120
0.00004553139282156858
0.00098684962204492880
0.00003992251678014857
0.00106665236888004768
0.00010724896887143524
0.00000000000000000001
0.00000000000000000247
0.00000000000000000001
0.00000000000000000002
0.00000000000000000000
0.00000000000000000008
0.00000000000000000002
0.00000000000000000271
0.00000000000000000001
0.00000000000000002490
0.00000000000000000071
0.00000000000000001544
0.00000000000000000064
0.00000000000000001771
0.00000000000000000011
0.00000000000000000023
0.00000000000000000003
0.00000000000000001494
0.00000000000000000000
0.00000000000000000007
0.00000000000000000002
0.00000000000000000007
0.00000000000000000000
0.00000000000000000056
0.00000000000000000000
0.00000000000000000440
0.00000000000000000020
0.00000000000000005051
0.00000000000000000045
0.00000000000000004105
0.00000000000000000005
0.00000000000000002820
0.00000000000000000171
2.00000000000000000000
0.00000000000000000051
0.00000000000000000165
0.00000000000000000000
0.00000000000000000039
0.00000000000000000010
0.00000000000000000077
0.00000000000000000007
0.00000000000000000865
0.00000000000000000048
0.00000000000000000442
0.00000000000000000008
0.00000000000000000368
0.00000559820146961451
0.00000029072317536694
0.00001734444606481162
0.00000002775694474645
0.00000296985522481031
0.00000002969855224810
0.00007548798140278930
0.00000075487981402789
0.00093394212214179242
0.00143784684138729840
0.00002368271779098370
0.00000103908691150050
0.00010472738395647944
0.00000251634637345661
0.00008273451197936358
0.00000306239774702684
0.00291516419281182208
0.00000112023314183330
0.00003029284311569844
0.00000015325886992054
0.00002578425542888812
0.00000003283244412719
0.00005468311312712839
0.00000016213628941310
0.00000368665807805956
0.00000018826494870048
0.00018586954587438160
0.00000241706938387678
0.00045758762981085344
0.00004286401863271009
0.00529533074751541602
0.00001768270093189199
0.00185275723039821962
0.00000000000000000035
2.00000000000000000000
0.00001699885130517900
0.00000759995296822066
0.00000018687861864833
0.00057312616727405120
0.00005394166809973746
0.00005580351743130937
0.00000968863421362184
0.00006722428421460936
0.00000558375027396430
0.00119689560964906880
0.00000059209649404904
0.00001235595981572217
0.00012574478210481710
0.00000068147041619756
0.00003181343986482095
0.00000082738503983078
0.00008273850398307852
0.00000220795319230715
0.00022079531923071588
0.00059320995294214112
0.00201984503064196000
0.00000043329398243678
0.00000329602417478219
0.00000016639459493371
0.00014422339589754762
0.00000018428808020486
0.00035485828661266696
0.00000266907592353123
0.00624957394346573864
0.00000111121565460414
0.00030407969525597324
0.00000023829706432323
0.00001300222272038755
0.00000312293349746758
0.00068406497994407424
0.00000110090678743569
0.00011026617331391202
0.00002984867080228536
0.00185052073523598980
0.00001592258782212178
0.02681282499124713860
0.00001040056759603363
0.00013526793097381076
0.00003790140435566055
0.00000000000000000138
0.00002033250522446722
2.00000000000000000000
0.00002444344651628781
0.00070450119096520760
0.00001882368877533767
0.00248219863280283040
0.00000024146941078842
0.00007047136475020831
0.00000011623362835451
0.00005962479721177108
0.00000087210392974200
0.00186704456934571882
0.00333777352726553920
0.00006284940047640070
0.00038974769231528472
0.00000034570160194449
0.00228713378507310180
0.00002287133785073101
0.05452001784467918484
0.00054520017844679184
0.00151011501062592768
0.00000116409027798941
0.00001765371960339972
0.00000003388056524696
0.00000262914228162921
0.00000035830025842535
0.00000640153493295615
0.00000004904848504969
0.00008529363089360089
0.00001122891271632438
0.00077009819038273194
0.00000041094032631316
0.00047907531037767698
0.00000953286903761458
0.00353288572809162806
0.00002980674464984890
0.00217250824155485046
0.00004000801084500321
0.00573886756907664000
0.00000563168620714746
0.00926459441681848262
0.00000188034411228483
0.00034787063450682760
0.00000201560007487481
0.00008295423481880006
0.00000000000000000000
0.00000909756669484178
0.00002446276070609929
2.00000000000000000000
0.00000636441824509533
0.00084013720805090064
0.00000081286849074261
0.00001427134371439175
0.00000032817777191688
0.00001851969800426384
0.00000019826013666606
0.00006367314655744086
0.00000250604691403162
0.00000242477372945270
0.00095168517894055066
0.00002327140294949213
0.00004140375184962089
0.00000617899646345509
0.00061789964634550920
0.00002941998139192194
0.00294199813919219446
0.00001407682093915716
0.00004461693697423339
0.00000026292528710013
0.00000047197092859298
0.00000004601671073886
0.00001175308385783129
0.00000022522251845505
0.00009325465471017456
0.00000255493530421212
0.00089007170970924784
0.00012791490437751862
0.00227023265021771924
0.00000066249340343522
0.00000979634623987600
0.00001469844158393610
0.00025185527313733160
0.00000204617095838986
0.00175047191988446848
0.00002177115136751716
0.00709394208481173120
0.00021331014915158536
0.00111802308998440288
0.00000130202193469015
0.00036650982869583866
0.00000245060328191439
0.00000000000000000074
0.00000050813588693273
0.00160151373145949120
0.00001445654862420057
2.00000000000000000000
0.00001773559444671171
0.00009377860106411310
0.00000025068100960266
0.00008287668422174218
0.00000008502607766294
0.00006486340312306710
0.00000064132693835970
0.00021230420451046504
0.00231184464766655926
0.00000124082780513272
0.00043916748392348328
0.00000138954250107140
0.00014513460117761300
0.00000145134601177613
0.01309774222573632808
0.00013097742225736328
0.00364096414102888262
0.00002677890302561968
0.00006329105740801978
0.00000007747830647361
0.00000380255964658201
0.00000363775908170514
0.00010384482055743202
0.00000191907159263571
0.00207506516119218122
0.00281601367718100800
0.00136474755389526080
0.00000316765746527605
0.00090933088228793440
0.00000068869899461197
0.00028444434905951058
0.00000583676676874622
0.00006838416060603428
0.00000079466455145538
0.00720513765485323520
0.00007999782330159298
0.00224396576391349380
0.00000352017679596208
0.00435668373772283766
0.00000914765275383344
0.00143553302538891120
0.00000000000000000011
0.00087607766997221066
0.00002405613152293692
0.00107282342849119882
0.00000997052140304366
2.00000000000000000000
0.00002680766583254609
0.00002905575191422167
0.00000140822362760879
0.00020214632706604578
0.00000147413064767410
0.00011147484825342224
0.00005179472044354668
0.00000185688274988588
0.00001864600419424075
0.00000004132847217262
0.00000899389395133543
0.00000014439380225957
0.00001443938022595760
0.00000180415894796834
0.00018041589479683444
0.00000312514190203956
0.01181898730622754886
0.00000092667423387056
0.00004346516736381964
0.00000046677056619931
0.00026236656890800784
0.00000586913205628608
0.00087692573701042266
0.00092880832145310784
0.00065128133700629800
0.00000012875660515659
0.00000106530386521165
0.00000006095398497108
0.00001657759352271649
0.00000259018828334317
0.00002491435651103695
0.00000012434124125241
0.00005763611609344530
0.00000242311943274854
0.00044511757333308138
0.00000321271922238036
0.00689371138627131462
0.00015968369658118056
0.00441592128353852800
0.00007877819132201642
0.00000000000000000032
0.00003248667544157251
0.00124981609053396026
0.00000040896566025876
0.00002077133424887405
0.00001056203311950692
2.00000000000000000000
0.00000158575759395497
0.00032301584317798380
0.00000232730123463819
0.00003941630491601620
0.00000536556546066261
0.31525802434684060608
0.00000085359828313141
0.00000004005891501938
0.00001166060049279131
0.00000003180937456349
0.00000102500627823038
0.00000001025006278230
0.00001844083692044560
0.00000018440836920445
0.00001672193078957440
0.00001134954354863812
0.02191952242682852040
0.00001275342455884693
0.00344977352033342804
0.00013024771200113122
0.02483166680294029642
0.00022818564078149724
0.00049824040466056218
0.00000019735966248480
0.00000791093710620464
0.00000001084777388597
0.00001213573327085460
0.00000001284217008060
0.00000790322789232954
0.00000001749262068185
0.00000066320948660629
0.00000040820615149799
0.00011907116938039378
0.00000003821319070076
0.00017283969643229700
0.00000012799117586752
0.00075987435862875258
0.00004569966119775009
0.00358615896285507402
0.00000000000000000006
0.00006332889255547125
0.00000022910318345179
0.00001352978332459845
0.00000010462645281923
0.00002157148604742367
0.00000298810752894493
2.00000000000000000000
0.00000512436679558859
0.00568435686457380800
0.00094413976372201002
0.01158752153461244486
0.00000190568709840162
0.00000002920925737892
0.00000275268821007326
0.00000024392136352265
0.00000931316183974397
0.00000001834939760080
0.00000183493976008042
0.00000100618900895527
0.00010061890089552726
0.00000107879787676217
0.00050519196188910312
0.00033587771783643024
0.03284228841253719682
0.00010343777756002398
0.06228366516860805820
0.00286995989893616608
0.00178200651649073482
0.00000863717146473501
0.00033591301662223244
0.00000030426122860179
0.00001615107839557169
0.00000016756050131346
0.00002478716298771597
0.00000009723877367941
0.00002521851219434585
0.00000018393002320690
0.00005012950631911426
0.00000039771702599384
0.00004390395959350234
0.00000182388532996947
0.00051191760329818304
0.00005309740398470125
0.00241872047085687200
0.00008599468798875014
0.00000000000000000757
0.00001213203355978752
0.00007377554182795486
0.00000034329372248621
0.00003816657226917788
0.00000115358684954047
0.00067160507629341618
0.00000565419695744702
2.00000000000000000000
0.00022000493025104980
0.33077151085879824848
0.00020736485762413812
0.00155740018637380842
0.00000986107357867759
0.00000002132277051835
0.00000499626345536503
0.00000003891368069116
0.00000188974972597967
0.00000001889749725979
0.00043281584513567392
0.00000432815845135673
0.00000263175093760013
0.00000257613571600186
0.01131145129559008426
0.00097764490292890864
0.12922634429592478426
0.00038958951580291280
0.00799560554114506980
0.00003962173697785190
0.00036300685838172346
0.00000359061568908587
0.00001194828840250756
0.00000009673774119843
0.00002749536011798609
0.00000012235491296167
0.00001144877740225018
0.00000006044675881485
0.00001075271692881473
0.00000033448251232753
0.00006003911873179719
0.00000135626951395012
0.00015307382331336512
0.00000342134332332777
0.00140663845153987840
0.00001181340735459751
0.00179687608650771722
0.00000000000000000040
0.00008115283392694019
0.00000011731079584484
0.00001867656745533059
0.00000003774934288809
0.00015964340606236344
0.00000466497377338619
0.00604670135987509928
0.00021209912352045596
2.00000000000000000000
0.00018885376175913098
0.00256032442447944608
0.00001038521872414426
0.00000014571121705348
0.00000875706971023425
0.00000001477260526910
0.00000134925034175798
0.00000003679003693951
0.00000367900369395148
0.00000132439096027159
0.00013243909602715998
0.00000055169774659500
0.00042606178703700418
0.00007480390404921299
0.01317052158684992266
0.00007386193325433531
0.08828833742328525800
0.00077025063345743658
0.00262826903737543168
0.00000596372278436329
0.00024197921493435976
0.00000004294487046730
0.00000706429033313186
0.00000014874246543139
0.00001579892495540045
0.00000009764522240994
0.00000483998309992813
0.00000015494374578055
0.00001458997414379526
0.00000008298376228675
0.00012930071120900956
0.00000060978578321206
0.00058931628925315458
0.00005115565959591728
0.00012806015731062160
0.00006141542033243552
0.00000000000000000315
0.00000569502791353735
0.00005084233263593411
0.00000016892383329464
0.00002433040556495771
0.00000098358856783021
0.00006675209216465282
0.00084852734010189552
0.26941819614982872648
0.00015955778784790124
2.00000000000000000000
0.00021654999600143524
0.00108170751105224906
0.00014543282126484704
0.00000019214595440183
0.00014767023982625278
0.00000046336535768085
0.00000387691057344255
0.00000003876910573442
0.00087218542479423904
0.00000872185424794239
0.00012754569379985716
0.00000722061259583109
0.00034244708114116232
0.00005528668061750766
0.00001378582466767269
0.00012580264410716670
0.02573742610794802468
0.00061037864882250618
0.00018827220999062524
0.00000251313428309553
0.00001093429519501256
0.00000048823314182376
0.00000394447873023245
0.00000004707072671536
0.00003319320399106445
0.00000002742730394578
0.00000752317918038276
0.00000078822033406362
0.00026190874179194432
0.00000080612693091424
0.00010691541724481660
0.00000397342584175097
0.00810394337249240588
0.00004598926118882741
0.00204491424163124842
0.00000000000000000007
0.00152131387114292202
0.00000092674334720964
0.00006760900116306952
0.00000029979320219253
0.00009269302761149298
0.00001132392936605335
0.01297814991042292806
0.00021048767249549020
0.00269575268675442806
0.00026986767094793860
2.00000000000000000000
0.00000380740209316991
0.00001721191891731875
0.00012843509454379022
0.00000035358812371249
0.00000405055618633946
0.00000039967363830278
0.00003996736383027805
0.00000549724661639006
0.00054972466163900618
0.00000810885019466267
0.00048750250948592384
0.00000445546723465803
0.00010640143525919464
0.00000006241809127312
0.00184864110144929206
0.00000240749062587254
0.00012755884333638664
0.00385800525771855528
0.00065993616010681080
0.00000027833878013142
0.00013047898079999970
0.00000102985749831150
0.00002676106855676779
0.00000099468209888228
0.00008877503796922601
0.00000067735915825283
0.00048297727712658818
0.00002116724811919122
0.00007754151324050348
0.00000978008085736341
0.00140853578076393840
0.00004473719935028410
0.00037570059204648506
0.00016003431312114060
0.00000000000000000255
0.00000058576420353125
0.00154423611968070122
0.00000207111966395698
0.00007724469826234165
0.00003352150112929241
0.51786384444649080684
0.00000166127532035716
0.00123043738405588400
0.00000851076272048596
0.00104922906749876784
0.00000296344268242232
2.00000000000000000000
