30
24
100.0
8.0
0.00001000000000000000
10.00000000000000000406
10.00000000000000000406
10.00000000000000000406
10.00000000000000000406
10.00000000000000000406
10.00000000000000000406
10.00000000000000000406
10.00000000000000000406
10.00000000000000000406
10.00000000000000000406
10.00000000000000000406
10.00000000000000000406
10.00000000000000000406
10.00000000000000000406
10.00000000000000000406
10.00000000000000000406
10.00000000000000000406
10.00000000000000000406
10.00000000000000000406
10.00000000000000000406
10.00000000000000000406
10.00000000000000000406
10.00000000000000000406
10.00000000000000000406
0.50000000000000000000
0.50000000000000000000
0.50000000000000000000
0.50000000000000000000
0.50000000000000000000
0.50000000000000000000
0.50000000000000000000
0.50000000000000000000
0.50000000000000000000
0.50000000000000000000
0.50000000000000000000
0.50000000000000000000
0.50000000000000000000
0.50000000000000000000
0.50000000000000000000
0.50000000000000000000
0.50000000000000000000
0.50000000000000000000
0.50000000000000000000
0.50000000000000000000
0.50000000000000000000
0.50000000000000000000
0.50000000000000000000
0.50000000000000000000
0.50000000000000000000
0.50000000000000000000
0.50000000000000000000
0.50000000000000000000
0.50000000000000000000
0.50000000000000000000
0.50000000000000000000
0.50000000000000000000
0.50000000000000000000
0.50000000000000000000
0.50000000000000000000
0.50000000000000000000
0.50000000000000000000
0.50000000000000000000
0.50000000000000000000
0.50000000000000000000
0.50000000000000000000
0.50000000000000000000
0.50000000000000000000
0.50000000000000000000
0.50000000000000000000
0.50000000000000000000
0.50000000000000000000
0.50000000000000000000
0.50000000000000000000
0.50000000000000000000
0.50000000000000000000
0.50000000000000000000
0.50000000000000000000
0.50000000000000000000
0.50000000000000000000
0.50000000000000000000
0.50000000000000000000
0.50000000000000000000
0.50000000000000000000
0.50000000000000000000
0.10000000000000000000
0.00015134972783720790
0.00000751231968312879
0.00003811765729547977
0.00092815673952435488
0.00009331349563462172
0.00000246103941308929
0.00033074909904099776
0.00157618435453130902
0.00000162030360872589
0.00000032292962371992
0.00000178654624132606
0.00004140262390147882
0.00000551908232520408
0.00000010277503827256
0.00000211956808694683
0.00072556704997552106
0.00004981595680405251
0.00000100188977642645
0.00000303647060306304
0.00009061269910190624
0.00000181264413859558
0.00000001566394320770
0.00000444851489753600
0.00004640033106564101
0.00003485828518400447
0.00000943753990942035
0.00023402165382555072
0.01895847839478978886
0.00002426393617251251
0.00000105570419975017
0.00039212778805727128
0.00896396954663963520
0.00065353047712061744
0.00000018308623545878
0.00002199997222000411
0.00019518535467123824
0.00000791632613493713
0.00000005432300368065
0.00000093346455712873
0.00002216984408675557
0.00000417206921757673
0.00000072946326913909
0.00000287396240278800
0.00050127858713712392
0.00007245485184441225
0.00000234096990138509
0.00003418482651879412
0.00159540189828748800
0.00000104004146948433
0.00000016914696841936
0.00000379893326337785
0.00001796701530487100
0.00022275138196091576
0.00013670710393026110
0.10000000000000000000
0.00007382032398503952
0.00000367052975481190
0.00038129052540007058
0.00192483802736442240
0.00000645387156501196
0.00000135124359034305
0.00004281000967440549
0.00007838159074035082
0.00000094022721246194
0.00000009768886943442
0.00000053181041444969
0.00002796976378145184
0.00000092085652868206
0.00000013033051692161
0.00000067377757997253
0.00060994445155853824
0.00005103026154098582
0.00000119921519793306
0.00000411044008832185
0.00016529804711082870
0.00000216276040733954
0.00000008286442594035
0.00000231602641541988
0.00069000399134900098
0.00004949079139280692
0.00000893879563823056
0.00015685936871269090
0.00000375420962631215
0.00041706542035181528
0.00002420895343094620
0.00023819712311059004
0.00255812068903060960
0.00000371078842749773
0.00000020571858798088
0.00000158946286303069
0.00020607055385204152
0.00000450053511982106
0.00000032252280703371
0.00000628191505058237
0.00006494149995063926
0.00000276996514719363
0.00000091198084040971
0.00001070792826665659
0.00009393690439845502
0.00002609497966306783
0.00000386338619719903
0.00007492417182283080
0.00001144358084852254
0.00000023243388367939
0.00000026378861920716
0.00000602750959666023
0.00012047440075114298
0.00001517802900530097
0.00016512309707953804
0.10000000000000000000
0.00000091762325858025
0.00000022304316813236
0.00003417937115472465
0.00015953835515783028
0.00000004040577935396
0.00000053306564087546
0.00000008712228956146
0.00000379719363501586
0.00000000110343899847
0.00000000909105449381
0.00000203672795644421
0.00000854878847202602
0.00000000757084502904
0.00000013182031005944
0.00000050482808189276
0.00009240883531513430
0.00000001999105278941
0.00000005870960069186
0.00000009597889120567
0.00001165032315965252
0.00000001145005795305
0.00000008950788797365
0.00000229797175797017
0.00004051751696333482
0.00000000150395487076
0.00000524313619436594
0.00000007142725072615
0.00283135093350845248
0.00000247067836090371
0.00000245840157934625
0.00133135407244517104
0.00001932822839316619
0.00000000079803614765
0.00000000501518417759
0.00000055199815989661
0.00001536979310838185
0.00000000066655665112
0.00000000713196972279
0.00000071775341069357
0.00004961067679597608
0.00000000131857976309
0.00000024906717961078
0.00000196341312367345
0.00028615193762149176
0.00000000656714372513
0.00000021604472295104
0.00000072349675216926
0.00007609771468763715
0.00000000565411500703
0.00000016105234220396
0.00002730063901183381
0.00004513034287397488
0.00000481129229769570
0.00000053773156103322
0.10000000000000000000
0.00005997806030841522
0.00000089979825158083
0.00000003010547147238
0.00108198321011822026
0.00000056916092234457
0.00000006604599437699
0.00000000099530282369
0.00000937895936887729
0.00000037024522096902
0.00000001603545889158
0.00000000057956189293
0.00001179892607497175
0.00000361884620571215
0.00000104490249226459
0.00000004004411170163
0.00023944004634378672
0.00000161773705752571
0.00000018365397882113
0.00000000275631158074
0.00002040444844790752
0.00000212053218931297
0.00000094400359883257
0.00000003987658608398
0.00020289047780869656
0.00002347487050348082
0.00000019894795018807
0.00000043817552273474
0.00985869251593690408
0.00076598794483426224
0.00001749513182960956
0.00000000084170126674
0.00013219176485160828
0.00000109479493607762
0.00000012004581991550
0.00000000227005268941
0.00001671308728271662
0.00000024981883405759
0.00000001568391295540
0.00000000325129101169
0.00003326062171421963
0.00000477079420099740
0.00000021215778133967
0.00000004356461397214
0.00055504490867677858
0.00001163364546044287
0.00000000505102867661
0.00000000145265292529
0.00003360675098124944
0.00001233551810457535
0.00000108633682363383
0.00072306335058250618
0.00032885284373663578
0.00000008600082836934
0.00003946435520665436
0.10000000000000000000
0.00027574938327707596
0.00000065197371995368
0.00003456284459144296
0.00061683107537393584
0.00000468652475091858
0.00000004868841491152
0.00000027336228727563
0.00000321936423565524
0.00000617264286871865
0.00000009677511740973
0.00001031526313090942
0.00020849002493536340
0.00004480182932706730
0.00000669441165872908
0.00007168031108336962
0.00010814085059407218
0.00000699359830612808
0.00000009972629747646
0.00000125335899735498
0.00010675501405165376
0.00010541575747977852
0.00000450151116546621
0.00009846063272260040
0.00006653033853567421
0.00001522270648353741
0.00000051437491088135
0.00020159080518310088
0.00340474809223064724
0.00007646684303454398
0.00000003662538889304
0.00001426344550470728
0.00008941768045267540
0.00000349626340667294
0.00000035653991166978
0.00000189698171842253
0.00005132981018876785
0.00000857472148362370
0.00000021298511471498
0.00001036958979371986
0.00102962008353764704
0.00000188541506068210
0.00000249557749998775
0.00004124621921233497
0.00051145667351502880
0.00000004586804644945
0.00000006333118963937
0.00000217955806933632
0.00061748664683812120
0.00000369968571808223
0.00014559012014075504
0.00332485107046288202
0.00002639430288238917
0.00000118574187792562
0.00055226429803265920
0.10000000000000000000
0.00074273772820356240
0.00003270154271916658
0.00066505018224009760
0.00026182530296262160
0.00000810921988183303
0.00000015313846388673
0.00000056544165215955
0.00014775630500634252
0.00000958582822046324
0.00000376742117473556
0.00006141553892992858
0.00003971729637472625
0.00000524677183432591
0.00001132680350177377
0.00001351414393560243
0.00028534896665603618
0.00002065669186391888
0.00000531987055330550
0.00004182470032434207
0.00003250166380629675
0.00001482226915964756
0.00000994502341102432
0.00014352815694239400
0.00031419110565966992
0.00014195626692888944
0.00000803261662407182
0.00024064670717500120
0.00139910242227531648
0.00002696985966596787
0.00000056762217685222
0.00000005158398436500
0.00011061997252239028
0.00001967103212532212
0.00000008698983290499
0.00000435701830628475
0.00115416030754428304
0.00001469124550052844
0.00000339668197751718
0.00043562974889655640
0.00025934777293108420
0.00062567373368075706
0.00000988922847192943
0.00012834987123751312
0.00031005667154741700
0.00008171875153186024
0.00000297478138813253
0.00003947570437617269
0.02046157048459875208
0.00000486635116680832
0.00001412849024889925
0.00015613802047376036
0.00000005027914426313
0.00000165485497549888
0.00094131052779630442
0.10000000000000000000
0.00000144335679660542
0.00001321959617886920
0.00001449046586126615
0.00055154339728128360
0.00000003021137260198
0.00000007100692255592
0.00002802298693992261
0.00000634801913221611
0.00000009635368661262
0.00000626750193652375
0.00000671338887463500
0.00168282185928238560
0.00000025527643336810
0.00000043731802598219
0.00001099677129887739
0.00019761016581704432
0.00000014134703895043
0.00000068905243956487
0.00000132653354127172
0.00538962435627772800
0.00000020349461068560
0.00000103983679289606
0.00009967575238008544
0.00933262328462636484
0.00000064546641981239
0.00000756779537405207
0.00000233338678455996
0.00047744015253010560
0.00000013130543612336
0.00000101590946684779
0.00000021033203343277
0.00016922270411932376
0.00000000460050114709
0.00000103013052618108
0.00000393877325744908
0.00023887706239024980
0.00000004620739266045
0.00001177492178319579
0.00004541952634233207
0.00653412736742896582
0.00000021898216677834
0.00000528480213177622
0.00001328479475094727
0.00069022772963581992
0.00000011396165333880
0.00000010369842185353
0.00029979273694607340
0.00040392308657497626
0.00000182693970575633
0.00000002442317812243
0.00111603572320612026
0.00005418192843404918
0.00002559651280541950
0.00000089143325537192
0.10000000000000000000
0.00085352106351139680
0.00000008159039803494
0.00000004507407018747
0.00000070875720208026
0.00000128654329038906
0.00000087470100196238
0.00000001446313571542
0.00064716058969989218
0.00000372719377480509
0.00000044679864015561
0.00000012217432815546
0.00434179331297939126
0.00002002766040534847
0.00000037473022280767
0.00000002648047123630
0.00157497522420565802
0.00004081851682384815
0.00000054592476854109
0.00000027152094623015
0.00001931984729199309
0.00015306136615422896
0.00000028332406237469
0.00000037003455579982
0.00177847878058764628
0.00038753025752755018
0.00000163581673028182
0.00000003926504049768
0.00055539682712574312
0.00000727836128345191
0.00000024679331085638
0.00000000340756610055
0.00004535734707488789
0.00000039561760387539
0.00000112787509465797
0.00000003666486969890
0.00111394961574512522
0.00016583147290451710
0.00000606841604887453
0.00000145270203080621
0.00076726516417262352
0.00013541925431376002
0.00000067126786952880
0.00000015077380055581
0.00078472961186443226
0.00000067802793251044
0.00008890452243191468
0.00228703279896164580
0.00006877035526368989
0.00000038282893371132
0.00000069752218202477
0.00114888510466145306
0.00061848952977532360
0.00000970060214581275
0.00101409727899340080
0.10000000000000000000
0.00000210132364459987
0.00000169553256738471
0.00000243109710220989
0.00000353606946701160
0.00001802575987946543
0.00000013591984296675
0.00001902273612459369
0.00083742624604537856
0.00006924118907260168
0.00001008750713564435
0.00007097192956923769
0.00084648716057619616
0.00001409158408466057
0.00000036783469662751
0.00004669401979515897
0.00019072695845556856
0.00005529751284373165
0.00002452632125745719
0.00013914916346559452
0.00125785271747682586
0.00002840357745689328
0.00000634977145712577
0.00008931339332217125
0.00257693261825887562
0.00002668698453254855
0.00000080588448100740
0.00001430686637131832
0.00042976673436607176
0.00000838458813452697
0.00000018901390067669
0.00001521270080518804
0.00052936232061792864
0.00000008136232373765
0.00000023877636184573
0.00004786446131278968
0.00310078414848132406
0.00011936923431414104
0.00000713409879289122
0.00003555532123669317
0.00791410877283469540
0.00001522162931304595
0.00000154218130757846
0.00005372090225819320
0.00038388282488251898
0.00107553054705581120
0.00000221454940074154
0.00011860243562918984
0.00000005893549505585
0.00000007624177958002
0.00000822213989251095
0.00022935760378849618
0.00001001581847813517
0.00000009131203438361
0.00000197932240221638
0.10000000000000000000
0.00117729415635042960
0.00000075794036469313
0.00000333718694613685
0.00020088359250594048
0.00001177077623889045
0.00000145351302357128
0.00001840126356888745
0.00120124377126668624
0.00008064430138539350
0.00000571768422521299
0.00000084424491243659
0.00004170648354249045
0.00000497122307774774
0.00000100508173685523
0.00000337846960068334
0.00282503557738779924
0.00005838534903009862
0.00000052629158298957
0.00000005003231898853
0.00336990872128907446
0.00000126435628792607
0.00000015282105864891
0.00000243488369800178
0.00000760598785143741
0.00094816902532053040
0.00004080215169464032
0.00048080079940055904
0.00073035161512602816
0.00000213597183978106
0.00000673837521684507
0.00003198016486758463
0.00019922621147386076
0.00001602056879130308
0.00000142062333690877
0.00004323654654799447
0.00422003347680014080
0.00013838705109033524
0.00000088317529574516
0.00004882191803628730
0.00006588910011246474
0.00001075039137278816
0.00000090405280543967
0.00000087760732670399
0.00001879740264596179
0.00000025713339400161
0.00000082884624358048
0.00000149648380886290
0.00000000066936561638
0.00000004976467875663
0.00000413849301697537
0.00022209838937358280
0.00000002938849632972
0.00000093044638112595
0.00068587758600522080
0.10000000000000000000
0.00000002593714705477
0.00000031811235660459
0.00000169416308315026
0.00001366469387671811
0.00000001203432085579
0.00000014326452478068
0.00004311199995566804
0.00070608077479604192
0.00000077699398682154
0.00000007753009859747
0.00000059633199507586
0.00000438302804687719
0.00000000088062473164
0.00000004607032194329
0.00011723654056785672
0.00061989936906921946
0.00000002093692061421
0.00000004791069399017
0.00144768017956926880
0.00020595344886260924
0.00000003591265804155
0.00000001349802699455
0.00000027788721170185
0.00127890436803689040
0.00000248077406071125
0.00000329971811217738
0.00000729121970137820
0.00002244606762536981
0.00000005082768935583
0.00000096485504684683
0.00000353347370315620
0.00055538209491024280
0.00000005765698851758
0.00000099453366326916
0.00004769144588106266
0.00085712246176300240
0.00000005248093158841
0.00000006299498525281
0.00000004631655271398
0.00001787158608787572
0.00000000017720305284
0.00000000607738768082
0.00001323097616819455
0.00000194175741261596
0.00000011754830060040
0.00000000059359156590
0.00000860979741260636
0.00000038138559269559
0.00000010667865981956
0.00000001660604807321
0.00000063078039781815
0.00000182103224184864
0.00000060273550242975
0.00000003540399891603
0.10000000000000000000
0.00040167572484635360
0.00003018244932290046
0.00000005577845303850
0.00045139415070913320
0.00001023494786281125
0.00000106199823648704
0.00000010213294803777
0.00025854595242657992
0.00001268909008323683
0.00000129781623892780
0.00000001712819861659
0.00007776835447181212
0.00001225612499339565
0.00000686806459273117
0.00000000620082441246
0.00015694728385164456
0.00000069809341731589
0.00000039036718642503
0.00000000398533073249
0.00006791488750228095
0.00000517717955734371
0.00000008922454280627
0.00000000275390833811
0.00038213928338169226
0.00000839261606255784
0.00001229907062653685
0.00000133879139250912
0.00353128910130425964
0.00005664012777958130
0.00000840538620507741
0.00000022827982639531
0.00347626787684724608
0.00003787733560783204
0.00000323653543230991
0.00000006482914249409
0.00028428970340742098
0.00001299777268691997
0.00000005106791190342
0.00000000296217096481
0.00021243200553597788
0.00000007722514405905
0.00000073656222270332
0.00004357255070644097
0.00000061963011581504
0.00000000473541517890
0.00000032910323248761
0.00000434910814306162
0.00000038140419876732
0.00000003779209195783
0.00000110868843199662
0.00000256472335162014
0.00000256966601693480
0.00000042045068240022
0.00038893765763961192
0.10000000000000000000
0.00030746336686847912
0.00000379422813593172
0.00027572612900174764
0.00124710955260428160
0.00000499910716625359
0.00000808464188268569
0.00010234106565953090
0.00111952332095835168
0.00006949860483495981
0.00000073667679825627
0.00000374670105426716
0.00096592247617335280
0.00003591440870485943
0.00000001661242347442
0.00000229162466540996
0.00000921508854454795
0.00001379248334712893
0.00000001873684806832
0.00000217282835340079
0.00005818479372990989
0.00000067510984503401
0.00000099180419042065
0.00002106258062990960
0.00000413303165775625
0.00132420850480039824
0.00001715115104169246
0.00019685864572383988
0.00006207701433699525
0.00029272087537159112
0.00000038779679969125
0.00010067143163786748
0.00082683112287140240
0.00012863202207556040
0.00000006286444322388
0.00000237271247071612
0.00086107988832855952
0.00000051770555730640
0.00000033625466116906
0.00001664399456345919
0.00000066973717492230
0.00000241554270188228
0.00000511892377038349
0.00002872044401309697
0.00000093498253165088
0.00000001256176749481
0.00000734899435579967
0.00008783555837470236
0.00001314441728583242
0.00000066431094443444
0.00001152232155095268
0.00013632241871532030
0.00000197340583582645
0.00002575642364966697
0.00027096927546545896
0.10000000000000000000
0.00013120074108050122
0.00001766718141796197
0.00010162650058950782
0.00024871748368033160
0.00006270036689714296
0.00000111751551723260
0.00006533667997728052
0.00131340327470302720
0.00000423917536474845
0.00000064290594616854
0.00005850491404421444
0.00067431111623372944
0.00000488209094055046
0.00000019758958889390
0.00000311627799421887
0.00008696263423439728
0.00000068729284843287
0.00000055697190796785
0.00001106647033162873
0.00009936660827594282
0.00000449984284458899
0.00000006613157637719
0.00000544489265315244
0.00653454177683915048
0.00044969013586447032
0.00001023675483744168
0.00003923596246152693
0.00317254169589997608
0.00002269991650453837
0.00000448163870839958
0.00005421905377950692
0.00348564857215278046
0.00000656412616538219
0.00000064036038807704
0.00005937934922388508
0.00002756732542537543
0.00002324911770367220
0.00000004842665136889
0.00000000652180031566
0.00023008330574534120
0.00000017930907030438
0.00000177867722565670
0.00000738206500562287
0.00000000085402778820
0.00000021673212627806
0.00001071906262433997
0.00000560103081643784
0.00000002066222405261
0.00000016343011828906
0.00001502556259552908
0.00002994083602093325
0.00000008953655217639
0.00000629003313655330
0.00024679656446477820
0.10000000000000000000
0.00000010569001688358
0.00000877162375809811
0.00002510093379244794
0.00727107632333808808
0.00000012915726348644
0.00000082894059840866
0.00002963810380754478
0.00011556559974318190
0.00000002992510250515
0.00000150876017246893
0.00025333528140201564
0.00003063148450063195
0.00000000386806960653
0.00000007183434069302
0.00000476198353636211
0.00000936480027465071
0.00000001144997545005
0.00000045267890362678
0.00000210318557175456
0.00062550790879887786
0.00000003201264512276
0.00000001890811870201
0.00032585224952168756
0.00067708254327584360
0.00000261405214404678
0.00013451686447285622
0.00011447453538029052
0.00022686114015275920
0.00000002246352791958
0.00000087801608214164
0.00001090357147161472
0.00035903229495576176
0.00000000425301399749
0.00000976029446896636
0.00000064889659986633
0.00018447787108286500
0.00000001132476816202
0.00000005164637583514
0.00001380528404174787
0.00000563378749053602
0.00000038352154671162
0.00000000995992637506
0.00002648824211026785
0.00003519478959366484
0.00000641814933775737
0.00000012951991437395
0.00140852689731305504
0.00003484662261934699
0.00000282672163669961
0.00000004017205788163
0.00110389637208323520
0.00069637936609922352
0.00005063007466901768
0.00000016101726472963
0.10000000000000000000
0.00028540731901371840
0.00000662418050401267
0.00000119509695673338
0.00105773887884263882
0.00011929785073892250
0.00001030476879438357
0.00000015524969465449
0.00068133863569957386
0.00010176353240803002
0.00000415960388957949
0.00000000181641082844
0.00149875216744336628
0.00001137841920578418
0.00000099472962404382
0.00000000492964999920
0.00030846204049109378
0.00004514843693985069
0.00000074909479821792
0.00000001730467657682
0.00004443218874991726
0.00000365167313405237
0.00002919605355759319
0.00000085361515743934
0.00002640732816530749
0.00001969968054076910
0.00002040616301304824
0.00000034832067531371
0.00279734656736036186
0.00000255841688530960
0.00001849110203072648
0.00000084464845872938
0.00077965003329417520
0.00061632195188101424
0.00000034737107110140
0.00000002512810854966
0.00208447368690367124
0.00000169297874643959
0.00001123324996910839
0.00061536040450853658
0.00000063264359131009
0.00000005533411996454
0.00000259226675934246
0.00022697720853100760
0.00003338434176861872
0.00000268820012158775
0.00000258841532014857
0.00048947800752444186
0.00001141854239232886
0.00000015259491578246
0.00000798650780801881
0.00100501254641458426
0.00009292812562312080
0.00000426400180275787
0.00009106762550138218
0.10000000000000000000
0.00006189579385338299
0.00001860447724967143
0.00000752646026036659
0.00012928726843209124
0.00001759332681662412
0.00000115420489175295
0.00007178945913415308
0.00002437674901604862
0.00026158760215583192
0.00000292930457927747
0.00012600360362162638
0.00006334315603527241
0.00006125148689509570
0.00000001974329967159
0.00002270726397416357
0.00037206347258414776
0.00000560242854317110
0.00000235213069695773
0.00015210408362793880
0.00014581479898327444
0.00005354527902208711
0.00000013692841923578
0.00007544484003617174
0.00013839119116831132
0.00005719120864548028
0.00001680207724588359
0.00003978870438434138
0.00011800959088077890
0.00008260688237773115
0.00000048497345365246
0.00000574838075506358
0.01275554619517557062
0.00001072443815318633
0.00000181083993977878
0.00008210130383892994
0.00005047659781040001
0.00002440690980404258
0.00006585728188308478
0.00089272186594413146
0.00000033032201088939
0.00000116672541735771
0.00007602843423658582
0.00003365329234326467
0.00000448840723848804
0.00000048366778533532
0.00006308621369704809
0.00116192340888075984
0.00007157855066160612
0.00000129174982519341
0.00000627975433565689
0.00035451111102901752
0.00001902000350448847
0.00000329468876565104
0.00009648159343067090
0.10000000000000000000
0.00006520686636026855
0.00000312222762468950
0.00000223626740306807
0.00009085277924328532
0.00002032818446648105
0.00000400381416474020
0.00000804346936449777
0.01389539878463276484
0.00005221971325261676
0.00000011990133183605
0.00000031470332972227
0.00007222509604116002
0.00001518058165485364
0.00000202868950602012
0.00001865374713015853
0.00000794946776073843
0.00005684296800697148
0.00000778366171523416
0.00004729038655428149
0.00063058673807150704
0.00001777187816778962
0.00000023783271557542
0.00001509991220933370
0.00028351495312249996
0.00006575947553635698
0.00000637943999387549
0.00005400230805004678
0.00082754133887965514
0.00010924859057570142
0.00000508983748470739
0.00032411122650766992
0.00018834311205054664
0.00004848865505340738
0.00000354228213004500
0.00000341959233869997
0.00081480307889626704
0.00000100682602876868
0.00005677443814195246
0.00004596282021949960
0.00000003398840008595
0.00000863558727392798
0.00000337939706519321
0.00085523951351468352
0.00000010053434263682
0.00000698639222501287
0.00005929515383733046
0.00089112428753420608
0.00000009443209990155
0.00000771987304399243
0.00006793487517757176
0.00418811483636730408
0.00000045183986044536
0.00002204448539738510
0.00004956698390571938
0.10000000000000000000
0.00000041577001948276
0.00000232660568399052
0.00007968821717614268
0.00017215559484503962
0.00000002187611150629
0.00000236799049659515
0.00024407499562343656
0.00130068449063171488
0.00000005073319753987
0.00000070456104761561
0.00021159531117759548
0.00073448881717421354
0.00000010004071236384
0.00000259193402851241
0.00004213434498769379
0.00038445194715666112
0.00000011692004288498
0.00000100672030593965
0.00005612261358484402
0.00069749463300219912
0.00000006853240371478
0.00000715286967470383
0.00024537268545864152
0.00008491325410451138
0.00000016159223268631
0.00000510402820372418
0.00030241263953269032
0.00272983151156856724
0.00000054398365811027
0.00002104914681299587
0.00000054660566957375
0.00034302279965558440
0.00000001023078807837
0.00000050392950823660
0.00010371976125037850
0.00000354475438318120
0.00000154990383289596
0.00000001155078275090
0.00023608664647084516
0.00010741425531483202
0.00000847494694604935
0.00000015071029300765
0.00415036417954063040
0.00005710028809725518
0.00000488369193174578
0.00000113915843245785
0.00027769886216908552
0.00011352248354909820
0.00000140656186815997
0.00000008642139860990
0.00046456067699129760
0.00001035990669665284
0.00000275706054391815
0.00000048298734031701
0.10000000000000000000
0.00005797617715279326
0.00000724798455661370
0.00000008881420062091
0.00059008329366504106
0.00007957465951863600
0.00001130881011875501
0.00000002206952098230
0.00040439474078292784
0.00003558775488052296
0.00003606891157070780
0.00000000192655921385
0.00024656109670836378
0.00008153118364361395
0.00000139123177732894
0.00000051285791671814
0.01031869289535596002
0.00001016834134101158
0.00000480194263031811
0.00000003432108822803
0.00011418934258419650
0.00000094762872807815
0.00000116091609592288
0.00000027296303892125
0.00564824435230692984
0.00003891683242812728
0.00000118138674200848
0.00000156380104552444
0.00370921560756077760
0.00020101998772181352
0.00000017864340059432
0.00000003741083239457
0.00104770161603287648
0.00000304582779493779
0.00001103657655728772
0.00008996664558475451
0.00000451826131440529
0.00000002885096009157
0.00000135661921200445
0.00013782475066895510
0.00000859990305816564
0.00000021958615976822
0.00001628255947901266
0.00057922520978950320
0.00000061329855266650
0.00000009667455943338
0.00001159156917854219
0.00105618619681436128
0.00006994194953782210
0.00000047173843257384
0.00004456275079848449
0.00015135480915097902
0.00000167950332642883
0.00000229869185098147
0.00004930886081682934
0.10000000000000000000
0.00015191838531994604
0.00001633104422860398
0.00036296255367660458
0.01043081812877075042
0.00000264542724621016
0.00000113529836457231
0.00001428230445277383
0.00002132845244138460
0.00000408745916550931
0.00000006922659349576
0.00000646594022534837
0.00021533678253954898
0.00000054797894399338
0.00000022820015881212
0.00000859161177240161
0.00038078464994425018
0.00007146722839914822
0.00000002755746918843
0.00000178264721902963
0.00003879963467102192
0.00000004774882414470
0.00000014456448064033
0.00004162378932434426
0.00120266352459136224
0.00019377836161677152
0.00000330915823137377
0.00006775520007995095
0.00398169293215406248
0.00053268858117629066
0.00007417288728776294
0.00054463581418250098
0.00004105447374086122
0.00002721872268152933
0.00000131225765094870
0.00013248443148625502
0.00000003439069664944
0.00000011229604792968
0.00000649908503962536
0.00013240226700093612
0.00000402612152087813
0.00000022213923775711
0.00000703073935970749
0.00002209129439319778
0.00000054218073004288
0.00000086444836318666
0.00004780766475711182
0.00102516286787970880
0.00001229822305690275
0.00000280667240962306
0.00001501766930459307
0.00004975187511476997
0.00005740717603326588
0.00000449476255911326
0.00011077058193495908
0.10000000000000000000
0.00022214438804353144
0.00000961971740859074
0.00051954223783575320
0.00040740484270476160
0.00000409867303226644
0.00000021506991369648
0.00000074302010431936
0.00003775418487184349
0.00000125914224576744
0.00000016185393250130
0.00000312070843676715
0.00000439573332278379
0.00000255945861243522
0.00000013909755789815
0.00000722209423738697
0.00102665028577690762
0.00000335802900506331
0.00000006689789698812
0.00001305118332554136
0.00007724644863566149
0.00000052662014729575
0.00000380028874965023
0.00002967190371889247
0.00414507907289635042
0.00007088918346585455
0.00000364889924554750
0.00014271522608713864
0.00309477321869847926
0.00001663061270821786
0.00002028835075148852
0.00000026845673164027
0.00030162082187481018
0.00000002769472129468
0.00000423345425106550
0.00001019512497000223
0.00000000411606075963
0.00000022633440072706
0.00002340826497124016
0.00017669339086897720
0.00000003833730694299
0.00000044821172249743
0.00000643087662376434
0.00000973239110437797
0.00000002786293612267
0.00000123762129266551
0.00000808100716571963
0.00011711428329315664
0.00000010326985438752
0.00000240617280313145
0.00002718686721986845
0.00030288833709366320
0.00000013451206599254
0.00002908153949246984
0.00054253115523358912
0.10000000000000000000
0.00000354187856966226
0.00019448527538761056
0.00004070849354765555
0.00001372747087842853
0.00000004902172735673
0.00000014312257343931
0.00000865707318319374
0.00004954754341236759
0.00000000404340321628
0.00000064784154872835
0.00000142214994410835
0.00000913635520761368
0.00000000929015319600
0.00000011864431109549
0.00003989721212240164
0.00000502316738972846
0.00000000267017960223
0.00000039043758629687
0.00000906606944459036
0.00015187307200217044
0.00000012471094512864
0.00000072001300901042
0.00005290818830243462
0.00100715364518623360
0.00000017457621633855
0.00000476949035528148
0.00007029072253147886
0.04631712700086028068
0.00000194881462499930
0.00000000100003414280
0.00003856757810185374
0.00000396435310250891
0.00000008175530966418
0.00000000505037524751
0.00001535817841715944
0.00000143376421518142
0.00000303858157409305
0.00000006370288761013
0.00114929363205317200
0.00002867828411562998
0.00000065534454492482
0.00000000098559289246
0.00006376457656556990
0.00000317264298944056
0.00000061772180692110
0.00000001528545305824
0.00022843739971101944
0.00007543379650405811
0.00000269895638362781
0.00000001939960643558
0.00045045719947983512
0.00032578166709359496
0.00001184167213219982
0.00000178523358764139
0.10000000000000000000
0.00025124351435039258
0.00000399809160246685
0.00000002409129903716
0.00094109991208411946
0.00000718001777694506
0.00000030044843245793
0.00000000391342695073
0.00001310467253517747
0.00004018635865100393
0.00000020660255283394
0.00000000696812480159
0.00001088276518319420
0.00000112875104601097
0.00000019484898833274
0.00000000153398699952
0.00010180572854730236
0.00000675683433782961
0.00000077210058309395
0.00000003374751463263
0.00036474389863125626
0.00002559868392760828
0.00000006737219887962
0.00000014520595145872
0.00103955807541152480
0.00005854387604796364
0.00004657674136926731
0.00000252458314426212
0.02488448288343266022
0.00000107524506867346
0.00000427910146746724
0.00004783142083420653
0.00000264317715598428
0.00000004566802126463
0.00000184626756439867
0.00014126203482512888
0.00002763360815287074
0.00000035921924912325
0.00003445477484518189
0.00013549987824189056
0.00000254813976114495
0.00000005964346335393
0.00001162424283083574
0.00094612682491697520
0.00006502386169769386
0.00000089145166851920
0.00003946674295536895
0.00002962893166359114
0.00000627191679928974
0.00000242905678775298
0.00007026675929906069
0.01082974210504291468
0.00073978666843569824
0.00011339216035644628
0.00029062286619852912
0.10000000000000000000
0.00004011639048866204
0.00000037840109624200
0.00003014587715670714
0.00007335404866751174
0.00000342292292101162
0.00000007286564174813
0.00000536523055530815
0.00048321272305288944
0.00000128877650730967
0.00000028166735007328
0.00000564260447576298
0.00032186948697904858
0.00004588681528272457
0.00000015227250919776
0.00000126504072123366
0.00010589712992619044
0.00000275782825050182
0.00000010123670339280
0.00003876781227081967
0.00130366187795211760
0.00013967140725475564
0.00000605517476460199
0.00010410845639356210
0.00127052137860818000
0.00086646765747843760
0.00002299945525437515
0.00027642570272805976
0.00001775402116690944
0.00006852524610334522
0.00002678342545947094
0.00058695156609098152
0.00000087390348426860
0.00000061262020966849
0.00010397061396452012
0.00001600583183851822
0.00000051545820923601
0.00000034347322960945
0.00002928197186779516
0.00158816291138281802
0.00011312862290337936
0.00000485527420865313
0.00002622066510712451
0.00055860990332713472
0.00011156839028812476
0.00000120242774326156
0.00023698740332517418
0.00807599033717914026
0.00018661601110069556
0.00000744320441636303
0.00000204721503646637
0.00043239406682913120
0.00001769087173280072
0.00000344711332520944
0.00002990127788328057
0.10000000000000000000
0.00009059715399506388
0.00000104399956465995
0.00000596825049084992
0.00129491145177881248
0.00001777760326649241
0.00000076607633370744
0.00004241703000084634
0.00020097832500088432
0.00019886774212548576
0.00000144761952029363
0.00003064528755839587
0.00013106130098694278
0.00011976556918951422
0.00000056716919836399
0.00007276580078440149
0.00221799918830670762
0.00003329512939712841
0.00000945969130763954
0.00021969237436971724
0.00058431789607851352
0.00004133935927319470
0.00000467470584504077
0.00001624207754449655
0.00026566691007427276
0.00002858595147498074
0.00000307047479318082
0.00000151043436983224
0.00026853810370607938
0.00000798549246773411
0.00004636154100279250
0.00001696853733051082
0.00000002849826638345
0.00000488929462280858
0.00000803840998986823
0.00230630384835927200
0.00000018812487966356
0.00001430243343113726
0.00003614579744413403
0.00065873919050511418
0.00000000482738155503
0.00000001335644186225
0.00000445386427244829
0.00001485580999631103
0.00000000057823436189
0.00000292250617617913
0.00003342274071738241
0.00109516706650124288
0.00000001599627062299
0.00000096752112087311
0.00000479048643729762
0.00000656957893450702
0.00000002287419615457
0.00000031060116943187
0.00009976939913161492
0.10000000000000000000
0.00000084121418246169
0.00000107303806526916
0.00005549671900819809
0.00253031222789917046
0.00000042498350113289
0.00000254994184637891
0.00000766026977709555
0.00040141235989262072
0.00000021191297305937
0.00000027668433744905
0.00000856370207319222
0.00015051521299228298
0.00000000412577796483
0.00000043795658524099
0.00000043679938010617
0.00050175836277897472
0.00000003758559862692
0.00000892697622190543
0.00015512515683192388
0.00043118662130650144
0.00000047487134499221
0.00000178145174868947
0.00000376765549480372
0.00025028631817155820
0.00000001701665008297
0.00000031848321960123
0.00004541832950820476
0.00030445060229253244
0.00001287449974625955
0.00000000096839888416
0.00022293590851519924
0.00016442520382019190
0.00000829237927804117
0.00000013388404615218
0.00002058090538957200
0.00012476018569658764
0.00000050095445635914
0.00000003420763140996
0.00018785981371948392
0.00000283282119391049
0.00000027714883736066
0.00000000288430021575
0.00073356318656147226
0.00019328215678752924
0.00000011799116100436
0.00000006567779126398
0.00045066022067032426
0.00001871399973292599
0.00000038648611120608
0.00000003607061146333
0.00137384977091006480
0.00003804490604547303
0.00000176766925934145
0.00000129337504219525
0.10000000000000000000
0.00003811378984336762
0.00000297622000050823
0.00000058487209162402
0.01319994051979809064
0.00017384179110496800
0.00000412772876056471
0.00000019524527797908
0.00008469647940751201
0.00003208651395111265
0.00000029971990624070
0.00000002540251624630
0.00014099489457060730
0.00001099173206193717
0.00000302856570166285
0.00000006579155164271
0.00316489897619721004
0.00046343753932123680
0.00000399766068914464
0.00000047381151532619
0.00701032741564465526
0.00054792546298659978
0.00000037436175827772
0.00000015226295087193
0.00059748493006683880
0.00001910833324218759
0.00002647643414086360
0.01783347297945082448
0.00016335539201297216
0.00000244108145572058
0.00001865061784476722
0.00008033358652579772
0.00008653307017980435
0.00000049466678917497
0.00011789571724265752
0.00081544910760382762
0.00000003443452602410
0.00000005659972434422
0.00000060417852246604
0.00000823657854378804
0.00000316050770222228
0.00000003873021863204
0.00000402681141477504
0.00007025547138804164
0.00000022392287528295
0.00000065950271783010
0.00002867582844010719
0.00002020688332959632
0.00000096544258751109
0.00000007614557797738
0.00000757880423352814
0.00006693670600180211
0.00000730666827981771
0.00000119290174931137
0.00002755838681577262
0.10000000000000000000
0.00000063148485040610
0.00000137909354310199
0.00010174611094126944
0.01096563870390248420
0.00086806846322255242
0.00000014362731733848
0.00000055668317039707
0.00001657395043041983
0.00000164885156638851
0.00000005141004637130
0.00000164466177561919
0.00000572578701881584
0.00000202646849094758
0.00000013628188641030
0.00000027285362318083
0.00018152913946228328
0.00001774242011442315
0.00000192932492718667
0.00000186558740091886
0.00014045412667301410
0.00000103691844662761
0.00000027720729864380
0.00000428008800991734
0.00003872208318239747
0.00010945740203341956
0.00001510114614082484
0.00000258676952461426
0.00000002200246162547
0.00000010457929083931
0.00001216145402681965
0.00012533001644622120
0.00003137280149683676
0.00000014438833528897
0.00001218305818034054
0.00153453860882413302
0.00113154202547701280
0.00000022353279574541
0.00000815654065859549
0.00005835385506370629
0.00000169872052232695
0.00000023291669461432
0.00004494830253151309
0.00003400176469505186
0.00013104492475080760
0.00001922935093707598
0.00000256217990986521
0.00003245691148872979
0.00000304736058007787
0.00000020982697398250
0.00000206658642675890
0.00104888681380685002
0.00004082000565879189
0.00000142381280053456
0.00000041781029945312
0.10000000000000000000
0.00000705961273019932
0.00000085474744499418
0.00000135954624968800
0.00001036031655639010
0.00002849036128539667
0.00005464737951799347
0.00013316400324757948
0.00002506649871272354
0.00000277227077532267
0.00000005573588209163
0.00000063070108230130
0.00020096234610768020
0.00004481585335026005
0.00000029811950783649
0.00003783250659742187
0.00125965746813027360
0.00002716223201063976
0.00000270898861618768
0.00005645760969368544
0.00000293376242001968
0.00000307437008873748
0.00000027198281351735
0.00000044434854912052
0.00075466852724357856
0.00003497052431270249
0.01529518164145978880
0.04642076342566875286
0.00001225929726495215
0.00002187180599493456
0.00301388737333853524
0.15634311249833980842
0.00001003695947523403
0.00014496147792796788
0.00003064364297521915
0.00856797849393023146
0.00000012146287387275
0.00000058975456503838
0.00002454651995828314
0.00017780493159031912
0.00000006143599426392
0.00000077113006508661
0.00038037588920496024
0.02421088098444847686
0.00000005466699340541
0.00000230961927234534
0.00005761401312941184
0.00092829523714839440
0.00000014546544687532
0.00000234148018105832
0.00076643089506543856
0.09905835360826016004
0.00001489223907784945
0.00004856475134849916
0.00037574405373839408
2.00000000000000000000
0.00006958627856517736
0.00039612387218464506
0.01155109614879013220
0.00289415080514484186
0.00000047424605442655
0.00000424774068166125
0.00001920325945959589
0.00103510288448325184
0.00000005268837549983
0.00000078551279230345
0.00000454573983507674
0.00332263750167356984
0.00000006119948486460
0.00000045177078080447
0.00087248287450782442
0.00868968307757289924
0.00000273777528898335
0.00002717169314375180
0.00000294131723614823
0.00081286950887052800
0.00000019690236428314
0.00001268744558614840
0.00109076236430715242
0.00488857125300221120
0.00033413418194172712
0.00001524506301900459
0.10380809460322452206
0.00322604204103105004
0.00006418357806846030
0.00000406951924552222
0.01815528251570327682
0.00076737127699021786
0.00000139395437883257
0.00000056227824999319
0.00077900205883602560
0.00002573917551438519
0.00000748644832530455
0.00000008181713617007
0.00144678157060053366
0.00033378525106868320
0.00001913086410179525
0.00000124107096683809
0.00263306642860139384
0.00008118831992725450
0.00000278721854684927
0.00000002851054262608
0.00018332564536676812
0.00006488592746438160
0.00001242986106668822
0.00000626157370253658
0.12649271401840264088
0.00134846506016089440
0.00001712156605575207
0.00002618894760728351
2.00000000000000000000
0.00222389463145245162
0.00022396427162343796
0.00000023220243710994
0.00437031370602206180
0.00009518118003058774
0.00000305857758586709
0.00000007264217015329
0.00024349706231769004
0.00006983811103355675
0.00000239128419525434
0.00000041972507362304
0.00044081393716980666
0.00028300497293825560
0.00000558266088968400
0.00000108507089405020
0.01468777874388548488
0.00133068035184770624
0.00000005205499895061
0.00000006021720151339
0.00012207391599131172
0.00003306243143269607
0.00008649103724945306
0.15933941249080660220
0.00468759316341377862
0.00002162889576914455
0.01150011920023847848
0.07768779542753839480
0.00274167086598306964
0.00006803107651700725
0.00564064086614118668
0.03156897790529970026
0.00003166737665690327
0.00000030133011386599
0.00008467113014839569
0.00098275942981837626
0.00021208999076005276
0.00000461209753305776
0.00030193431202949704
0.00779808344572995624
0.00025081505329746096
0.00004584714463341386
0.00124145081849634848
0.00385521495319614720
0.00007662482075994014
0.00000651321984725322
0.00080157509354973312
0.00833237864760357860
0.00098130270024421866
0.00005356858959280331
0.00237528777532249408
0.20721649411315996864
0.00003883006966493945
0.00021256607836696128
0.00317090123777750208
2.00000000000000000000
0.00539095254239580984
0.00001840004952765232
0.00007990623159858985
0.00132873545708953360
0.00026177553073119200
0.00000736816919780429
0.00011249892578496360
0.00053952849991199880
0.00031287387029681160
0.00000943660013060715
0.00026514406551057976
0.00995243094662631680
0.00109192590598588160
0.00019355726041792656
0.00079076866576203744
0.00388223153269419924
0.00011360608148422790
0.00003266790732974761
0.00037103755637996418
0.01001900624327287466
0.00367376510384442240
0.01106587254913097600
0.04795472554210750424
0.01115763298749165226
0.00025020420587686724
0.00166202653091764202
0.01518384918370936220
0.00001998120501090225
0.00002268059572619185
0.00031142533596966556
0.00009422941010923350
0.00000590932374675004
0.00000139002765099052
0.00001086198356241903
0.00181404683120349366
0.00002041187032142065
0.00000477203379404580
0.00011185210155031798
0.00010181752706998422
0.00070993988468408200
0.00002017912079298623
0.00000934525655328933
0.00010281218593327656
0.00001361975539267962
0.00000392552928222552
0.00002116923805487602
0.00442903323536807208
0.00015329252573780712
0.00005372422711912711
0.01562576710141606400
0.00028186697079146392
0.00590449994317927208
0.00030418950804280072
0.00513526060316993448
2.00000000000000000000
0.00000053215820310409
0.00000021545906479150
0.00002356457969020732
0.00131563191946494986
0.00005158597351791704
0.00000171800738085086
0.00002992162636160694
0.00056938566259339560
0.00011906377150305882
0.00000204181573158041
0.00020460400701548464
0.00051670201789355592
0.00038963755749475720
0.00000443904111528822
0.00049768939685771240
0.00023835627986458338
0.00005944012259023872
0.00000239589151349641
0.00005745199442826676
0.02903091760218749640
0.00000360217836429406
0.00008082882641923325
0.00018821760793947058
0.00000001398701585802
0.00000092498935840650
0.00034009540134036352
0.00475054659467075840
0.00000063258015252173
0.00001092740225246441
0.01364917206755024268
0.03160072113013248000
0.00000004985150674067
0.00001854173367700563
0.00009545420719666368
0.00705387423045364402
0.00000012809138337785
0.00005456560466136281
0.00084596216214596320
0.00752691642158468266
0.00000864349758599917
0.00000452202542360550
0.00006955863758944832
0.00010166854193139560
0.00000015383960575840
0.00000537593270701005
0.00509229740499624640
0.00933377560980649286
0.00000295276758269666
0.00000300409814503583
0.00090065573625725386
0.00171897983076160246
0.00000036645610565060
0.00002036599680643105
0.00000061834444146479
2.00000000000000000000
0.00003742215510001534
0.00017830216852939222
0.00022542684633373378
0.00391403705449201600
0.00000512398744412993
0.00003014823965149301
0.00021319303319959820
0.01368193129035475044
0.00000323900470080771
0.00001654568804898331
0.00048391719750164952
0.03102323000184899202
0.00000237023081024413
0.00001046381602585421
0.00001441241347663126
0.00037971990451844544
0.00000017992384231010
0.00000117913787470402
0.00061673905581270112
0.00052836972608714064
0.00000546990633279471
0.00000000948630403086
0.00268149975957968404
0.00043972910708451858
0.00000873751034457384
0.00000159482716162758
0.01092242776989679842
0.00023680721684279940
0.00071698469676672192
0.00007482597939330494
0.00844416611441979462
0.00048066472998097592
0.00000171243020132030
0.00000044067939261966
0.00040147676096050352
0.00430729554043013440
0.00014140488740728984
0.00000279428223667395
0.21228700671948458024
0.00020782508983555488
0.00000461454341450753
0.00000012619518075341
0.00029329034842056460
0.00013146289747097170
0.00004524911845116556
0.00000601492802421092
0.00156358090653672842
0.00001421318586673325
0.00210880527465851808
0.00000034384255511850
0.00841926299184159046
0.00010796266693772018
0.00000030560520415215
0.00004568094394519426
2.00000000000000000000
0.00065675297835761626
0.00001024116546533201
0.00000017939404497095
0.01584585586799552842
0.00114302639320533680
0.00000265751679265419
0.00000793149569539688
0.02432708597759756068
0.00146053823248559562
0.00009288846230583528
0.00000513675548662795
0.02015037649998570024
0.00087092767404136896
0.00000011879434778266
0.00000014699645733803
0.00121532225538921200
0.00000028590399523106
0.00010943591995019944
0.00518633992993632986
0.00004675786759673832
0.00000006595676087826
0.00002456994013470452
0.00304987558503748042
0.00000087849883310219
0.00001365161026218344
0.00015836067823171462
0.00787011658679053864
0.00934738128010852804
0.00011011335499962418
0.00020517781284091700
0.00010435117982705952
0.00015598803324063370
0.00000028797014081093
0.00003650501720740064
0.00456839195130745380
0.00095049817695795226
0.00002661877647206269
0.00023144446531563184
0.01019062269382748260
0.00026507595748008792
0.00000178305512532760
0.00003365539061730366
0.00829662298912051940
0.00105978397833194848
0.00000868871240538160
0.00065535330284317984
0.00046817404773950666
0.00568528103209939924
0.00000340731159900304
0.00020286657873188820
0.00198622953472746560
0.00003697886948137462
0.00024080242547921776
0.00072660771990398656
2.00000000000000000000
0.00036136075652333066
0.00000417362454364215
0.00032536833519728792
0.00111626960567335504
0.00010454209781359128
0.00002092858706861236
0.00037205337126228504
0.01370519219906558404
0.00178262673432172244
0.00030713531501627660
0.00023175814907566018
0.01729392120832633826
0.00002813846671421020
0.00000446208487006999
0.00009385534242260840
0.00000366373734161363
0.00007066677364528476
0.00020319764395852220
0.00585600568664252800
0.00000701279756667377
0.00000260255310768047
0.00011519777956068688
0.00181987303858001120
0.00000273033247205078
0.00000518714475737565
0.00014832397086573104
0.01371633270258052266
0.00023504151577356912
0.00029046016213919072
0.03229730200948091280
0.18084159929236364802
0.00479403391497245382
0.00028194607473745680
0.00162055651125744800
0.01224346931078572800
0.00143350228057468202
0.00010558321694911826
0.00184760644718253440
0.03640080264763782404
0.00057921745470173792
0.00000561223521997042
0.00114259075232636320
0.00437833878670800724
0.00025978474023995538
0.00000591357058405394
0.00004499291190490243
0.00103380829042543040
0.00001488024375615349
0.00000629738378796437
0.00037800818167547952
0.00199438763749201600
0.00029409734724923912
0.00001094532293590742
0.00034907779713213124
2.00000000000000000000
0.03809124605876410604
0.00010465831554436944
0.00012102983480004080
0.13236668796803382468
0.00069628317355749386
0.00029727374562187776
0.00052121919184374624
0.13980729451035324846
0.00001539294439052624
0.00000182387763099797
0.00011157880176594336
0.00102272326460840880
0.00015037048826998280
0.00004568683900512251
0.00000517921043735714
0.00013459275526127628
0.00000203146075219251
0.00018632853832077288
0.00028447975466284844
0.00000007169983668534
0.00001711503480176680
0.00047148118126594784
0.00320035691428330586
0.00000010434435129318
0.00000487139139750672
0.00005844282627713730
0.00105417893102303626
0.00004606349243132368
0.00060944260814929752
0.01813118679061605804
0.01451281522869183884
0.00001200974233322894
0.00000603762672330032
0.00050271594711539306
0.02595559813416533802
0.00000109943268321355
0.00000103793828214656
0.00017346127781788848
0.00010624448906113494
0.00000006437082262725
0.00000552400372169039
0.00582903337665489066
0.00665215186120626582
0.00000073019794304297
0.00000204380852487821
0.00016657570191553402
0.00116855265138546848
0.00000021790095862082
0.00001550106052044525
0.00011392957393923540
0.00743943708366573540
0.00000027932955514028
0.00000587386942703648
0.05549512709283731206
2.00000000000000000000
0.00000178840572179816
0.00028016491904882624
0.01532598762437772268
0.01340957643903267208
0.00000427197768007785
0.00017661387423751672
0.00021852249697017328
0.05242880460077882604
0.00000083821299913398
0.00000486047935425819
0.00001131450091598767
0.00029954478920047552
0.00000001927598811914
0.00000174342728991728
0.00080752944412523562
0.00001701567929709055
0.00000650882284191094
0.00000000601377544597
0.00025731535803785684
0.00004438738678051384
0.00000101632476895798
0.00000004241033721461
0.00067701625682900826
0.00019111395585920180
0.00008987060716047156
0.00000116359334861607
0.05922485726007500026
0.00340973661661444962
0.00020118795269712112
0.00002731184843260888
0.00018110182722024472
0.00162154499767390240
0.00000327934967312216
0.00000124311965693537
0.00178303539398355360
0.00003272837207058906
0.00000168444704260420
0.00000002752935483778
0.00208241073732039520
0.00002236988553201466
0.00001345562870056524
0.00000008888212059059
0.00197557741469018208
0.00003187099392893393
0.00000163244170717157
0.00000002899388238490
0.00035603349275765140
0.00011536577695187440
0.00000184950992288809
0.00000474733629086618
0.01202683538251867206
0.00022320966398219548
0.00007432419415906998
0.00000087175179175993
2.00000000000000000000
0.00213839236837365642
0.00000315914921727040
0.00000247836329561516
0.01529938116308254088
0.00039094155872124728
0.00001453274586455934
0.00000014773337883426
0.00091937755463294704
0.00086258335595968624
0.00000052694419957514
0.00000028406707462782
0.00091292109846084106
0.00000003185332012272
0.00000322794698134244
0.00064552167641462600
0.00020250269709767184
0.00000010278183443989
0.00000614371323974030
0.00191850450329299126
0.00008131115508958885
0.00001516895181954968
0.00000943243439329040
0.01062272249571068260
0.00068130239613260266
0.00003528252586269543
0.00151737074196764960
0.00171748872177291840
0.00123174472722533760
0.00224496882953919840
0.00021580141389624456
0.00475121455614230982
0.00033257322948695938
0.00020724974942711512
0.00002363574753438469
0.00113784568474416448
0.00052491806476034186
0.00000642989545337960
0.00022076701319247420
0.00299116367947451402
0.00275749924993490166
0.00001507080148085791
0.00024601043640597996
0.00017723558821312464
0.00002950686788192052
0.00000069046482531958
0.00016311216252188740
0.00088377099285470880
0.00005145333965534959
0.00004461702737594494
0.00138576202715268522
0.00122321709207454506
0.00013729212963882578
0.00021814099244587272
0.00341573467451398444
2.00000000000000000000
0.00683806818565590242
0.00008271170361389805
0.00098307518220220106
0.03993771690526977684
0.00335561861591555446
0.00002142554116972914
0.00040115193114746496
0.03556991246467986020
0.00005810555175331352
0.00000447478308925725
0.00030506702310387818
0.00012964489743321916
0.00003954004203862124
0.00019169146176951076
0.00330342263790842408
0.00001632244490716526
0.00000060864387443198
0.00050572713894291560
0.03398833992816646062
0.00009152239326994910
0.00004243383315122341
0.00000257637589474139
0.00669743900484164984
0.00020389310139219258
0.00035532701443365180
0.01277967592541077062
0.15716173434159684266
0.00301471000333581204
0.00035274391166870978
0.00309833621137305128
0.00985353145742344420
0.01121871177640455208
0.00004569145937182978
0.00000220963980220957
0.00490256345650397204
0.00023559952272399738
0.00003980777133224712
0.00012292105460511448
0.13263329088027170688
0.00002371867226719715
0.00010696149647102028
0.00009898255716222562
0.01483601626278962884
0.00000630515759221976
0.00000881308842459768
0.00080871913592290986
0.00154503375793771968
0.00049786862012810986
0.00000508406960837937
0.00018077098502182804
0.23693814069437232084
0.01883020611536237648
0.00000796287585411895
0.01079037404673761862
2.00000000000000000000
0.00054889418892842544
0.00011123847517140238
0.00096333763074939706
0.01907926578233217842
0.00503760971739294584
0.00000024481545831563
0.00511192977551581204
0.00207897655083087040
0.00056616337909839584
0.00003250954805099161
0.00007981276368790569
0.03693771192045240862
0.00002416608380865044
0.00010159391921320016
0.00081346089997211242
0.00000009097378417825
0.00000905726498733550
0.00031194211997855352
0.00400214133692126248
0.00000099461038171208
0.00000545166045249304
0.00038832183064566512
0.02310702994975121608
0.00000695808407558203
0.00001220736558363662
0.00081080294687784752
0.00430772873738755604
0.00000434139211567483
0.00065631726605171146
0.00164788106481066442
0.00279926390136209846
0.00000774621641071795
0.00000482360779082003
0.00002409870782886437
0.00284569091403184986
0.00000125454823106953
0.00000325348374114033
0.00143556695933905386
0.01964511452942854400
0.00000167537559292377
0.00000479963857345110
0.00238553538793248608
0.00332296614556490206
0.00000111535580668407
0.00001758715382307490
0.00023294997359117592
0.02303778576616922026
0.00001094062539188207
0.00002609330000712875
0.00089865657995767194
0.01187936559168132804
0.00000450418643638217
0.00009410693377318500
0.00039576758202260912
2.00000000000000000000
0.00003023849381372799
0.00007879795128776970
0.00356119042464933524
0.02912154573528589642
0.00000544524666797631
0.00024807242027944904
0.00007589624089604210
0.00378399533158958720
0.00000153644867550608
0.00000000400697338161
0.00024772589336795276
0.00011391145099511612
0.00004001866319933569
0.00000002586731728139
0.00111345900635482906
0.00052758550043555592
0.00008628866360992861
0.00000092621729960005
0.03615362449962864008
0.00130747711591799440
0.00004119801323022187
0.00000287003809151371
0.12677068195479632062
0.00379146828699460322
0.00019151877450954724
0.00000051032830115374
0.04171377434417707220
0.00185949109613668768
0.00019126413126260012
0.00000637341639912816
0.19177090201525064480
0.00166163432583340042
0.00020806370847917424
0.00000279572836618360
0.01622247287890734406
0.00149061467576673962
0.00048798128298086186
0.00000176061691495953
0.09642404805530486466
0.00001149697472198524
0.00001898576239925183
0.00000007322749428392
0.00140148123957634640
0.00059121490379935618
0.00000477950619340994
0.00000652511787325088
0.04014769332177978604
0.00055498059135348992
0.00045903718383775306
0.00000452783524430315
0.03326662229662289846
0.00133821176136614640
0.00009595996136601824
0.00003617792115260421
2.00000000000000000000
0.00339341713990041004
0.00071496778811175658
0.00000662305257443351
0.03084065460678261886
0.00019968349359780552
0.00001241772715993789
0.00000022808796432888
0.04405327157375113866
0.00004006031246498561
0.00038805747702186538
0.01481155147366791048
0.00035028167122266320
0.00000364247503651425
0.00011906103387960348
0.03905200867854715280
0.00824995316427117864
0.00017595213996023830
0.00401225336843149786
0.06314334041570548086
0.00093472406362137482
0.00003690543178284759
0.00102972228210574762
0.02321416654445886082
0.00172727522118913482
0.00001486994142634405
0.00002844065684123814
0.00411137137083825060
0.00120697533318327040
0.00015007210514630370
0.00098501266782620522
0.03579093773368957640
0.00121104490613612522
0.00001203277629842336
0.00084875384788548202
0.03736751023231924884
0.00844843524661496004
0.00031173306779934956
0.01052572004699334400
0.00570210614538558248
0.00179613038398814804
0.00000040297642790590
0.00067075070169900224
0.01654351283081246404
0.00035703904739030404
0.00002484830174233666
0.00179687776709727444
0.01524027412910046404
0.00059999386130334106
0.00013954733767770444
0.00063369718820043480
0.04052811842425439262
0.00061951048352542304
0.00007028027889021701
0.00252971937087902804
2.00000000000000000000
0.00460791883500842240
0.00031803084876362380
0.00025118988070136752
0.03803423264033795202
0.00004381678172586500
0.00005741975319573312
0.00005229463897068035
0.00401312163232710242
0.02253262389279524040
0.00136975185670197024
0.00196608020490792246
0.00001837150760955390
0.00000338759090497121
0.00004575371579331691
0.00314245814925938048
0.00043424232316752408
0.00009393982932104410
0.00155525444945899968
0.05837156640360390406
0.00113230732973546384
0.00005629555184743672
0.00231067254052792448
0.07104708009455772068
0.00011814860225085784
0.00013151767746983004
0.00184135981460096800
0.01183392456837330246
0.00568905161897982006
0.00001913151887287273
0.00368966760919436984
0.10824321480242164202
0.00056571984858506944
0.00000142921599016353
0.00256147269903221920
0.01437684237586254828
0.00346588186333708002
0.00005809243239462160
0.00035657823702399740
0.03826293106002727242
0.00049793361007139626
0.00000846567015358953
0.00116130088159424304
0.00057689232916899024
0.00046498180927527120
0.00007311734364157165
0.00126829736498998922
0.10296965706767716242
0.00011047039798761586
0.00001507199166616995
0.00217870699953376724
0.00785027406526316968
0.00203220152700656768
0.00034101587693401712
0.00294820614491887764
2.00000000000000000000
0.00035690012809646540
0.00004195336892521462
0.00519879216607432986
0.00327188269527980580
0.00034156520014606444
0.00005036943031905829
0.00001686290206986453
0.06320607269567028084
0.00005911205894207561
0.00072950417325246954
0.00357631389564683126
0.00000092911975654312
0.00008089027117463849
0.01012606555289337868
0.08344166779980861840
0.00003003701655226010
0.00012415207863765518
0.00255674101424977364
0.02718144479453379624
0.00000150615554046972
0.00000150834334589309
0.00017870857283912702
0.00519635915280363462
0.00000802422617607214
0.00001443930292424520
0.00208670363939277642
0.06859328621776558480
0.00003382553611467453
0.00008415992303816705
0.00247259888000444406
0.01438401364943436268
0.00000411440835309334
0.00014832512959426998
0.00135857586869281600
0.01286775047844324482
0.00000919655293097487
0.00005179086709208130
0.00110203923250350986
0.00662406064356736808
0.00000219777910879010
0.00027495833176920280
0.00058106036231787226
0.03981601129866905868
0.00000540074107571768
0.00029187457246944576
0.00001514282721564643
0.03540181690766602440
0.00000020464796418035
0.00001858077675997272
0.00276855726340328320
0.02219687473298672424
0.00000421941417699189
0.00027178664102960320
0.00047670810460065240
2.00000000000000000000
0.00000367525985063701
0.00002196117662716966
0.00016020645196034000
0.03409798558735190408
0.00000154501685422351
0.00000502980372985972
0.01655076763990492060
0.00100647825498260288
0.00012593014435223164
0.00000009569873997386
0.01380246668215516004
0.00155883495190363508
0.00018661475593858264
0.00000326058021012859
0.01849764711926232420
0.00072145665220347706
0.00001902518791604155
0.00000194053712574950
0.00770107647817235142
0.00006637904662091895
0.00002032748668578419
0.00000007177169725468
0.00863609932756098188
0.00019955588817097124
0.00011335471930423710
0.00001593758007146366
0.09354832749519188208
0.00200919082894019520
0.00014839741137545498
0.00000290710148900080
0.03434491864145995626
0.00297347862446059520
0.00017912871180037104
0.00001652357731111839
0.15865308624692336040
0.00005839210964026064
0.00012815322522753656
0.00000243337432187038
0.03468748461051219648
0.00130977781188172000
0.00000771863252637609
0.00000354692607351716
0.02470235664813252044
0.00025679837990785304
0.00000209204837600977
0.00000065993436927271
0.00148495555080120288
0.00040563153584153976
0.00000015687675193029
0.00000483933542840633
0.02290911446319771206
0.00025029475967135596
0.00006533763826871118
0.00000428527610904266
2.00000000000000000000
0.01204575489042934824
0.00000458892340496805
0.00000402726792760165
0.02618664219591519262
0.00048586840063938698
0.00000866006204457837
0.03078955600042422402
0.00160083228404507040
0.00000206364821895946
0.00018962985554760952
0.01267030719659078400
0.00158760081647596042
0.00005157950581231762
0.00213999980252692362
0.10526159732609688022
0.00068938080306850152
0.00000152682303903844
0.00023079242427726500
0.01579034609802767260
0.00123554044196300480
0.00010796466230917400
0.00447494672278420726
0.29025545172034724440
0.00473142619559254180
0.00040423445638825146
0.00332319248155297380
0.07739423733734988800
0.00380449545049969448
0.00005206062738791978
0.00126781975270230602
0.02378609211293165804
0.00040795738547566008
0.00004063165220324951
0.00812819308381778560
0.00288161114624307604
0.00175068154330817760
0.00001583033584488477
0.00205993129756909204
0.00421494503344675468
0.00056724658721254200
0.00001026393513254169
0.00069984138182647184
0.01256067698980672808
0.00008389189890153461
0.00000250834785415782
0.00091323581857831440
0.02357588078285961866
0.00214717250249636362
0.00014451367884606556
0.00009722751514799136
0.02484200138273805800
0.00530714987721510668
0.00001678451010561792
0.00789580342394053860
2.00000000000000000000
0.00054467214537352360
0.00001835890667581301
0.00382573567454862562
0.00278219115518925046
0.01201045487401222400
0.00002045450605128173
0.00024916718376803420
0.00000704260950295781
0.00000008390266245247
0.00000115795999828087
0.00390833673976741860
0.00013213209246516678
0.00001081021156673178
0.00020631656613873644
0.00094811920314364768
0.00000114399459422127
0.00000092407182853513
0.00000967466751144052
0.00058454935166955512
0.00000731474561075986
0.00000257027089674898
0.00024869147208191024
0.00280190080614607840
0.00001069739377304742
0.00000300959634014017
0.01055162301115989860
0.08407378649822681608
0.00078188061969709984
0.00102789832985933840
0.01653097595012348060
0.00680010632232564984
0.00008757227295051690
0.00000565938220758882
0.00002167956134265896
0.00009270744789065898
0.00000174630586881431
0.00000008211952944626
0.00012569473346179220
0.00027685037765546624
0.00001440673390554320
0.00000009727882674484
0.00002082691854650323
0.00078361273460256784
0.00000595044001088371
0.00000056852754319481
0.00003924711863781484
0.00088989069747595226
0.00004505632413752316
0.00000616160923169463
0.00002916469355845355
0.00340378123620556328
0.00012477801880420064
0.00000306533633279929
0.00055506032328922498
2.00000000000000000000
0.02853602676290128002
0.00102443485099024842
0.00000788907047165395
0.00381550391334101860
0.00000289820007350825
0.00000440914259754405
0.00064534870312952818
0.00000002102246198275
0.00000139292189168357
0.00089742553418004752
0.00598097064854493204
0.00000211538792215627
0.00001821101696101966
0.00013477192961590492
0.00038457110172570746
0.00000004669749187275
0.00000547453629613641
0.00042949571068397800
0.00181173139931445046
0.00000016198352850480
0.00003658408634000074
0.00062844743318395992
0.00584860972851492008
0.00000054909115611372
0.00128002033332959760
0.00039360973583002784
0.44885891807945120022
0.00004853963903509266
0.00038228696676366576
0.00063746551439726186
0.00506825375928636260
0.00000200538422131847
0.00000504936023215517
0.00008463921664819719
0.00042046038483769952
0.00000008276188682768
0.00003148927201732282
0.00006014839217804922
0.00033068766020810752
0.00000010487095415617
0.00000287732037334503
0.00010037643438331092
0.00013724649207869200
0.00000026701372454335
0.00000263322482871696
0.00021113228855947984
0.00195709491237716448
0.00000009860074862977
0.00003329692036570789
0.00030957318578532104
0.02313729643629924040
0.00000234370880752709
0.00001629962591069000
0.02486104091065761848
2.00000000000000000000
0.00009059431231516404
0.00000131439759719939
0.00129770121516296842
0.00005747328451988592
0.00000441825694423877
0.00000004233774016929
0.00042942611200706672
0.00004232702750487793
0.00002884509429712797
0.00000087192316837243
0.00972130093478327208
0.00056012153508589858
0.00001000712161396712
0.00000000336685921505
0.00295694735134749248
0.00023926369188653900
0.00000078990889110511
0.00000009820171248748
0.01186445192686482402
0.00146454395629643808
0.00004053705321576118
0.00000015402065006694
0.01357765906802537602
0.00829885331116494080
0.00042397918419346640
0.00001667550457682881
0.42245036780097578028
0.00405686515616612984
0.00006045744476420311
0.00000030425345467400
0.00694817127416360184
0.00006883742275263266
0.00000661145672039987
0.00000008992809411611
0.00014814019069011748
0.00031579073559379500
0.00000214067966561912
0.00000013835139785448
0.00076556136883515354
0.00005343792684794891
0.00002692777523980722
0.00000000779823542227
0.00075768054890806992
0.00015850808736864930
0.00001070444168917118
0.00000070164843621688
0.01681497468385949640
0.00002677565621425009
0.00004030853060833296
0.00000092567240563289
0.01345591239664342408
0.00299906578267291008
0.00078804380159865440
0.00007999100272262900
2.00000000000000000000
0.00001024922159026753
0.00003337704740168101
0.00047546839036403760
0.00017659328437657548
0.00000210946070490848
0.00027571517847641352
0.02097578658711212062
0.00066955792474899912
0.00000138781949148423
0.00001469241853466757
0.00700130525921461860
0.00001699248827744500
0.00000020198171600375
0.00000188028520614269
0.00001684088846321014
0.00000018608073792588
0.00000078337724413790
0.00001685559660489194
0.00157501172524824724
0.00006845177615605556
0.00001327030829025654
0.00006904527924886168
0.00109424290804606106
0.00000981326322213378
0.00000001496802985651
0.00003192977741228659
0.00045577473046657240
0.00005202205093563136
0.00000996068862045446
0.00038869390027869624
0.00108936138245347520
0.00001889386565616128
0.00001013584616059666
0.00007018206957493090
0.01491583327441709026
0.00008979062683546326
0.00000158599123605717
0.00000031502871581840
0.00000364885237252020
0.00000533966829610129
0.00000123374353823067
0.00000004624331501960
0.00011782920545414184
0.00004596918429922261
0.00000000320080576723
0.00002674691780109257
0.00359423638444106560
0.00002360497826976494
0.00000527128495579514
0.00043671021533987560
0.00381504228555152724
0.00001061532286040322
0.00000203005742879113
0.00001792801644939839
2.00000000000000000000
0.00002289752852156005
0.00578853754169326180
0.00346604169798202206
0.00035113970669630818
0.00002384352801456266
0.00012341224522000144
0.34080029786721538686
0.00393989527093588406
0.00189178724959006804
0.01926219682033743686
0.00035740227939651300
0.00043180705988094906
0.00001761072265935507
0.00005964555005569301
0.00644646702837294808
0.00020562654676559212
0.00010982489106949998
0.00074784095843677264
0.01601643230604080008
0.00268210308695828320
0.00024567771270586296
0.00071239969839165680
0.01082687701728316486
0.00056685882952067640
0.00012477964661045770
0.00172745542039618720
0.00908226696402136802
0.00139487952916738304
0.00052886782629199744
0.00302385619060267924
0.03151055337188125646
0.00085569441476182256
0.00018028733646991452
0.00537077542014118180
0.04455427610643451280
0.00081459244958758896
0.00011841113574963330
0.00006911144294997989
0.00013626211972936800
0.00056115411615537706
0.00000460175381700582
0.00003528883998243749
0.02089138212995755620
0.00019431977626822220
0.00025442407333819444
0.01981704137430621640
0.08688260390699262426
0.01703281117945932484
0.00000764360849778856
0.01617240397732331204
0.00504152598974411048
0.00196815371260449440
0.00005733132906385326
0.00002248491984319758
2.00000000000000000000
