13
23
10.0
8.0
0.00010000000000000000
10.00000000000000000406
10.00000000000000000406
10.00000000000000000406
10.00000000000000000406
10.00000000000000000406
10.00000000000000000406
10.00000000000000000406
10.00000000000000000406
10.00000000000000000406
10.00000000000000000406
10.00000000000000000406
10.00000000000000000406
10.00000000000000000406
10.00000000000000000406
10.00000000000000000406
10.00000000000000000406
10.00000000000000000406
10.00000000000000000406
10.00000000000000000406
10.00000000000000000406
10.00000000000000000406
10.00000000000000000406
10.00000000000000000406
0.50000000000000000000
0.50000000000000000000
0.50000000000000000000
0.50000000000000000000
0.50000000000000000000
0.50000000000000000000
0.50000000000000000000
0.50000000000000000000
0.50000000000000000000
0.50000000000000000000
0.50000000000000000000
0.50000000000000000000
0.50000000000000000000
0.50000000000000000000
0.50000000000000000000
0.50000000000000000000
0.50000000000000000000
0.50000000000000000000
0.50000000000000000000
0.50000000000000000000
0.50000000000000000000
0.50000000000000000000
0.50000000000000000000
0.50000000000000000000
0.50000000000000000000
0.50000000000000000000
0.10000000000000000000
0.00000130916851487157
0.00000411175778040109
0.00610123884811480004
0.00000005588478052481
0.00000009567882246744
0.00000248678559886960
0.00000003448711708889
0.00000000497845297615
0.00000414769217574314
0.00000000130546913911
0.00000000891920544317
0.00002394110522709530
0.00000136408265764602
0.00000025800499715043
0.00002348431930109478
0.00000005428448660537
0.00000002948435862852
0.00143676393182371968
0.00000902215429673871
0.00000010204337948092
0.00428019260751198080
0.00000002110498397017
0.00000001367939192068
0.00001722920363117853
0.00000000706706943942
0.00000000334565986687
0.00007143928543857025
0.00000049106014631320
0.00000008645443182633
0.00025124650611078258
0.00000022309624691143
0.00000002643382256648
0.00001062724279068895
0.00000000980162416433
0.00000000618870510933
0.00000173414743545635
0.10000000000000000000
0.00000000646127327073
0.00000122852091262558
0.00016262228334196498
0.00000000019119565249
0.00000001354109065311
0.00001748119304455169
0.00000000003642969467
0.00000001279970057345
0.00000044125625515654
0.00000000000620511008
0.00000002005211607792
0.00011943162715936328
0.00000000171734652496
0.00000000557713871594
0.00006060919301356756
0.00000000008689296049
0.00001238575802243245
0.00504039142951611604
0.00000001223313200756
0.00000480738358016414
0.00001194638658712139
0.00000000001163976023
0.00000000222289167478
0.00000547256487348363
0.00000000007225146127
0.00000051622298875452
0.00015632518691557100
0.00000000009701759738
0.00000028548383390631
0.00012642862397163902
0.00000000005356686814
0.00000002494729757654
0.00000501073605956670
0.00000000002408522281
0.00000429612434237447
0.00000000509655790885
0.10000000000000000000
0.00000378848323341988
0.00000000000222074856
0.00014786559613689330
0.00000000039612289812
0.00000000000540448231
0.00000753731170919288
0.00000000051728371630
0.00000000000076344482
0.00000371370330110889
0.00000002550205757249
0.00000000296291620192
0.00061426241750585800
0.00000000624951015737
0.00000000000187160438
0.00001207266929494504
0.00000789252739618662
0.00000001311610841687
0.04432235161244918402
0.00000211204275859652
0.00000000002761946837
0.00001645633403925123
0.00000000524994337600
0.00000000000364926572
0.00000324170243250514
0.00000000930189681918
0.00000000003280556033
0.00001959723959269377
0.00000000158465730222
0.00000000003363778969
0.00002084324475482665
0.00000000088633279974
0.00000000000214357275
0.00000278748552513658
0.00633386042862695522
0.00000096281434029722
0.00000376414645078727
0.10000000000000000000
0.00000000522503511197
0.00000001094650182650
0.00000098733579383024
0.00000000603003004934
0.00000000623768499475
0.00000135073342413407
0.00000000096143057604
0.00000000039829399691
0.00000297422263160333
0.00000028723591201176
0.00000000389754933945
0.00000367100393948536
0.00000000457059306920
0.00000001308344045982
0.00309942863987107244
0.00000140245437383458
0.00000183730256519729
0.00105834074659915440
0.00000000251823548598
0.00000000034102825762
0.00000061385566598441
0.00000000079963525382
0.00000000061518808272
0.00002504846043953103
0.00000002573434660174
0.00000000078778295380
0.00001957653262303912
0.00000000616681343252
0.00000000191156166904
0.00000478974147413584
0.00000000226479170959
0.00000000250551581835
0.00000004578270067669
0.00010057671499871696
0.00000000000174123716
0.00000000412331590245
0.10000000000000000000
0.00000000100296930756
0.00000104377932491420
0.00220361642977368986
0.00000000205027402128
0.00000114358041740156
0.00028710592029370900
0.00000000006171168971
0.00000001911823579191
0.00006312583831862688
0.00000000095796683123
0.00000040693490158111
0.00079585704794100352
0.00000000099114160313
0.00000014897758135570
0.00013361196599671700
0.00000000002450308354
0.00000004190403954538
0.00009328354342978260
0.00000000001425003288
0.00000007484522522925
0.00009727476261167612
0.00000000100230289878
0.00000100721865417592
0.00254039960819700800
0.00000000189052906095
0.00000204626115375764
0.00297170344846154762
0.00000000412999679372
0.00000096245509717947
0.00228329905708176608
0.00000000076698622469
0.00000004753855264037
0.00000000007171626779
0.00007031499530271290
0.00000000523907993696
0.00000000060828893759
0.10000000000000000000
0.00000295020159936001
0.00000000511271469169
0.00414071579377377600
0.00000005006710150248
0.00000000131236531980
0.00004532674085619336
0.00000015338962165179
0.00000000030393799169
0.00039300290262086872
0.00000019329514746288
0.00000000086005363998
0.00102012695190860986
0.00000001721816431802
0.00000000011098476411
0.00018870006228043500
0.00000001981334113459
0.00000000012041797059
0.00010255188187758124
0.00000003281431207628
0.00000000002246510823
0.00080266230372555280
0.00000736487377061395
0.00000000076482927271
0.00324277528766208000
0.00000322891436392685
0.00000000113844750365
0.00144111951483430762
0.00000082727489034923
0.00000000000721373372
0.00038660418273056248
0.00000075922767124011
0.00000000312102224606
0.00000000011574821774
0.00000029036756594609
0.00000038898648883785
0.00000181282234367122
0.10000000000000000000
0.00000094408982275751
0.00000017776542775005
0.00298650470835213608
0.00000043426448802825
0.00000001064204572943
0.00004069999012662974
0.00000000064435190767
0.00000002818411037755
0.00008705459033925510
0.00000004745612509988
0.00000013342083917010
0.00000392948699786458
0.00000000160211694547
0.00000000066175847022
0.00000044391039986853
0.00000000552873932443
0.00000000606694550920
0.00000991323058003448
0.00000000972601045353
0.00000001816815773241
0.00002485252263666153
0.00000024583194480362
0.00000070294078059801
0.00025817924791235780
0.00000019967116611638
0.00000722322873530737
0.00015471402294438804
0.00000043382016504708
0.00000109621892337288
0.00000002261644528450
0.00000865462106673063
0.00000000000339212802
0.00000000380922362103
0.00176398788610461408
0.00000000674821451273
0.00000202790257212323
0.10000000000000000000
0.00000000182081279509
0.00000364718624199196
0.00261465775483477568
0.00000000004841649259
0.00000047292476482464
0.00000603337721998458
0.00000000007234874808
0.00000016971005429121
0.00018366842829221876
0.00000000070728739138
0.00000005353888182809
0.00001363881126079068
0.00000000000564342594
0.00000000165424159210
0.00025627563603718304
0.00000000026188935303
0.00000008155810112147
0.00007655682105205244
0.00000000028200545703
0.00000016186840593837
0.00007034552055908472
0.00000000038538323997
0.00000024810819474111
0.00798551640428267204
0.00000000603716553825
0.00000650657638166250
0.00111202927810656960
0.00000000770720051068
0.00000000513853470135
0.00000000002838637592
0.00000744581155851776
0.00000000620180149014
0.00000000258314589235
0.00860181650572206080
0.00000060097790026252
0.00000000286577920047
0.10000000000000000000
0.00000096793940902049
0.00000000129879408508
0.00003299600248241389
0.00000012467003446226
0.00000000005859420578
0.00043164238673441752
0.00000011135331274049
0.00000000087137589529
0.00073388410078085552
0.00000003408794046392
0.00000000006131907047
0.00000750222608378210
0.00000006357874424363
0.00000000008931747364
0.00001192928964060863
0.00000001759444087027
0.00000000007424514998
0.00046220613183726704
0.00000012346515366359
0.00000000020097115053
0.00418015968040529380
0.00000115242523715621
0.00000000309299215423
0.00727211723946702248
0.00000414184257526028
0.00000000048388918682
0.00167948311080794048
0.00000332228513991295
0.00000000773997807725
0.00000000039656088388
0.00000104219640479657
0.00000111812211709921
0.00000008071471224335
0.00783537714475447466
0.00000445472472619728
0.00000075116211160869
0.10000000000000000000
0.00000753325559713540
0.00000002246844524460
0.00002410362901602840
0.00000001929132167142
0.00000006609388224923
0.00007569617840755060
0.00000004137982528301
0.00000018923735027397
0.00000016725701668233
0.00000002615655483125
0.00000000060444582709
0.00002486107629305661
0.00000000165167232021
0.00000003907274243741
0.00002782762371976773
0.00000000608501703373
0.00000123746293065253
0.00001334981634250205
0.00000060887191187367
0.00000070436195813364
0.00069009460676101024
0.00000043909169639696
0.00000705787657610144
0.00124146440548315280
0.00000231907617077741
0.00000101608311827960
0.00000000070950862867
0.00000018104706169320
0.00000000000039711785
0.00000000050333663254
0.00019046946492923524
0.00000000143554127458
0.00000077305733210523
0.00216689799218079444
0.00000000068389037181
0.00000511144142670961
0.10000000000000000000
0.00000000001343926473
0.00000001216118438666
0.00000231123183972972
0.00000000006343928815
0.00000005003942535732
0.00033269791456448260
0.00000000015207871382
0.00000000032243903473
0.00000814513363929534
0.00000000000111505640
0.00000000112969955107
0.00002952350396732227
0.00000000002772817874
0.00000001565391804822
0.00000121531006030545
0.00000000012872909218
0.00000005324616132965
0.00012830151316009258
0.00000000126382683109
0.00000011051194493927
0.00073868363585367104
0.00000000136861020038
0.00000276168523421920
0.00432609337475307462
0.00000000040251853788
0.00000001071987560842
0.00000000000563018419
0.00000427190378253660
0.00000000046112309802
0.00000000009053638679
0.00010964477434117068
0.00000004189430736126
0.00000000008873387523
0.00003842200477630075
0.00000003371368413833
0.00000000002971994598
0.10000000000000000000
0.00000604926175704880
0.00000000002238072192
0.00006840090606093768
0.00000039667804290572
0.00000000009376677641
0.00005570498242756676
0.00000000497274398420
0.00000000004700990948
0.00000254602134872288
0.00000003947673845184
0.00000000240883886482
0.00263316259195495926
0.00000900721469516033
0.00000000693629838392
0.00002601501220879996
0.00000008142680151794
0.00000000016321810412
0.00022767064983829192
0.00000016897641600772
0.00000000015541972964
0.00018825015499859528
0.00000011654243180544
0.00000000002394978734
0.00000440195401875658
0.00002092235022256475
0.00000001322927414241
0.00000002133006476833
0.00000250374032295446
0.00000002039417904009
0.00000026979389308677
0.00011650025913028996
0.00000063021810277749
0.00000010555613192085
0.00002629773351580489
0.00000001955469621533
0.00000439850480639434
0.10000000000000000000
0.00000006704024080086
0.00000041543243468922
0.00067688299627188592
0.00000013594993253066
0.00000005898388955103
0.00000766145403160452
0.00000014104761564623
0.00000001221197273684
0.00011816671311450230
0.00000039243573385399
0.00000329881001457211
0.00140877571671419722
0.00000065634290841006
0.00000027584790728199
0.00027189347045073098
0.00000022926469442693
0.00000043464458758211
0.00071271468044175192
0.00000002727470178563
0.00000037056274863126
0.00022332318380552304
0.00000001176767920903
0.00000007161399637172
0.00001674318787344378
0.00110669091884262746
0.00000003480707363223
0.00000339614119485824
0.00094579445504230106
0.00000000750848502772
0.00000002590519686113
0.00011292510094759828
0.00000000069679856967
0.00000029561676448008
0.00005219752402651340
0.00000000022856407781
0.00000094160066467666
2.00000000000000000000
0.00000000266153822232
0.00000051069870308277
0.00054892070206671498
0.00000000015501243793
0.00000043363851568022
0.02327571560188550084
0.00000005691271390613
0.00001945298080798565
0.00115797349405447226
0.00000000076589722999
0.00000029207840697958
0.00013580805853842090
0.00000000117183206482
0.00000786620136158210
0.00513851537738385380
0.00000001296337214480
0.00000914289103344913
0.00362960151823293068
0.00000000063825513048
0.00000081382514610836
0.00038947967970578666
0.00000000016228438218
0.00000385628483705297
0.00000001937797792580
0.00878710087313526242
0.00000005611541078930
0.00000001747767266702
0.01182242620285484262
0.00000137978568059749
0.00000000164893886001
0.00625057812894895202
0.00000123330889342325
0.00000000174464960518
0.00085062719504238954
0.00000710518051098705
0.00000000324097910913
2.00000000000000000000
0.00004810632780830914
0.00000001127265079166
0.00132747985737394048
0.00001653846863579962
0.00000004044063921223
0.00281190618075801206
0.00001086386301511740
0.00000000925093966807
0.00506005861916325860
0.00000101702734912753
0.00000000125813762074
0.00867229536331254400
0.00005127268707178022
0.00000004184689925184
0.00651036112374802246
0.00000979273742385565
0.00000000065948340174
0.00570363676230239842
0.00000777930867832379
0.00000000068366071720
0.00056461216854903024
0.00026307546495529938
0.00000004716538140057
0.00000006700373750904
0.00003961291101370722
0.00000556441421780583
0.00000435805983079569
0.00319418717533537380
0.00000289896176779284
0.00000120853888209782
0.00105863424386695024
0.00000103139165207899
0.00000369723413070701
0.00867660251710873600
0.00000046608986791370
0.00003605484138442975
2.00000000000000000000
0.00010405969515976968
0.00001928437129144687
0.00023370617496940080
0.00000153201296520431
0.00000003709908567178
0.00032491253050512032
0.00000967496616386574
0.00000228778819973127
0.00328104652386840802
0.00000244749512851336
0.00000132208654940331
0.00240556059967711008
0.00002536056524789834
0.00003311435268060922
0.02422453739394965664
0.00002781859741715701
0.00000441424057684002
0.00129822967556285322
0.00000831654515856696
0.00000111388179783729
0.00000062124415143400
0.00052364217014877512
0.00000000002049987965
0.00000005038585967288
0.01111767020498359848
0.00000001980988631819
0.00000177887391991811
0.00320518892402346408
0.00000000966155956993
0.00000059121418386329
0.00700560400781832262
0.00000000089283660148
0.00000178032505025334
0.00051179816633052432
0.00000000863120923409
0.00010630819823690336
2.00000000000000000000
0.00000014151433119842
0.00000277271668652402
0.00467996655404752582
0.00000000005748007582
0.00000056717765734655
0.00153436562626824960
0.00000000037297302239
0.00000102311045330365
0.00055527607628418586
0.00000001044640740454
0.00001269991139910404
0.00660093668715244260
0.00000002172983908138
0.00000133913073459139
0.03738836121764905602
0.00000000346302605603
0.00000363574158900452
0.00358512105701814006
0.00000000103942950882
0.00000067622156704247
0.00000000150449746744
0.00026500332144812380
0.00000028904724400945
0.00000002774758438034
0.04708921182365826684
0.00001002275965373435
0.00000002473579051322
0.01630721989289932068
0.00000541843421368400
0.00000000641763025223
0.00106298661485875242
0.00000154797687442757
0.00000000028964525383
0.00203696837156530166
0.00003948211846585559
0.00000028360323317439
2.00000000000000000000
0.00000246316133767003
0.00000000150928384387
0.00036529192997432186
0.00000002313457592879
0.00000000110883677264
0.00004369310223445913
0.00000239280716638931
0.00000000165738546930
0.01896970137088763206
0.00002053121868977249
0.00000000255571903871
0.03062878260046842048
0.00000305342119759453
0.00000002732838972347
0.00871021209982264420
0.00000164186552542821
0.00000000892806866349
0.00782690486256845126
0.03818955776678264020
0.00024853716344488818
0.00020078256154942140
0.07935794109868764860
0.00000483361742421414
0.00000092111939541591
0.00034210654564689056
0.00000217000659735324
0.00000087783944288299
0.00000555025800824431
0.00000001576942118265
0.00000010997443375233
0.00023302587122841344
0.00000093905190605557
0.00002941125246548652
0.00055453253230779880
0.00000643988526609642
0.00000285466229392689
2.00000000000000000000
0.00008881068429869782
0.00002530151606512469
0.02997580856323624086
0.00000007955902625633
0.00000016120683506899
0.00005760196310327172
0.00000009643005393660
0.00000053346967576581
0.01632691501988505600
0.00000452190903563257
0.00000033688042050433
0.00255844162215284320
0.00000484159304300281
0.00000136753226731165
0.00111994784769621962
0.00000047512604861543
0.00000077277458690537
0.00010725330066566252
0.04523496042361410686
0.00000014922998462808
0.00001605974684506035
0.00193882188122560042
0.00000000265542259393
0.00000006238223717134
0.00024723473186302058
0.00000000070623802117
0.00000038819556631451
0.00017815891478225890
0.00000000046497141291
0.00000191866826816595
0.02254270331345523200
0.00000003216454709608
0.00000162577517124817
0.00486134661135255848
0.00000000078230121820
0.00003971974212613330
2.00000000000000000000
0.00000002157358336884
0.00003674981399880072
0.00102223171652686384
0.00000000053263122685
0.00000031607900542170
0.00065487260558176312
0.00000000015018288646
0.00000037435752649764
0.00884350880038296588
0.00000000066776126798
0.00000175864618263871
0.00384242220980964726
0.00000000175250597880
0.00000003263287846433
0.00005809732889671948
0.00000000056580601832
0.00000124671085272104
0.00000011283091322590
0.51826798486252512082
0.00002162275990392165
0.00000000036542124229
0.00464005167380347840
0.00000002648175303658
0.00000000010513717002
0.00008880269995110439
0.00000000921951137150
0.00000000002506609439
0.00002588089968468086
0.00000017072631279321
0.00000005664906414198
0.00229848009004973380
0.00000004046147802300
0.00000000006136371735
0.00019459140419848984
0.00001162969270766688
0.00000002217189320652
2.00000000000000000000
0.00000215452840135536
0.00000000025122099044
0.00020091656166339564
0.00000013717692621875
0.00000000001112908328
0.00006144885529814045
0.00000072913551132407
0.00000000059550492859
0.00027307171791851900
0.00000048682555739724
0.00000000175768458092
0.00043506978521007226
0.00000008153517360059
0.00000000005239938666
0.00002079375630257463
0.03791466565301894404
0.00003214861204754390
0.00001790594740572266
0.00903064920933914240
0.00000045309779727474
0.00000035324132221085
0.00001287969423996490
0.00000002234474481780
0.00000054564600450231
0.00027493716998371072
0.00000001841262899105
0.00000029095217215147
0.00119776826276884800
0.00001403888489886455
0.00000643853723646041
0.00025692597214695032
0.00000043901206333517
0.00000000893527921641
0.00998977282690457284
0.00002738411104106338
0.00000156212302763772
2.00000000000000000000
0.00000097404777579743
0.00000054225465119772
0.00063426533222491392
0.00000026145854691545
0.00000012580059668769
0.00004913525291293097
0.00000110754905301075
0.00000047998100082247
0.00082766566827059882
0.00000020489304180599
0.00000026815564162970
0.00004385827406687725
0.00000009280869995707
0.00000007311131118326
0.00000025156944903816
0.00010750260064238858
0.00000000031509308132
0.00000002891470389795
0.00135728187190430048
0.00000000288891020121
0.00000021585658463391
0.00465814214840043200
0.00000000103148856582
0.00000002457912263126
0.00064751480124301680
0.00000002389004914482
0.00000535272763792418
0.00112453772051324448
0.00000000737764465427
0.00001029484842598289
0.00159814122403262762
0.00000000057629275442
0.00000003567821504155
0.00102499514291267226
0.00000000024510258330
0.00000131071784729895
2.00000000000000000000
0.00000036947694633067
0.00003287232145206362
0.54065435746424784808
0.00000001429653196177
0.00000146875674971004
0.02239280445552730026
0.00000000304035051206
0.00000693921145050619
0.00059364615074752064
0.00000000942266097000
0.00000522723086276846
0.00137687238747049840
0.00000000021853806688
0.00000028372019398653
0.00000000018225398125
0.00032666847885716100
0.00000000681339173776
0.00000000036077087044
0.00428091846866493786
0.00000041215432865951
0.00000000828273647110
0.00023971386517280316
0.00000101173544190932
0.00000000105816581922
0.04543991955993488002
0.00007829147729598178
0.00000000129418538639
0.00702163122405582002
0.00000423581419268014
0.00000000067594957169
0.00003951290896052811
0.00000012579045704096
0.00000000092928657682
0.00034108159572097204
0.00000126964651099026
0.00000064289186340063
2.00000000000000000000
0.00020366748735581372
0.00000009783557394576
0.00111640965978107226
0.00000906099234596391
0.00000000610138386642
0.00352445382994738206
0.00000604021711149815
0.00000000188053567583
0.00132539318046316880
0.00000510992718629822
0.00000000098665681958
0.00056361807117374520
0.00032282441956893160
0.00000003144336436643
0.00000009414699755078
0.00001107941886385854
0.00000171181732119758
0.00000123746904990519
0.00060839088427202944
0.00000233024092874248
0.00000031939768246022
0.00065094892019242426
0.00000053967606715943
0.00014041972273430848
0.03020485532359963284
0.00000044586477548427
0.00000127494902045286
0.00548796323631139042
0.00000167508603709259
0.00000195484146680914
0.00004060497498695255
0.00000049819160948265
0.00000021037849078208
0.00134161600699372704
0.00005167240530934402
0.00018399220528914036
2.00000000000000000000
0.00005720178446205070
0.00003261302467105503
0.01430159752224169602
0.00000426954625869569
0.00000454422204493204
0.00711318267765989208
0.00000494356945807586
0.00001674844024404013
0.01147734793691644486
0.00000201805602342082
0.00000169595331014999
0.00000014079472356823
0.00008230902808152420
0.00000000006958300638
0.00000001534576316528
0.00236558927453332580
0.00000000090079383008
0.00000063467014322776
0.00232575229233527444
0.00000000143307930816
0.00000015134860866310
0.00004454952133046603
0.00000011497706271843
0.00001496275434910452
0.00022043223227530536
0.00000000167700432456
0.00000435277768893772
0.00096665033343359168
0.00000000143970401248
0.00000007227701668534
0.00109749721855670640
0.00000000001814786360
0.00000058803875049244
0.90363669074055082606
0.00000009397673714089
0.00006082126143145889
2.00000000000000000000
0.00000000100462234817
0.00000335103562433192
0.01228455801050903682
0.00000000506885079140
0.00000328568319152995
0.00053765084795983218
0.00000000422956175707
0.00000180950064211120
0.00012599166046095916
0.00000000190235229694
0.00000005523245784191
0.00000000090046897097
0.00005121962684378700
0.00000000978295451966
0.00000002019778343763
0.02666952722210019208
0.00000098240324899245
0.00000000709908932353
0.00739270542506284260
0.00002550435793849161
0.00000000391019321444
0.00035733292849483040
0.00000521093918198088
0.00000000157608812729
0.00957867982013673600
0.00000194836401459331
0.00000001506929600343
0.01365449819268500264
0.00000033133179125970
0.00000000020856076632
0.00008303199506282472
0.00000023445060946101
0.00000001980023799902
0.00088861310317765280
0.00002873442341908367
0.00000000083246962707
2.00000000000000000000
0.00008652133979043052
0.00000001623245332959
0.00088105289299313152
0.00002666728575552493
0.00000000259705480869
0.01474025932177436060
0.00004330657925375476
0.00000000305514760425
0.00436512833759981922
0.00089598560283475754
0.00000488777048257379
0.00000011165704430796
0.00030261782454779296
0.00001541983873647799
0.00018590843875695938
0.00102094118283199168
0.00000309569784265313
0.00000150024934632174
0.00020903010276725004
0.00000122874329561806
0.00000084970412527771
0.00390208239297724726
0.00000803769506468225
0.00004302382521261328
0.00269325739604900800
0.00001391803877506320
0.00001122745506241210
0.00770386829233368162
0.00000039495724267584
0.00000074849908325181
0.00006956859094684272
0.00000154540008843082
0.00000547918844351833
0.00957298341043560262
0.00000210957977554470
0.00006573165728613495
2.00000000000000000000
0.00009639209080747460
0.00005428868515324706
0.02994767630421302402
0.00004398158446350712
0.00001200242406880827
0.00261881610689043968
0.00000447965277325879
0.00000424256649705863
0.00000641292235458458
0.00154120277931809642
0.00000000041003358771
0.00000032373076716417
0.04049631181603701886
0.00000002010275876180
0.00001051540308616192
0.00140084565013677104
0.00000000254278784768
0.00000992697313141034
0.00308291818400335562
0.00000000177347897146
0.00000342603820391982
0.00546715630404879780
0.00000003656314873223
0.00002956499785166988
0.00753251979545639948
0.00000000145524819150
0.00000222169226085238
0.00971506004111200640
0.00000000063654006784
0.00000163282764574243
0.02453335303831824424
0.00000000384172422750
0.00000297578699309730
0.00805255699568618980
0.00000001284082338622
0.00010036880743422672
2.00000000000000000000
0.00000001229931077770
0.00001594091878593220
0.02607662180672634448
0.00000001628439447474
0.00000766400463045466
0.00497446099330340260
0.00000000053024638922
0.00000094786290351715
0.00000000080300512117
0.00020563822578115848
0.00000000831982866294
0.00000002530077155284
0.07155582397783256024
0.00002524313677291278
0.00000000644293328849
0.04440238040958545846
0.00000964103748693505
0.00000002549498525138
0.00207683375772852448
0.00000545288413244867
0.00000001157920629599
0.00477553857744698660
0.00003240948764822505
0.00000002081748198527
0.01464167181538114460
0.00000013895520648230
0.00000000061585585502
0.00024504964702492832
0.00000059407105764319
0.00000000279646281323
0.00186305911673279242
0.00000265898957706835
0.00000000278946394379
0.00058512366630749584
0.00004745736923050218
0.00000001032565827845
2.00000000000000000000
0.00012971546544431456
0.00000002193279432963
0.01360092020591369060
0.00004481870565825590
0.00000000658075717368
0.00874393347428485860
0.00359060421693652244
0.00000308005562719635
0.00000002167472230457
0.00026949630539913344
0.00003569609487047225
0.00009287394623183936
0.01208523646166089060
0.00000540681063860695
0.00001595641714904038
0.01231248608192707202
0.00000290593339577733
0.00000200923170049748
0.01165512506097252266
0.00001064519414492115
0.00000936333643185577
0.03090442215969135266
0.00000167226039743124
0.00000190264116596237
0.00137557351390611968
0.00000211419753962078
0.00000056945573147883
0.00133529901461269920
0.00000831964422757565
0.00000416194751530807
0.00542538163321028984
0.00000235692721276459
0.00002308520509080642
0.03412453220104064442
0.00001744454160830508
0.00016908341011521740
2.00000000000000000000
0.00021878180445325664
0.00012000097795578420
0.03254135202414155226
0.00001606175023804717
0.00001011062090888621
0.00000266925833084956
0.00114196629989917482
0.00000000038519130375
0.00000007107366156531
0.04340062190440967248
0.00000002741455611415
0.00000782492191212502
0.14569139242859510460
0.00000003585355934441
0.00000655878176506712
0.01626169266283659082
0.00000000154718025121
0.00000037341527669482
0.00353801628467381388
0.00000000052791162413
0.00002971195317840328
0.03908842701546997660
0.00000001425657004464
0.00000217935215648087
0.00386725678704859126
0.00000000172130717316
0.00000027674617974388
0.00059587220341214640
0.00000000108481695356
0.00000315673269276660
0.00032288781548487432
0.00000000188220479165
0.00004195708273960834
0.02389067267862328420
0.00000002393503368404
0.00018316480879963296
2.00000000000000000000
0.00000003017661943412
0.00000115455888991706
0.02736265066719184002
0.00000000784902521796
0.00000017337513768660
0.00000000026523610282
0.00013084069942430880
0.00000001207715665259
0.00000003306501354294
0.01902377559433016420
0.00015517599242861060
0.00000006037991233115
0.04621073071756580040
0.00005779237224090732
0.00000001651640596842
0.00102730313274094560
0.00000278113669611667
0.00000000034105443393
0.00250286670430961568
0.00000258452344995633
0.00000000198470529948
0.00249091120465036186
0.00000033744672581784
0.00000000096690975233
0.00023356344101977676
0.00000019854998968773
0.00000000518474667577
0.00041912939886179112
0.00000586273199555894
0.00000000139243585639
0.00585624705050423522
0.00000627670743749136
0.00000000817856613501
0.00813648588735977600
0.00005507368399122658
0.00000001654242185771
2.00000000000000000000
0.00007173396135366339
0.00000000101932996621
0.03116022398923980468
0.00014444272656236902
0.00000025598122714413
0.00000001152982130849
0.00006270998341422890
0.00001596789594991980
0.00002263053309757428
0.00688764999198787122
0.00013485285731763748
0.00005454108570258819
0.02106584872298898884
0.00006906502626002586
0.00000131793979816099
0.00347330253917887202
0.00000090117413237255
0.00000707416348859769
0.00157515841361528704
0.00000431798873405411
0.00000097300556991893
0.00057268217058693264
0.00000003731041180743
0.00000009070665850161
0.00006729498401188140
0.00000596037911751834
0.00000334862358098304
0.00832559820189518080
0.00000123448778164114
0.00003565466602050257
0.00283802455813134240
0.00000797644804675057
0.00005556177605274738
0.03094875354706750424
0.00000131157407069763
0.00014865278194604878
2.00000000000000000000
0.00000566388585186290
0.00000034971973354385
0.00000017474476644299
0.00006743994272948202
0.00000000003657590157
0.00000003889411877582
0.04968909319081849862
0.00000000025884281004
0.00002533274097202980
0.03023116606126330048
0.00000000835809233666
0.00005161676222096547
0.14190932981991210660
0.00000000035525828506
0.00000024006601344894
0.00056570950149002898
0.00000000081546583604
0.00001323569381049259
0.00558500258317364726
0.00000000694010946720
0.00000031868069868612
0.00008712882980885310
0.00000000007646301674
0.00000018678883054103
0.00205933476070263124
0.00000000084810338801
0.00000192016334714671
0.00011274593967152722
0.00000000329932992497
0.00000636775806791779
0.00679095525220586004
0.00000001070098442666
0.00002003694446924111
0.04077236986311945866
0.00000000277072915834
0.00000742925985085105
2.00000000000000000000
0.00000009008632741279
0.00000011098242730864
0.00000000032607284472
0.00004784292583335109
0.00000004328138170520
0.00000001678935978606
0.01395374702212805602
0.00006438994292649395
0.00000021075778860321
0.02917999320574498022
0.00002274852693801909
0.00000001328156477338
0.00006568048533787304
0.00000146955575478915
0.00000000023710116808
0.00067742883203632080
0.00000178316350454576
0.00000000162878174664
0.00611993982768615848
0.00000052137241468446
0.00000000085353547555
0.00003052154212512169
0.00000014801137208976
0.00000000032878247097
0.00048732184934761240
0.00000162318173432447
0.00000000171237293999
0.00474175230233023124
0.00000606623399810040
0.00000000072813323919
0.01430220534120095202
0.00001268716977671265
0.00000001176445497273
0.08519775525417345684
0.00000046142327108040
0.00000009061647840869
2.00000000000000000000
