26
38
10.0
8.0
0.00010000000000000000
10.00000000000000000406
10.00000000000000000406
10.00000000000000000406
10.00000000000000000406
10.00000000000000000406
10.00000000000000000406
10.00000000000000000406
10.00000000000000000406
10.00000000000000000406
10.00000000000000000406
10.00000000000000000406
10.00000000000000000406
10.00000000000000000406
10.00000000000000000406
10.00000000000000000406
10.00000000000000000406
10.00000000000000000406
10.00000000000000000406
10.00000000000000000406
10.00000000000000000406
10.00000000000000000406
10.00000000000000000406
10.00000000000000000406
10.00000000000000000406
10.00000000000000000406
10.00000000000000000406
10.00000000000000000406
10.00000000000000000406
10.00000000000000000406
10.00000000000000000406
10.00000000000000000406
10.00000000000000000406
10.00000000000000000406
10.00000000000000000406
10.00000000000000000406
10.00000000000000000406
10.00000000000000000406
10.00000000000000000406
0.50000000000000000000
0.50000000000000000000
0.50000000000000000000
0.50000000000000000000
0.50000000000000000000
0.50000000000000000000
0.50000000000000000000
0.50000000000000000000
0.50000000000000000000
0.50000000000000000000
0.50000000000000000000
0.50000000000000000000
0.50000000000000000000
0.50000000000000000000
0.50000000000000000000
0.50000000000000000000
0.50000000000000000000
0.50000000000000000000
0.50000000000000000000
0.50000000000000000000
0.50000000000000000000
0.50000000000000000000
0.50000000000000000000
0.50000000000000000000
0.50000000000000000000
0.50000000000000000000
0.50000000000000000000
0.50000000000000000000
0.50000000000000000000
0.50000000000000000000
0.50000000000000000000
0.50000000000000000000
0.50000000000000000000
0.50000000000000000000
0.50000000000000000000
0.50000000000000000000
0.50000000000000000000
0.50000000000000000000
0.50000000000000000000
0.50000000000000000000
0.50000000000000000000
0.50000000000000000000
0.50000000000000000000
0.50000000000000000000
0.50000000000000000000
0.50000000000000000000
0.50000000000000000000
0.50000000000000000000
0.50000000000000000000
0.50000000000000000000
0.50000000000000000000
0.50000000000000000000
0.10000000000000000000
0.00000870395436370588
0.00049341599992110280
0.00000463368842313522
0.00043770957018919992
0.00000945929771200667
0.00006561811055562395
0.00000572037743306007
0.00019399128800183328
0.00000273703439430961
0.00003442200448044857
0.00000013013204489579
0.00004014019367516269
0.00000089054390375943
0.00010326008280201110
0.00000058985481986740
0.00000144805601913384
0.00000000195887167605
0.00000057539385758602
0.00000001345637285551
0.00000188155679076445
0.00000000174412966703
0.00000022638772193724
0.00000000226387721937
0.00000290952766171781
0.00000000001367726727
0.00098036416326885386
0.00000980364163268853
0.00051801651700384464
0.00003046352272128586
0.00011953016587911270
0.00000163013638359367
0.00058672395097930426
0.00000127748636384503
0.00128996514361895402
0.00000322525401309124
0.00011878452234422148
0.00000525992765570561
0.00100927136232829520
0.00000118520764302360
0.00012710774840030938
0.00000027771912974420
0.00001090469596492799
0.00000000000000000000
0.00000000000000000000
0.00000055197372762921
0.00027785279825757740
0.00000006880415891411
0.00005475358561277704
0.00000001789674172518
0.00000000101409244877
0.00000001061478952919
0.00000087357115687234
0.00000005012483711675
0.00000201884465206421
0.00000001826327775876
0.00000000000000000000
0.00000001172007154735
0.00000050425853095142
0.00000000423603291830
0.00000146761558636059
0.00000002202178702933
0.00000386425203462642
0.00000006495368954650
0.00002542001584010342
0.10000000000000000000
0.00000637825207680679
0.00000222130832103467
0.00000261358580546878
0.00082022897705934922
0.00001588293710369304
0.00015159659848869422
0.00000183783792142161
0.00044006017078785786
0.00000040949087153108
0.00006699644270110011
0.00000136471970894351
0.00008950275606948376
0.00000276571853320656
0.00010398190432108056
0.00000011602697439605
0.00000647379600536607
0.00000000897116591614
0.00000561734668524634
0.00000005904290602404
0.00000074425065254153
0.00000001428788827471
0.00000142878882747182
0.00000017461074778843
0.00000000449944993085
0.00000445402175366015
0.00044540217536601560
0.00000849828766096831
0.00046106001675706880
0.00000070225060610353
0.00034004935315830776
0.00000038789788901017
0.00151397720484715126
0.00002623225992298872
0.00015092541551656612
0.00000767659922084051
0.00018927574540210232
0.00000878395501030980
0.00029159296434912740
0.00000037194436452936
0.00000017930342053068
0.00000060805021345910
0.00000000000000000000
0.00000000000000000000
0.00007835803318530398
0.00000449630211895464
0.00023620862334458256
0.00000392785393325387
0.00000353954310046439
0.00000000002825124981
0.00000137724039763203
0.00000000850657633940
0.00002890513983624005
0.00000013178981710602
0.00000705193939820927
0.00000000000000000000
0.00000359379116186166
0.00000000313408453868
0.00001108086463799155
0.00000003116442848996
0.00000662380339823036
0.00000008709392461357
0.00004317830698202735
0.00080913014064250480
0.00000358135703073207
0.10000000000000000000
0.00000419028190263049
0.00062783632924445920
0.00001104701953165152
0.00003668578328411071
0.00000050161616854406
0.00042280834149748400
0.00000202601751737139
0.00053995726405394418
0.00000036551550832537
0.00004011934195251754
0.00000041283938076514
0.00001518205739982104
0.00000165103824748078
0.00000146974452379232
0.00000004264678017549
0.00000066719350575533
0.00000000551941946194
0.00000067290042102326
0.00000001196456670721
0.00000069316332546230
0.00000000693163325462
0.00000809043301868931
0.00000000028802974278
0.00047164460582169160
0.00000471644605821691
0.00028085793606563032
0.00000370238940181924
0.00367287433413523042
0.00001989229227354780
0.00186047751557893802
0.00002072767010320575
0.00005072781470221200
0.00000047344617262691
0.00006609424338055022
0.00000030305571473191
0.00009710286853469464
0.00000071890497352475
0.00002996005148202453
0.00000005274630609897
0.00008636460643640000
0.00000000000000000000
0.00000000000000000000
0.00000439993047226397
0.00032867173202175900
0.00000071087569681058
0.00006808313543129999
0.00000011499176406872
0.00000000414926878940
0.00000001185125224720
0.00000028384351063483
0.00000001849808449950
0.00000099349017240276
0.00000002702893121669
0.00000000000000000000
0.00000000917352473929
0.00000323688680043884
0.00000005950204987836
0.00000837704278814618
0.00000010143714799343
0.00000052984283481586
0.00000010027426384944
0.00000969664418481283
0.00000159163786984971
0.00000534727749271274
0.10000000000000000000
0.00000193753718694844
0.00057149341362005712
0.00000244594405897860
0.00021259443977568628
0.00000504351695665760
0.00032938176508219844
0.00000471553628136212
0.00009793156982351260
0.00000181328633226529
0.00019969455456109436
0.00000239031790174392
0.00016360737810653448
0.00000000834191390862
0.00000130500450718924
0.00000000039243458892
0.00000061477717402669
0.00000000569684446787
0.00000052008270064304
0.00000000667946005077
0.00000066794600507770
0.00000001374634626991
0.00000001521561993565
0.00001352594146483172
0.00135259414648317226
0.00000438294080653734
0.00282640042541919780
0.00000756762203191286
0.00038471887652127146
0.00001653503423283671
0.00050098876580340320
0.00000155351049476955
0.00060284951845663680
0.00000416618777156669
0.00002563817710974344
0.00000223544506932446
0.00073880688645052746
0.00000002455707879020
0.00005329462043219379
0.00000012923633951418
0.00000000000000000000
0.00000000000000000000
0.00020057334994603618
0.00000794145269717903
0.00002523349217753828
0.00000072377708597692
0.00000802409595644233
0.00000000015414887655
0.00000108178387838315
0.00000000326170665122
0.00000259576179186642
0.00000002035658278740
0.00000246732292703938
0.00000000000000000000
0.00000762639659001678
0.00000002075274393926
0.00001447458532529434
0.00000008725562218835
0.00000332735669953477
0.00000002746375742232
0.00000149533081175294
0.00059357229624929192
0.00000121357083829257
0.00051919305185841952
0.00000125557597053126
0.10000000000000000000
0.00001091433433948793
0.00009760035824279964
0.00000156185361182336
0.00231459090478660608
0.00000774898337709085
0.00344320223450523604
0.00000047157328660110
0.00001167995630829211
0.00000194156302222044
0.00007825479413938652
0.00000015304772710178
0.00000001770226654282
0.00000001164497793901
0.00000036381229959711
0.00000000412140141630
0.00000341504474434614
0.00000000125887726170
0.00000075437610385682
0.00000000754376103856
0.00000039798168391304
0.00000000019561077763
0.00026956165155127900
0.00000269561651551279
0.00068104522318704280
0.00000194150092166704
0.00033642904315933496
0.00000247334907618396
0.00087499961639428400
0.00000156892171744780
0.00027454792582570860
0.00006959024768069624
0.00438700992509029062
0.00000268015286397441
0.00089901039350429066
0.00000211043328417197
0.00000692262970598413
0.00000080318366938309
0.00007575809696975122
0.00000000000000000000
0.00000000000000000000
0.00000000670962715413
0.00003254744075325562
0.00000009004326748582
0.00000308813119695998
0.00000003587535292436
0.00000001202559690288
0.00000001298492450219
0.00000130261730049104
0.00000001691528032199
0.00000101540048035774
0.00000000216111095110
0.00000000000000000000
0.00000005963925862331
0.00000081330690625931
0.00000013441214464625
0.00001708217604930382
0.00000007305586308133
0.00000184665756900937
0.00000002848946491415
0.00001877735557859277
0.00055750842221606680
0.00001337258930816296
0.00054211588601308680
0.00001597663115258268
0.10000000000000000000
0.00001018676236565370
0.00005503289243291975
0.00000666246643284955
0.00269991591840988320
0.00000437732026092575
0.00000464812115956264
0.00000074582118586067
0.00003449950194217649
0.00000068340800967700
0.00000138211621025969
0.00000000867423880851
0.00000077104612605506
0.00000000604877851441
0.00000066620739044782
0.00000002623878664298
0.00000013093830417825
0.00000000823626879982
0.00000082362687998222
0.00000000998740939916
0.00000001063034223710
0.00000758351961640587
0.00075835196164058704
0.00000340011766708552
0.00046749641562089760
0.00001092160614362310
0.00069795126936587280
0.00000180723209910110
0.00162626370003395520
0.00002754533210603225
0.00110897614014917520
0.00000551040600714445
0.00126490182187763786
0.00000274876087934630
0.00005908770285859852
0.00000036962852552324
0.00019917288321866988
0.00000085487308399769
0.00000000000000000000
0.00000000000000000000
0.00002570884663917203
0.00000036699706550910
0.00003224879368738320
0.00000011524622281566
0.00000044049924503967
0.00000000009862907253
0.00000117876641102363
0.00000002485233661961
0.00000601433897739370
0.00000002895846310228
0.00000121235319402965
0.00000000000000000000
0.00000149294135482169
0.00000004426533628641
0.00000421632006711156
0.00000000587675089746
0.00001042541972718287
0.00000005636027961239
0.00000242845216108953
0.00009185330707714038
0.00000761276950791456
0.00003131581519250922
0.00000163614942683618
0.00010074764596125244
0.00000718342753889829
0.10000000000000000000
0.00002109069532282963
0.00074081882197335824
0.00000648696087978796
0.00052809556317616944
0.00000079536700934356
0.00037710606915051240
0.00000090588038906907
0.00006755924640656924
0.00000008096993225709
0.00000267529030522488
0.00000000280162065425
0.00000052892387501469
0.00000000479865802736
0.00000362751463793985
0.00000000021766418524
0.00000166242990165031
0.00000001662429901650
0.00000290589799046109
0.00000000011279438553
0.00063221861981687104
0.00000632218619816871
0.00086818691925199706
0.00001129244293054036
0.00009518586257428820
0.00000325551665377535
0.00083344938902397520
0.00000504275375643179
0.00470375794226387468
0.00002879334096046646
0.00085247447564774058
0.00000010471520571234
0.00022342815234765436
0.00000360009912888608
0.00027565152020167960
0.00000033200599073272
0.00049110050985918200
0.00000000000000000000
0.00000000000000000000
0.00000036199603221943
0.00003008992421571422
0.00000002611010235552
0.00000404369225067652
0.00000008472462924333
0.00000001599814938639
0.00000004258008559939
0.00000231653419230028
0.00000007561910749518
0.00000227925753558445
0.00000003219875618799
0.00000000000000000000
0.00000005660488913080
0.00000405867096362591
0.00000014336706813994
0.00000386177003249969
0.00000002398233378996
0.00000378476198094373
0.00000007532715611379
0.00000801537278558378
0.00007273262904772936
0.00000042861307632792
0.00014234961958978824
0.00000161380771201453
0.00003884595869030562
0.00002111148886773484
0.10000000000000000000
0.00002139114504734928
0.00114281455259756640
0.00001431644145494183
0.00005506584439959718
0.00000408097669267214
0.00002323797653236030
0.00000031210347877459
0.00009994399965055186
0.00000000410173045471
0.00000006113709424477
0.00000000393143432567
0.00000058732245072905
0.00000002946861688737
0.00000088061680413659
0.00000002074294964546
0.00000207429496454618
0.00000000102272850134
0.00000001811140245856
0.00000101072430162880
0.00010107243016288016
0.00000080118569336982
0.00054536201390967280
0.00000090191067508306
0.00001330027995192278
0.00000199607414235444
0.00043603395780814658
0.00000163971311201522
0.00210833312461606282
0.00000283491974515773
0.00089383243726883152
0.00000302728690187674
0.00250521991167182368
0.00001635849507596987
0.00047690502402665344
0.00000049840938637584
0.00000000000000000000
0.00000000000000000000
0.00000450275324857268
0.00000037109988898011
0.00000476936773723795
0.00000054459910887585
0.00000516365643350425
0.00000000012180465719
0.00000371832886426262
0.00000001632260650644
0.00000163487092865488
0.00000001860792118434
0.00000058298291513933
0.00000000000000000000
0.00000293189052720497
0.00000000225860973971
0.00001113806159538036
0.00000000002656766722
0.00000117713271887831
0.00000001948902907094
0.00000749885180772049
0.00019012758094514788
0.00000061675246347565
0.00025269770157695244
0.00000236211887238966
0.00167282133014538122
0.00000328944321604735
0.00051868516596145866
0.00001496228378377654
0.10000000000000000000
0.00001114844959721765
0.00119976135171622480
0.00000060268801015907
0.00025071524500375580
0.00000182552812799002
0.00049821752029202920
0.00000142887934705584
0.00000060704454829302
0.00000000513434007612
0.00000025158707170385
0.00000000642959274478
0.00000052653373213547
0.00000000306493356732
0.00000015225661923077
0.00000000152256619230
0.00000018284832991356
0.00000000002840683408
0.00004088786285890017
0.00000040887862858900
0.00021290256458115296
0.00000014108662811688
0.00007573016913297178
0.00000014109692153751
0.00011316179091799560
0.00000000473911245282
0.00007121305725020170
0.00000099898417179982
0.00136423749062800608
0.00000199885464071369
0.00171722915878981108
0.00001811641141222790
0.00055645291848452152
0.00000144305310832477
0.00028410389723836032
0.00000000000000000000
0.00000000000000000000
0.00000041720821210844
0.00011593246210727798
0.00000027056196580037
0.00002125455686039300
0.00000005782303869578
0.00000000329512669928
0.00000000206871077264
0.00000065432388350689
0.00000001888705313007
0.00000064228177758410
0.00000001891498523659
0.00000000000000000000
0.00000005596948584297
0.00000137183048037374
0.00000017297697652175
0.00000364445240748496
0.00000001435622688188
0.00000141906470236128
0.00000001324251027205
0.00000421111255663625
0.00023182989905651578
0.00000190087973030304
0.00024217065440900680
0.00000879171787607116
0.00209262446298057002
0.00000712995513836301
0.00125485433624343120
0.00001750121392454460
0.10000000000000000000
0.00006391143552804715
0.00005189588562003182
0.00000944883455120640
0.00122563034073730960
0.00000042938796535577
0.00014562986744121670
0.00000001282221985998
0.00000289610549763005
0.00000001412861336262
0.00000048679728436594
0.00000002294516175902
0.00000129161597128474
0.00000000333625024742
0.00000033362502474209
0.00000004809317678516
0.00000001954587960562
0.00000097398420988442
0.00009739842098844240
0.00000175179017084293
0.00003127208668652294
0.00000175942877015610
0.00050497712710199146
0.00000372562302704035
0.00052193249701174506
0.00000212911558104441
0.00029912541780360360
0.00000968147431760120
0.00363391284501657442
0.00000191356889926448
0.00120943310855194560
0.00003152619116160937
0.00211102941372543520
0.00001161238985373295
0.00000000000000000000
0.00000000000000000000
0.00003373955204175610
0.00000007509667818884
0.00018928612124375880
0.00000000564796158913
0.00005089732142203375
0.00000000026906119203
0.00003387261875612774
0.00000000714725625446
0.00001314414138355947
0.00000007797137691364
0.00000664584173211046
0.00000000000000000000
0.00002117521965881216
0.00000025159019669638
0.00012557064272135376
0.00000040219659240523
0.00001652338665191777
0.00000001431110408640
0.00000267142747969664
0.00006735866124089122
0.00000027437358850096
0.00064433470999232818
0.00000440954469502243
0.00496857947432697868
0.00000431509216681678
0.00073824197141955952
0.00001999370733873576
0.00239546186756308000
0.00008128665789458751
0.10000000000000000000
0.00000113795639035168
0.00152012678218470804
0.00000147759948641158
0.00007097599138355448
0.00000163229987917419
0.00000013229382805739
0.00000002041284565247
0.00000084404500819743
0.00000003861077167288
0.00000040693045724929
0.00000003513751637563
0.00000451682345154269
0.00000004516823451542
0.00000001442221967442
0.00000000018433293477
0.00000361900517429013
0.00000003619005174290
0.00005114365133723895
0.00000087399949841109
0.00117184869735138122
0.00000721424432923297
0.00004521202716026746
0.00000021118455936307
0.00002540638674064532
0.00000567904283538969
0.00245698838798838804
0.00000573270450695429
0.00191230880276679124
0.00000600244154998341
0.00034027293736510904
0.00001933038812997760
0.00036408480617887528
0.00000000000000000000
0.00000000000000000000
0.00000011094712102445
0.00000709744206562406
0.00000030594344752844
0.00002608760326205861
0.00000001133974187900
0.00000000401522545617
0.00000003615556434075
0.00000230799809272357
0.00000001148331281607
0.00000116181007492942
0.00000001828929702680
0.00000000000000000000
0.00000002909475615763
0.00000244271675132200
0.00000023291459179023
0.00000313834692691362
0.00000010290735845552
0.00000496479733619133
0.00000008632304524964
0.00000027401379244600
0.00004830373368451372
0.00000046934135879291
0.00009854083852363384
0.00000073223381995495
0.00000493048989431317
0.00000119642275948428
0.00008275065335364719
0.00000129484512153346
0.00007102389770987242
0.00000122449353932517
0.10000000000000000000
0.00000531558622993836
0.00332777490610042560
0.00000004886292859986
0.00005005625276279312
0.00000000350735726847
0.00000014867801872035
0.00000000179887771673
0.00000069045504839747
0.00000001734348633752
0.00000027140510324858
0.00000001013075871546
0.00000101307587154650
0.00000000266233324192
0.00000000537968732717
0.00000018019489841577
0.00001801948984157728
0.00000053430716182701
0.00000162288390145085
0.00000009290154917085
0.00000126651579105587
0.00000003545431831764
0.00000791593048647669
0.00000006392989956534
0.00011142296652215488
0.00000589593624437140
0.00015837359873521328
0.00000650323343389105
0.00070581903106673584
0.00000902784370785804
0.00003862355985657647
0.00002902876089668787
0.00000000000000000000
0.00000000000000000000
0.00001587882060230690
0.00000027992345690915
0.00000795519307490496
0.00000047084158389486
0.00000484584832969986
0.00000000004682107326
0.00000487085844068441
0.00000000937962301510
0.00000025605058332115
0.00000001075376501556
0.00000019428465241468
0.00000000000000000000
0.00000623105202749912
0.00000003814971199934
0.00000452746646832019
0.00000006535614544338
0.00000007804416479053
0.00000000563748750966
0.00000204921515090826
0.00005260853383202084
0.00000061243638852222
0.00003206456738336769
0.00000113566042259615
0.00001128834755338466
0.00000049242026151203
0.00035307679893051392
0.00000381717269223000
0.00033526991265072698
0.00000804893434177270
0.00101812067164350624
0.00000330856547352439
0.10000000000000000000
0.00003424723799524882
0.00022596987486387912
0.00000201351814429222
0.00000087791184377399
0.00000004352257282043
0.00000029306334641772
0.00000001014264035862
0.00001056184408281740
0.00000001612835782391
0.00000742795616417715
0.00000007427956164177
0.00000699300971861705
0.00000000040124202827
0.00003608345081848984
0.00000036083450818489
0.00003189168639371842
0.00000123264486801237
0.00004572933731236539
0.00000036230461569786
0.00000084393007498624
0.00000071913547476282
0.00012208473139403704
0.00000264667993405391
0.00092736140021083040
0.00000403071582745630
0.00128205564934329706
0.00001029475577396350
0.00064076472967545466
0.00001296982242357454
0.00065394312507611744
0.00000000000000000000
0.00000000000000000000
0.00000002732816031145
0.00000871195498137595
0.00000009048670425216
0.00020759144328189564
0.00000017900876689741
0.00000002784938710576
0.00000011148390720238
0.00000618316575399532
0.00000007372164505180
0.00000458548480750046
0.00000000145707059820
0.00000000000000000000
0.00000005973840325921
0.00000857847349590093
0.00000005911201156920
0.00000470779362979936
0.00000011903889597330
0.00000488244002023043
0.00000015992886601093
0.00000104075797167456
0.00003581554863934851
0.00000029421877161177
0.00011152340006776760
0.00000167324032464780
0.00002031101842813666
0.00000075630016068703
0.00001938178085518560
0.00000217680759478750
0.00093097350162792128
0.00000088245760939572
0.00184697145886165046
0.00003053818544386597
0.10000000000000000000
0.00000430134302030633
0.00097110623320981280
0.00000000656018899971
0.00000197870842003686
0.00000000279981762790
0.00000608754512842049
0.00000014429048224997
0.00000718012658903064
0.00000015680776236809
0.00001568077623680968
0.00000009645182231886
0.00000001274753613612
0.00000045820043286283
0.00004582004328628328
0.00000020342699574632
0.00002704904553618796
0.00000008156595513739
0.00002528621578539597
0.00000059416370655416
0.00007531653164866440
0.00000043895004367234
0.00004241005420402600
0.00000589011489194031
0.00010362135860258624
0.00000084074801191489
0.00130504831806071840
0.00000043008675727222
0.00047108081710209858
0.00004080589016913301
0.00000000000000000000
0.00000000000000000000
0.00012259082404198890
0.00000017721738978476
0.00063190416174289658
0.00000400183054117746
0.00002780660095838355
0.00000000010050667825
0.00004178383523648145
0.00000010007391144005
0.00000232580842841632
0.00000020928720281626
0.00000155062124413277
0.00000000000000000000
0.00001445549761805852
0.00000135553742105736
0.00003469368355229356
0.00000037972727116718
0.00000332945231295591
0.00000004371505878796
0.00001442026468465853
0.00015073286412702464
0.00000138236984267997
0.00001351453042862320
0.00000166738739733614
0.00008423621706432850
0.00000050255084871557
0.00007045133104564939
0.00000032514348090812
0.00074204728813886186
0.00000040738849111834
0.00005294557384359918
0.00000003387402518807
0.00025168034043361418
0.00000537260793466598
0.10000000000000000000
0.00006004030779629316
0.00000643784271455756
0.00000007353102743328
0.00000727423855320973
0.00000011427705358386
0.00000851295792998414
0.00000004673833696618
0.00000975532719076102
0.00000009755327190761
0.00000570902846836829
0.00000000121599741597
0.00008193978427941455
0.00000081939784279414
0.00030814721881434420
0.00000069443733756657
0.00008393194073786044
0.00000031655382548453
0.00005545885710978914
0.00000046659718690882
0.00007741499801749532
0.00000042867217600160
0.00011440429002485276
0.00000102382202834143
0.00041290633827850808
0.00000505949058813849
0.00026199872482558098
0.00000195476646169846
0.00049984461159921760
0.00000000000000000000
0.00000000000000000000
0.00001112777434097122
0.00238978615520495242
0.00000306044012287249
0.00021514578429185784
0.00000021391750521346
0.00000003624945904171
0.00000047800815313027
0.00000356731645296718
0.00000022327445333729
0.00002567209209378582
0.00000008878809676622
0.00000000000000000000
0.00000028868423807808
0.00001391610674306599
0.00000074304711797701
0.00037701796990178040
0.00000010103256632025
0.00002022523149607145
0.00000022813088634297
0.00000115800494608976
0.00006989785317136892
0.00000197659305423928
0.00015348768467192638
0.00000022156674900678
0.00000136689232922849
0.00000011355806443107
0.00014003060536093612
0.00000286218660461041
0.00018582286056979204
0.00000163760041679233
0.00004666974711858255
0.00000301608859574078
0.00163131418486345280
0.00008074817385235219
0.10000000000000000000
0.00000024399895544857
0.00001673047071293547
0.00000011191143195109
0.00000956896662876882
0.00000013898119720510
0.00001027631675748911
0.00000029855461499923
0.00002985546149992310
0.00000043507690654446
0.00000021500287076496
0.00000048835388434294
0.00004883538843429422
0.00000021831128564563
0.00009191602421721016
0.00000005991293231475
0.00010529395164719938
0.00000237458561062342
0.00003565843580633712
0.00000048094694366052
0.00007911893758934751
0.00000020190386055387
0.00022225042290244820
0.00000567809729306791
0.00003957987871250557
0.00000199060480029808
0.00052409660380065258
0.00000357426170129650
0.00000000000000000000
0.00000000000000000000
0.00043938265626316112
0.00000552831167005191
0.00200752737471879648
0.00002787852782186824
0.00012084031577939736
0.00000000027852151519
0.00001702449496331678
0.00000025864145944894
0.00008859584205316018
0.00000006749409386848
0.00000229463434051878
0.00000000000000000000
0.00019649517216981978
0.00000014349503706016
0.00002359376525777875
0.00000045041804210790
0.00006016368768691268
0.00000110908750469798
0.00022609932959060298
0.00000146467973750441
0.00000004018436095367
0.00000090655469198287
0.00000000403207295934
0.00000001320378990235
0.00000000441990717521
0.00000193311259208352
0.00000000296091122645
0.00000062649120351531
0.00000000842954114887
0.00000006838165437595
0.00000000168480307953
0.00000067753460800639
0.00000000567778902425
0.00000446089694102454
0.00000012571294360262
0.10000000000000000000
0.00000694671664977157
0.00036209404478405552
0.00000001701516274692
0.00017990219009915548
0.00000765676441516427
0.00206189940884238240
0.00002061899408842382
0.00003843650445015345
0.00000007764442109139
0.00000041656233949929
0.00000000416562339499
0.00000265133288664510
0.00000002624876039261
0.00000033883054805948
0.00000003693212629489
0.00000336645006699629
0.00000002044215171686
0.00000072606367395068
0.00000000373926923826
0.00000049166804483330
0.00000000007336160174
0.00000057519182126000
0.00000000387944130116
0.00000094384482567308
0.00000001766454718739
0.00000034056140001001
0.00000000000000000000
0.00000000000000000000
0.00000001000759748401
0.00000463230928958760
0.00000029349424720616
0.00000356918051258117
0.00000000428075396622
0.00000408717200794058
0.00000191278944881304
0.00045576155062161840
0.00001671945762453393
0.00238565755521956448
0.00000534390478052223
0.00000000000000000000
0.00000003230921206669
0.00000003127963261567
0.00000010837364023401
0.00000452155785302528
0.00000161850789915699
0.00005010897463189468
0.00000935569039410446
0.00000000326643885852
0.00000369630964485214
0.00000004336602774109
0.00000103988646741623
0.00000001431922905195
0.00000064769921406672
0.00000000333738877527
0.00000007275691888831
0.00000000873555056195
0.00000313881941390409
0.00000001739461450123
0.00000011774084346243
0.00000005537406071297
0.00000282329291037453
0.00000008399698517895
0.00001421056760126123
0.00001145225003106601
0.10000000000000000000
0.00001627647220099806
0.00097214328988528784
0.00003287365868271912
0.00008131097906178752
0.00000522626999997263
0.00052262699999726384
0.00001258136376322299
0.00002565533192912144
0.00000002447266154002
0.00000244726615400233
0.00000002283481148570
0.00000232260746774083
0.00000003401353240181
0.00000005643542267363
0.00000002775887826157
0.00000040253735528636
0.00000001103137577225
0.00000036755114102364
0.00000000278247484117
0.00000000619190987488
0.00000001880739955551
0.00000227271038995781
0.00000000053386799918
0.00000159922591967855
0.00000002430611774701
0.00000000000000000000
0.00000000000000000000
0.00000457184768838141
0.00000000756840053611
0.00002988391929952807
0.00000004092940461503
0.00001590136049892762
0.00000008524559631128
0.00029104998277606712
0.00001398319863199290
0.00216035099953601846
0.00006381467970992424
0.00048060871196460360
0.00000000000000000000
0.00000880838763777661
0.00000001456225398136
0.00005825974979475140
0.00000023783627891360
0.00035432601380380304
0.00000525496430247972
0.00020302194235185972
0.00000092432251418401
0.00000000493455492424
0.00000065358935371942
0.00000000030125270627
0.00000043097105879643
0.00000000489497475455
0.00000060698841861212
0.00000000450723595680
0.00000041236683960817
0.00000001475167229112
0.00000069289372082343
0.00000000137237179223
0.00000035920558425619
0.00000000384851906746
0.00000800516645710920
0.00000009157300816662
0.00057507221110831018
0.00001568014390447596
0.10000000000000000000
0.00009840517764428982
0.00020225653040604996
0.00001937776396773336
0.00044533099012858152
0.00000445330990128581
0.00167976416238913302
0.00000068559137459994
0.00000103424708794261
0.00000001034247087942
0.00000251370488334370
0.00000003949346267429
0.00000122410411993627
0.00000001933527854414
0.00000088971945695236
0.00000000695291725243
0.00000021696956389401
0.00000000033632932473
0.00000009731879364031
0.00000000127976385743
0.00000099689534840027
0.00000000032667260429
0.00000040275689290035
0.00000000028276740656
0.00000068745247298299
0.00000000000000000000
0.00000000000000000000
0.00000003299148231462
0.00000216074660461517
0.00000007992802901687
0.00000598318044400230
0.00000001682268978204
0.00001037642514589501
0.00001293936184123017
0.00230453190995776608
0.00000067380486769617
0.00017001695697326248
0.00001621582297651344
0.00000000000000000000
0.00000001923616914448
0.00000047064450319919
0.00000001644536774241
0.00000155323296469098
0.00000179982178307045
0.00063533151041418800
0.00001214122240009289
0.00000001942302098392
0.00000277626414037746
0.00000000485821820026
0.00000042404492462492
0.00000000438678250106
0.00000048442068233913
0.00000000494808888159
0.00000060501525947914
0.00000000946911380863
0.00000045668875613120
0.00000002847999826193
0.00000047329945820131
0.00000001117025425804
0.00000751859254663108
0.00000011299840648514
0.00000703539563955807
0.00000002428105564103
0.00084149299140470314
0.00008841957166829892
0.10000000000000000000
0.00001360035088506623
0.00006127290493478031
0.00000665542382384964
0.00066554238238496498
0.00001162012422841238
0.00000132718993823847
0.00000001235124488020
0.00000123512448802096
0.00000004669809465316
0.00000572919801935368
0.00000000494533662013
0.00000471933606695202
0.00000001037501619687
0.00000123964067975159
0.00000000912032808266
0.00000035068360232479
0.00000000418863184708
0.00000028972258760792
0.00000003302637922133
0.00000090186105366989
0.00000000101041396251
0.00000088588264568104
0.00000001392723551463
0.00000000000000000000
0.00000000000000000000
0.00000498868322742791
0.00000006064025011032
0.00005296311749339422
0.00000007349620338437
0.00001058888967510154
0.00000000523543889462
0.00143154085964545024
0.00002891254701430297
0.00085148563439706186
0.00002276084467053148
0.00198354164577948768
0.00000000000000000000
0.00000508314131772841
0.00000000727767635385
0.00003708785461110869
0.00000006482377879542
0.00156363523484907126
0.00000052267308005630
0.00091424799141420384
0.00000215594328236562
0.00000002316479779368
0.00000047018162141962
0.00000000311931857390
0.00000288555142057450
0.00000001514566031464
0.00000296932748062745
0.00000002409798401686
0.00000061557830233682
0.00000001708812960863
0.00000023827742963742
0.00000000943774488697
0.00000923385429848664
0.00000014146964841962
0.00000668228516401231
0.00000008111679200478
0.00020379763524736204
0.00002258912950467937
0.00014426608393871804
0.00001079645916310897
0.10000000000000000000
0.00001212803518014057
0.00004159856834602672
0.00000041598568346026
0.00108536068873762026
0.00000014061859478548
0.00000507530104775329
0.00000005075301047753
0.00000885144702369886
0.00000011691666398703
0.00000520030601570656
0.00000004176102126740
0.00000603066325049713
0.00000003194992504970
0.00000053237300495386
0.00000000239955905514
0.00000048405364411642
0.00000000161424695962
0.00000255334557459441
0.00000001197701745796
0.00000132612193874651
0.00000000801527501675
0.00000037319255774408
0.00000000000000000000
0.00000000000000000000
0.00000005326422144521
0.00000600912636395322
0.00000070277069303408
0.00000865257108906694
0.00000000512488456011
0.00000605383247284308
0.00000931677434705221
0.00000093836984292272
0.00000752074339527978
0.00052853863354182880
0.00000461030446909845
0.00000000000000000000
0.00000005011659822094
0.00000108689201556051
0.00000048222884148411
0.00001850793596142818
0.00000495387226752574
0.00123699812677542688
0.00003046448126101324
0.00000000356701376138
0.00000052117794366532
0.00000001492168404237
0.00000050828090186088
0.00000000189854905941
0.00000013490162813846
0.00000000031801083320
0.00000128532792462516
0.00000000639564257714
0.00000171689140842631
0.00000003672313814220
0.00000026360634273211
0.00000002516746253531
0.00001256503508444433
0.00000006548227937752
0.00001070528456623150
0.00001548153396750803
0.00009972560027702868
0.00002467012596865300
0.00008681718880424560
0.00002164693749894817
0.10000000000000000000
0.00000336480089251259
0.00033648008925125980
0.00001563979829896828
0.00000463282794585261
0.00000000204811357617
0.00000020481135761700
0.00000000944591603299
0.00000067979914441354
0.00000000056009789855
0.00000147916534980859
0.00000000834806273419
0.00000034592451336677
0.00000000018035608524
0.00000052546521339740
0.00000000959092533195
0.00000067574277327525
0.00000005268029780337
0.00000260112482677205
0.00000000373329587881
0.00000523340933177042
0.00000004164971306495
0.00000000000000000000
0.00000000000000000000
0.00000184924198268036
0.00000006517420602095
0.00005013480628842697
0.00000000956020840743
0.00004672986165158997
0.00000008055196822761
0.00077966660375023258
0.00000060030995789041
0.00122138123562742784
0.00000142078371591849
0.00051679541188316498
0.00000000000000000000
0.00000511268166902262
0.00000000637286995818
0.00017785751670537310
0.00000018241056735462
0.00315025284250832566
0.00000668666034155834
0.00089352015439178122
0.00000034705335694369
0.00000000749984372792
0.00000064799820933669
0.00000000489316775424
0.00000085279318766304
0.00000000636060396909
0.00000182060464204999
0.00000002269419866175
0.00000023815333441715
0.00000000332418667674
0.00000353850004742968
0.00000000737559706660
0.00000868832338956753
0.00000020569158593566
0.00001024494751532199
0.00000023313199878809
0.00312502534517782764
0.00000480470442515023
0.00042497950706452128
0.00000706854993059295
0.00005565468949708316
0.00000252218381970350
0.10000000000000000000
0.00100000000000000000
0.00085153625438331498
0.00000021485866352040
0.00000114019498380370
0.00000001140194983803
0.00000535311836792183
0.00000005085104987587
0.00000139647905721211
0.00000002516765058989
0.00000327129647184583
0.00000000549481918006
0.00000002430899684058
0.00000000250543224599
0.00000256624366791264
0.00000000864047590176
0.00000431956490153128
0.00000005017869230783
0.00000100883982119598
0.00000000869089006915
0.00000304651013911528
0.00000000000000000000
0.00000000000000000000
0.00000001414582698465
0.00000915852470426040
0.00000015747304342345
0.00001134164789480734
0.00000017901724845525
0.00000965613771785938
0.00003751540331576374
0.00068819531031376952
0.00002491907970968813
0.00185577507237999008
0.00003685345593643522
0.00000000000000000000
0.00000009924637568697
0.00000135471000455050
0.00000008957360124423
0.00001050167036660897
0.00002375393934791669
0.00085654084970442384
0.00000943578918763363
0.00000000347053356943
0.00000074998437279225
0.00000000647998209336
0.00000048931677542452
0.00000000852793187663
0.00000063606039690971
0.00000001820604642049
0.00000226941986617548
0.00000000238153334417
0.00000033241866767444
0.00000003538500047429
0.00000073755970666075
0.00000008688323389567
0.00002056915859356659
0.00000010244947515321
0.00002331319987880977
0.00003125025345177829
0.00048047044251502384
0.00000424979507064521
0.00070685499305929552
0.00000055654689497083
0.00025221838197035040
0.00100000000000000000
0.10000000000000000000
0.00000851536254383314
0.00002148586635204039
0.00000001140194983803
0.00000114019498380370
0.00000005353118367921
0.00000508510498758767
0.00000001396479057212
0.00000251676505898900
0.00000003271296471845
0.00000054948191800648
0.00000000024308996840
0.00000025054322459906
0.00000002566243667912
0.00000086404759017627
0.00000004319564901531
0.00000501786923078396
0.00000001008839821195
0.00000086908900691566
0.00000003046510139115
0.00000000000000000000
0.00000000000000000000
0.00000141458269846584
0.00000009158524704260
0.00001574730434234580
0.00000011341647894807
0.00001790172484552534
0.00000009656137717859
0.00375154033157637120
0.00000688195310313769
0.00249190797096881380
0.00001855775072379990
0.00368534559364352184
0.00000000000000000000
0.00000992463756869717
0.00000001354710004550
0.00000895736012442350
0.00000010501670366608
0.00237539393479166804
0.00000856540849704423
0.00094357891876336320
0.00000453248873722681
0.00000009313780610926
0.00000768565452403435
0.00000001023309228643
0.00000045718265733659
0.00000000783775275793
0.00000323387725194169
0.00000000113703952365
0.00000029063127356976
0.00000004869463486439
0.00000001148124697541
0.00000000196964740725
0.00000831192546333059
0.00000012856722479421
0.00000609257619521498
0.00000034523513916143
0.00005919715256414078
0.00001175366789968866
0.00162893683622347968
0.00001254111779331296
0.00147559892558004288
0.00001191295154737929
0.00086531454890182624
0.00000865314548901826
0.10000000000000000000
0.00000012096587112457
0.00000101010379873647
0.00000001010103798736
0.00000511195561164927
0.00000009359658671401
0.00000104408386838413
0.00000007862164936248
0.00001402639471413210
0.00000001863422785551
0.00000264911538424287
0.00000000413194934747
0.00000146357965654956
0.00000001771115604008
0.00000049594672365699
0.00000002492332054737
0.00000273816769805422
0.00000001039428591065
0.00000423312281919451
0.00000000000000000000
0.00000000000000000000
0.00000001199086741513
0.00002435760532923269
0.00000031954932809291
0.00001643688360505667
0.00000014524264396075
0.00000253193882140536
0.00000456381783640212
0.00059661315382594312
0.00001619157105071461
0.00001678099178659238
0.00001732584280416440
0.00000000000000000000
0.00000018822492749368
0.00000483340638287770
0.00000001307081568961
0.00000528476000576145
0.00001328710104938754
0.00058210607184729800
0.00000459325583373357
0.00000000002157214849
0.00000000242993288868
0.00000000027702964967
0.00000001146803704388
0.00000000022750935864
0.00000000844628589697
0.00000000012708973486
0.00000002038670823570
0.00000000004571450335
0.00000002003699971348
0.00000000014857293909
0.00000000402960923254
0.00000000048286280128
0.00000001720386032879
0.00000000131386649230
0.00000017273209649429
0.00000012107291902124
0.00002426627743067123
0.00000067313334129261
0.00000145023499512871
0.00000019356053804252
0.00000357284539305777
0.00000022105663617023
0.00002210566361702308
0.00000012247365578623
0.10000000000000000000
0.00000000007837485717
0.00000000783748571768
0.00000000006377418927
0.00000002155890632839
0.00000000020790853202
0.00000000005979800577
0.00000000015955403126
0.00000000829693300329
0.00000000004648947187
0.00000000084093008493
0.00000000026039295349
0.00000000768075602766
0.00000000091820217341
0.00000000236058111065
0.00000000002933518108
0.00000000918033465116
0.00000000009915064492
0.00000000000000000000
0.00000000000000000000
0.00000003255219050285
0.00000000007064826431
0.00000000557318493260
0.00000000026962574117
0.00000000338979182330
0.00003734946469558519
0.00001475976223384292
0.00000002781425118832
0.00001464577079403881
0.00000021231146277174
0.00000275950942660574
0.00000000000000000000
0.00000003055026328556
0.00000000010271661787
0.00000015737188194063
0.00000000058459566626
0.00001434480358480199
0.00000171818762324288
0.00009242648424108922
0.02850475033408947622
0.00004434278196622537
0.00836256554546838824
0.00018793284391194432
0.00577963406148317204
0.00011107724314593368
0.01313185322799045220
0.00002097314121074578
0.00121300147593395226
0.00001840624233182612
0.00005377268568626556
0.00000248819341364812
0.00080049964479255882
0.00001139963374181672
0.00163210895571684480
0.00000723267879836263
0.00001197436542377388
0.00000042671948201458
0.00001871956750914961
0.00000024880080386442
0.00012878687990798164
0.00000002911775147304
0.00002162547023923063
0.00000021625470239230
0.00001885304809055337
0.00000000144481588936
2.00000000000000000000
0.02000000000000000000
0.03325475396756586046
0.00037662029971718072
0.02631548465919840006
0.00005825573839453792
0.01074184747845807842
0.00000424621577140120
0.00993722860969178880
0.00000013852016434440
0.00394057564146121128
0.00007949854364353681
0.00379250263008009060
0.00001475021280369951
0.00016644761030870838
0.00001004157459595047
0.00134123999170602720
0.00000000000000000000
0.00000000000000000000
0.00005748638918136475
0.00373722759685348244
0.00000326413702283880
0.00124955271251577520
0.00000081711567294540
0.00000033210635809853
0.00000050815297313738
0.00004333573578532170
0.00000185670883151191
0.00013634219875476836
0.00000028646709435852
0.00000000000000000000
0.00000070982628296629
0.00018336875673056644
0.00000075479873842206
0.00017520020573719528
0.00000374822615650740
0.00017111316067119348
0.00000052726200043493
0.00028504750334089476
0.00443427819662254006
0.00008362565545468388
0.01879328439119443200
0.00005779634061483174
0.01110772431459336802
0.00013131853227990452
0.00209731412107457888
0.00001213001475933952
0.00184062423318261248
0.00000053772685686265
0.00024881934136481272
0.00000800499644792559
0.00113996337418167280
0.00001632108955716845
0.00072326787983626352
0.00000011974365423773
0.00004267194820145860
0.00000018719567509149
0.00002488008038644283
0.00000128786879907981
0.00000291177514730466
0.00000021625470239230
0.00002162547023923063
0.00000018853048090553
0.00000014448158893679
0.02000000000000000000
2.00000000000000000000
0.00033254753967565860
0.03766202997171807262
0.00026315484659198400
0.00582557383945379200
0.00010741847478458078
0.00042462157714012024
0.00009937228609691788
0.00001385201643444028
0.00003940575641461211
0.00794985436435368162
0.00003792502630080090
0.00147502128036995168
0.00000166447610308708
0.00100415745959504704
0.00001341239991706027
0.00000000000000000000
0.00000000000000000000
0.00574863891813647606
0.00003737227596853484
0.00032641370228388080
0.00001249552712515775
0.00008171156729454028
0.00000000332106358098
0.00005081529731373820
0.00000043335735785321
0.00018567088315119178
0.00000136342198754768
0.00002864670943585247
0.00000000000000000000
0.00007098262829662976
0.00000183368756730566
0.00007547987384220665
0.00000175200205737195
0.00037482261565074018
0.00000171113160671193
0.00005272620004349316
0.02038871566734290020
0.00011452979356793112
0.00674105407436752404
0.00008243606166704588
0.01976672099894443204
0.00006741626259987092
0.02441116036668900482
0.00002250507198941837
0.00854996346228185284
0.00004481379802347764
0.00102868096239229760
0.00000998732283030451
0.00095773864556244128
0.00000685110204578942
0.00830862258573466980
0.00000437680469170908
0.00010316994769263648
0.00000053898309731270
0.00006158887067290530
0.00000127337598744037
0.00030404686936621912
0.00000018178762977547
0.00013743891826089952
0.00000137438918260899
0.00012915734024092016
0.00000000159146517978
0.04501634048613751244
0.00045016340486137512
2.00000000000000000000
0.00981155226410837220
0.10211834095494508804
0.00162863276145865908
0.02569633020640883200
0.00008878174304520348
0.09081275292243048084
0.00021340132960137520
0.02120643117046956484
0.00005947092034183071
0.02299344873397335240
0.00010441302061114028
0.00697145840386259526
0.00000058330336576801
0.00575643718318806804
0.00000000000000000000
0.00000000000000000000
0.00004179006174542675
0.00257033119864385248
0.00000779638050675570
0.00299886170297581440
0.00000186563475474422
0.00000073888279191486
0.00000160486768715684
0.00014602042104408190
0.00000690356350382457
0.00029211327490398096
0.00000117305847491285
0.00000000000000000000
0.00000211881127643102
0.00014583255022498448
0.00000353536354084849
0.00000358038523964841
0.00000662261258116670
0.00048481099126962784
0.00000534766824487965
0.00077376231851068144
0.00400982762731651924
0.00005734616720344090
0.03430571786102321840
0.00003636448772436857
0.00598177678345605120
0.00020490109613902024
0.00988583362917236480
0.00000365637231387984
0.00051625910028199072
0.00001134439518462312
0.00001957612532254283
0.00002388848955859781
0.00058787499436629480
0.00001208328543143952
0.00118919589842170762
0.00000065914193375081
0.00003537811789899215
0.00000062444523598768
0.00010081670972448622
0.00000259169486532897
0.00000844271349711754
0.00000084252732951865
0.00008425273295186592
0.00000152606566646069
0.00000034718432726353
0.00032900414100000900
0.03290041410000090042
0.00633167935184692264
2.00000000000000000000
0.00023397819758506944
0.16243980140648820208
0.00027275673084811244
0.03116043970086375684
0.00000436578602132016
0.01232302863228120420
0.00003771027021301293
0.00797245977543762246
0.00008289306405235662
0.00546229957433240588
0.00004273713048995504
0.00201824832932511124
0.00001217024072877551
0.00000000000000000000
0.00000000000000000000
0.00187073293190893600
0.00002357007402573316
0.00022173848680529296
0.00000848836207368897
0.00009880544309444404
0.00000000592439096228
0.00012032747499473098
0.00000179904058334497
0.00044939623383871200
0.00000259376889808930
0.00009305543124776168
0.00000000000000000000
0.00013754865139947720
0.00000108120018166457
0.00000236156618231328
0.00000099023852345442
0.00071450692699486826
0.00000523919758857598
0.00039609983031661344
0.00362501684212414988
0.00000729231495606633
0.06792559085068806404
0.00010967238993582342
0.00752382015998066246
0.00016685663510683690
0.00206221470813592246
0.00001952077217038716
0.00234335743570708564
0.00003468067974039291
0.01816129270239062824
0.00000133803444432069
0.00105815838935359520
0.00000211664010956546
0.00174375027597131702
0.00000092552424581385
0.00001015915892783879
0.00000061860823444326
0.00002310960679098829
0.00000010390575394223
0.00013763896775589648
0.00000000830558895939
0.00002762635277844250
0.00000027626352778442
0.00002032608087012429
0.00000000399770507198
0.02744821237886906026
0.00027448212378869060
0.07868464595911865604
0.00027937043498697098
2.00000000000000000000
0.00121390204205402000
0.10680578705993760008
0.00011121103561072424
0.00439444380616416184
0.00013546596603375096
0.00258158026721605920
0.00001589163391582342
0.00077801507877389104
0.00000214972170544736
0.00114016849869875488
0.00000631409806393796
0.00029314256694803244
0.00000000000000000000
0.00000000000000000000
0.00000206273355442744
0.00346029522385587806
0.00000070059886051633
0.00252187753208006442
0.00000063984398732863
0.00000038133120625108
0.00000053946067052467
0.00007198000306535431
0.00000157122126558873
0.00008140150412062440
0.00000015936525793061
0.00000000000000000000
0.00000185368554889903
0.00002688537074638979
0.00000139783160968220
0.00007806967148982385
0.00000467869839265542
0.00015487161820181678
0.00000076244963466277
0.00006203648691917314
0.00443104332961514586
0.00046163947229956426
0.00699635953564375040
0.00006940984738411320
0.01338051473465580002
0.00008850587507650206
0.00036123098612525328
0.00000547870476254537
0.01249045812987537604
0.00014029972247726720
0.00002288999486105550
0.00001052011258077570
0.00082340345335119280
0.00000825268633952209
0.00204108644447045760
0.00000138953745294192
0.00000128797220434895
0.00000045805262696043
0.00012442721857446602
0.00000138699330850828
0.00002752415308014643
0.00000062477342881550
0.00006247734288155030
0.00000192066296711959
0.00000000144283240876
0.00007624864892160344
0.00762486489216034020
0.00157470845817674964
0.24338188568172484260
0.00152326123808918784
2.00000000000000000000
0.00073061420314005146
0.00403796140452103124
0.00010968003175959782
0.01657345608773203084
0.00002551636682621820
0.00195939216712392128
0.00003201993612953209
0.00005834002482202588
0.00000115685941047249
0.00044818653833026704
0.00000973068418504019
0.00000000000000000000
0.00000000000000000000
0.00668003236419602246
0.00010827984397376610
0.00157072453555130026
0.00002625526355572189
0.00017766318191421812
0.00000000136990763974
0.00000537150985477075
0.00000124114299413326
0.00041992812796440624
0.00000132740631989835
0.00014564220756958350
0.00000000000000000000
0.00021049404466460548
0.00000054498144636725
0.00013165199423471104
0.00000012790444009877
0.00013357421262049156
0.00000402667358548148
0.00071968614070446600
0.01880364398763558084
0.00000425663495841299
0.03636030165852554608
0.00025323204920700178
0.02067895007901625600
0.00002917740061205623
0.01908166904552839680
0.00004565473545278619
0.00370036972365887764
0.00007760514547588980
0.00074046560914137226
0.00000053962141110743
0.00002063658982078470
0.00001629370736114059
0.00121759718641624448
0.00003876419350055797
0.00010666527802560032
0.00000053350877672846
0.00001775018896819549
0.00000023036060961284
0.00016867599507869502
0.00000013081811635390
0.00006838875977547715
0.00000068388759775477
0.00028856258241468804
0.00000000324206648774
0.01184015452744057062
0.00011840154527440570
0.02092343795038980040
0.00034415669765307120
0.11286790946011992024
0.00061528036808868026
2.00000000000000000000
0.00120739295694085984
0.00159601245042783786
0.00000055636622356072
0.00579270226910673604
0.00003877014681053375
0.00653374741137787206
0.00004355355912218889
0.00150988438311520384
0.00000231531533033717
0.00336987785856281044
0.00000000000000000000
0.00000000000000000000
0.00005951937074267978
0.01015422890958113862
0.00002729475289728030
0.00032976530824136776
0.00000303847019605207
0.00000049575062326858
0.00000211672559609766
0.00012870201907089188
0.00000336119061950851
0.00016583634606008964
0.00000163678704059890
0.00000000000000000000
0.00000217858969581996
0.00005472047393028755
0.00000064698004453160
0.00028348851843146240
0.00000174068675757803
0.00032391993023238696
0.00000442400793522077
0.00004169280026792522
0.01691861924984296428
0.00041252486320927992
0.00781336562644167040
0.00003775882629075788
0.02673746469425342082
0.00011757134253105440
0.01015607885074217600
0.00000015781159531692
0.01107139984180088802
0.00000352216472954460
0.00012269266355692270
0.00001790765711557760
0.00210329744119688724
0.00001043209241728523
0.00059279126939061218
0.00000065959003986894
0.00000787847995258313
0.00000014125815933023
0.00002802927370817224
0.00000091002774950993
0.00000552026739959082
0.00000011698086204508
0.00001169808620450834
0.00000039039293599573
0.00000017168340103165
0.00000476625240186994
0.00047662524018699418
0.00007361769195448670
0.04003878737253057686
0.00011967961146512570
0.00346292990077721802
0.00122954726301068288
2.00000000000000000000
0.00020716798326864136
0.02886040253901800428
0.00002410347794574962
0.00975598011564092002
0.00019064302246642912
0.00391010126627164968
0.00002189983530497065
0.00045515709136710880
0.00003515825129979324
0.00000000000000000000
0.00000000000000000000
0.00421921040505987284
0.00010093660533198402
0.00025761106866321904
0.00000207074615073715
0.00025930261284840704
0.00000000044102025048
0.00010285324634469874
0.00000012061592446497
0.00011579289174278290
0.00000092063034665848
0.00005900053577359829
0.00000000000000000000
0.00006823455856436668
0.00000002496933446293
0.00011330191486927178
0.00000046655968201225
0.00005283392428196741
0.00000032068141416599
0.00017460441654125624
0.03769724362394046424
0.00026248719161101196
0.00090400872843911360
0.00002169457669645776
0.00591646374091711528
0.00040551236156096448
0.09819864819233224086
0.00003419797964722529
0.00212338309682451242
0.00004044029029406802
0.00037941739291478160
0.00000088725299486696
0.00272217623476054006
0.00001097620744824115
0.00154981994467899028
0.00000715918373397938
0.00002097727248564574
0.00000019332710733616
0.00000394704544700156
0.00000018465170207222
0.00001357774494339876
0.00000000257713046897
0.00000046339919812345
0.00000000463399198123
0.00004969563595482055
0.00000000086137480821
0.00998773677301481060
0.00009987736773014800
0.06742674584737879240
0.00000502303973125135
0.00423450870326060086
0.00008422401355568138
0.00145532400540925024
0.00018550237196395472
2.00000000000000000000
0.00020232125242267860
0.00451212772069081206
0.00027536622822328138
0.01670446175384020480
0.00006382091733155899
0.00745767574876921284
0.00004224292778179840
0.00170401856612001908
0.00000000000000000000
0.00000000000000000000
0.00001381055390071336
0.00080671248175594816
0.00002012306078684360
0.00690017074520131604
0.00000203648148949664
0.00000001836089995839
0.00000020156626688958
0.00000300357208778688
0.00000044500328724183
0.00002214397213696372
0.00000026139930032870
0.00000000000000000000
0.00000102857467629352
0.00003777189173543631
0.00000154405780853757
0.00022150000521717964
0.00000010553093621480
0.00002614987365769337
0.00000048604957688092
0.00011764949614094122
0.00188507796062520768
0.00001053153332295755
0.01050849286670010880
0.00187191855326969248
0.02037852813812551248
0.00075032105068412304
0.05488660120704232084
0.00003718106783038878
0.00709190437033684264
0.00010586295234361736
0.00193024615052376580
0.00007366324344007820
0.00132373351217403904
0.00001071213310269367
0.00147008116156725760
0.00000013485143543065
0.00000804035780582241
0.00000000763717201569
0.00000886243043559492
0.00000007639018990723
0.00000937225512498665
0.00000005961635642699
0.00000596163564269998
0.00000009675354652778
0.00000001944876236635
0.00000017378381680346
0.00001737838168034616
0.00019777755620070538
0.01769767238250352008
0.00016293854699693224
0.01588605178276795080
0.00000063325510700779
0.03225698256035457842
0.00025254340461876392
2.00000000000000000000
0.00003875220891438794
0.00453058156904080640
0.00014682685310550644
0.00081543527691431626
0.00013084636145756310
0.00337797779601385784
0.00004305692963177322
0.00000000000000000000
0.00000000000000000000
0.00120843356088371968
0.00000523930786471253
0.00038220025035040898
0.00000134698395353586
0.00011743256130710488
0.00000000077000466065
0.00003027809137110082
0.00000012620787469875
0.00004837266304943722
0.00000005073943514676
0.00000499546747188749
0.00000000000000000000
0.00002540075952779771
0.00000013706547903189
0.00034499212746040018
0.00000099935965783842
0.00001208059726660255
0.00000003485336552460
0.00005273754142172914
0.00341827121750127764
0.00007564083573033522
0.00115985886656179904
0.00005729158937478828
0.09309528777817918428
0.00007988306600365392
0.01752495738891567686
0.00005822217031153402
0.04005656892425642444
0.00018108045020178912
0.03613203950171682466
0.00008057703303852500
0.02036193013149164484
0.00014503606812598512
0.00225534762299210762
0.00000295955219572554
0.00001398818396053445
0.00000004801858541306
0.00000174335193960426
0.00000008350838521005
0.00001215682475406813
0.00000013495256919356
0.00004817272047795562
0.00000048172720477955
0.00002703639505503199
0.00000000475096491049
0.00390010695351594722
0.00003900106953515947
0.01550486495210955620
0.00004272468341129690
0.00244962603350446326
0.00001929488720850518
0.00520139297826795520
0.00002125306560710285
0.00444320576490603284
0.00003057151619010678
2.00000000000000000000
0.00073285958641882624
0.00386897646556527842
0.00027173054181277804
0.04308641157850414480
0.00002439475847901715
0.00726404154614122024
0.00000000000000000000
0.00000000000000000000
0.00000074648590149973
0.00353125914356665600
0.00000254342278062378
0.00058749261509464352
0.00000239707974994639
0.00000026914380587235
0.00000074309319413023
0.00002277876769827556
0.00000018651405228185
0.00000608999036145458
0.00000040354992097372
0.00000000000000000000
0.00000050890739091484
0.00006142658885920256
0.00000259943797006556
0.00020209539934576752
0.00000005441294059077
0.00002358497998841004
0.00000036262779762344
0.00016878254816136860
0.00207961778043042240
0.00000593014203146607
0.00039313370544190698
0.00006341905298149499
0.02044697425777351248
0.00000240041560940599
0.02046938707206153608
0.00006544343478105064
0.07578891342194439404
0.00009400480107583122
0.00241347266557800362
0.00009868547008021028
0.00284513343529031808
0.00002250591920090234
0.00363266276569745526
0.00000000232733694069
0.00000011915268904430
0.00000002556344022780
0.00000644082288254340
0.00000004520617324678
0.00001060237504269586
0.00000018085980213364
0.00001808598021336421
0.00000036482150830842
0.00000015626354458630
0.00008773585789426598
0.00877358578942660166
0.00004848486222373956
0.01007192890202895686
0.00001681449443389299
0.00165213632698683604
0.00003881834459313928
0.00959210408442808646
0.00030236173120322776
0.00398543357279898806
0.00081718780866425258
2.00000000000000000000
0.00112680631157691402
0.04733926144778430424
0.00021378702823161112
0.06148303826777172088
0.00001516105687655008
0.00000000000000000000
0.00000000000000000000
0.00221678379883598602
0.00000327897270860284
0.00063099318967233512
0.00003051076596670031
0.00010109394720448984
0.00000000079500581121
0.00008768659699921572
0.00000000718615021598
0.00005055191018268319
0.00000015015971070465
0.00002154893400527474
0.00000000000000000000
0.00020627183395880324
0.00000098557897843421
0.00064388062416445880
0.00000408721684733985
0.00001665770455393176
0.00000005391938302827
0.00002607273056812887
0.02719807884567929862
0.00008105152099267802
0.00159572183069656628
0.00002878721482155783
0.01786518055989061020
0.00003731570946238028
0.00430127386988590326
0.00005822169150630098
0.04721670059097476046
0.00003351643258959817
0.02633485988260050020
0.00008322838204916052
0.02636091130274546024
0.00001938660295794541
0.00762265641989326080
0.00007794133242667315
0.00001532447728426205
0.00000030394183578542
0.00001672328293219112
0.00000061659851459484
0.00006005094894097601
0.00000069414865075505
0.00007593236057807045
0.00000075932360578070
0.00000857928431419869
0.00000001568825092656
0.00351500829751165608
0.00003515008297511656
0.01574302303789267200
0.00008794699754361789
0.00069133060856232418
0.00002267396562456022
0.00549394637549941602
0.00015741510397186038
0.01540391606297471046
0.00010846999533110056
0.00362309484734062248
0.00094630640714400944
2.00000000000000000000
0.00015089047753243088
0.00690394050025406808
0.00000191756566449888
0.00317583913209226182
0.00000000000000000000
0.00000000000000000000
0.00001164872365131196
0.00052885654939279298
0.00000569233365496798
0.00023761581239284160
0.00000857294319882644
0.00000089484287708037
0.00000140027744110342
0.00005344696633605111
0.00000019522567781688
0.00001934361616029516
0.00000140858912258198
0.00000000000000000000
0.00000268439969435773
0.00028497453985754512
0.00001508038064432196
0.00013900212593400538
0.00000037633420145343
0.00002801361840478650
0.00000081107620155632
0.00003927612139048412
0.00330865876978031528
0.00001452782123747942
0.01169958489733369600
0.00005157250149122669
0.00098640603418775024
0.00008522706508068986
0.05924899171539922620
0.00061255265818869698
0.02604950102422405662
0.00010164939538068342
0.01110808885620855040
0.00026029957769397500
0.03700550459075274440
0.00011485911352384032
0.00066810285459938192
0.00000012710013882129
0.00004516579934682726
0.00000000673889291045
0.00002070546630632322
0.00000034638799538192
0.00004214725831788127
0.00000108470117116612
0.00010847011711661290
0.00000053018301465882
0.00000004959741142122
0.00001681135124673784
0.00168113512467378400
0.00008791086394234190
0.00712659717715501922
0.00000234900469710264
0.00005080161330705532
0.00004503494097821931
0.00397024550979466182
0.00007237116628013538
0.00074079407247908640
0.00031291468315709660
0.04888862918192655260
0.00018555202794374396
2.00000000000000000000
0.00088274120876779194
0.01769834138258220484
0.00010967180569281128
0.00000000000000000000
0.00000000000000000000
0.00094252065925133360
0.00004973689746854679
0.00252227733265701786
0.00001470248995759414
0.00019184734645681236
0.00000000104532933050
0.00008383190239842519
0.00000049462827098597
0.00000517485179813881
0.00000039523147326987
0.00000336047752043093
0.00000000000000000000
0.00018258014658457444
0.00000041686885368994
0.00049732857703664152
0.00001654995506570788
0.00001393422700483162
0.00000017577773356654
0.00020813304100657700
0.00459426230867833868
0.00000460322849848091
0.00066036061927549698
0.00000042415621377587
0.00018451313286210112
0.00000673028887986462
0.00711759180482453062
0.00042197630844194656
0.02052150890497874884
0.00074062551860710064
0.00628512445571635200
0.00015496714235388662
0.01767118304284436048
0.00001330164709251377
0.00648735190853888188
0.00003664911797619447
0.00003372772520600468
0.00000001157201810712
0.00000906209130548224
0.00000002530196984002
0.00004183186443922397
0.00000006597967276845
0.00002378606482571474
0.00000023786064825714
0.00006353156617005799
0.00000000067226185268
0.00020691477934720700
0.00000206914779347207
0.00640208064319289522
0.00006081653421685825
0.00135887745473782026
0.00000109875557137542
0.00170286120817189108
0.00002425380148400333
0.00922392233826735842
0.00012965201327489688
0.05411746251907816084
0.00024081156712295016
0.00925999013088853220
0.00096281536612689024
2.00000000000000000000
0.00001689997672376826
0.03429479148460371204
0.00000000000000000000
0.00000000000000000000
0.00000779837143320768
0.00056588331983176026
0.00002161890487860641
0.00604899725180447528
0.00000892558835591062
0.00000015134282068171
0.00000309182883510252
0.00001880488565790953
0.00000134670583581200
0.00007563515066538686
0.00000046090616213001
0.00000000000000000000
0.00000499988915544139
0.00092305440832721728
0.00000495336590535088
0.00055661082875387840
0.00000078496561847964
0.00002594561999852459
0.00000054699516881567
0.00001043229672382602
0.00000230623467941788
0.00000120826177200206
0.00095667159005301520
0.00002224853526220396
0.00376902318919011924
0.00000890941070246329
0.01278518427665352422
0.00005530871315344619
0.05154087951478954604
0.00037107134592871432
0.00068903021311862418
0.00037173326874841008
0.01514171766792332068
0.00005030295895030181
0.01002813562722752808
0.00000065602340544390
0.00003602594724529467
0.00000000661218770995
0.00002305481078953853
0.00000026276805314593
0.00009612421904254986
0.00000021295851601182
0.00002129585160118293
0.00000025064240605795
0.00000021864451199570
0.00001297317093041952
0.00129731709304195120
0.00000055670145436757
0.00298484156292722240
0.00000782083190448753
0.00044239446844589418
0.00000271378901336730
0.00052387859821406898
0.00005429958685159408
0.00347860229154305448
0.00003184373459679768
0.07197500235084624062
0.00000267297010898840
0.02006192272157403206
0.00001756371898965232
2.00000000000000000000
0.00010794504835028298
0.00000000000000000000
0.00000000000000000000
0.00012726036026543872
0.00000209105237130780
0.00190650433382941366
0.00010012835098792092
0.00048018286317033840
0.00000000682017542343
0.00016127327483163212
0.00000028397215160787
0.00019698136181338700
0.00000158696722267442
0.00010788663940039618
0.00000000000000000000
0.00042961400059118928
0.00001309973757836582
0.00107383767084680186
0.00000051337820359253
0.00010849202953489170
0.00000012676148221241
0.00019356988083575072
0.00028207868565754512
0.00000538563533391558
0.00136234579980381706
0.00000159752155469756
0.00144510094793041908
0.00001113993911153862
0.00907519610866660266
0.00000920118751662710
0.00749844145716515142
0.00019523681889506364
0.00481284610876356648
0.00035661289160756592
0.01290684080578610246
0.00090320255025943984
0.00885760363163952808
0.00004709532255037261
0.00000870953205839152
0.00000037705418075090
0.00001106983323665474
0.00000024959326518362
0.00000842499562412291
0.00000052679629055981
0.00005140625397179625
0.00000051406253971796
0.00007029158495629681
0.00000000162614094813
0.00119325534984699024
0.00001193255349846990
0.00378324283088814400
0.00001239448325300585
0.00025003631512276044
0.00000661419252354446
0.00271996093846813408
0.00002786629201277343
0.00150834056568551286
0.00003053329121670800
0.00652962690307547608
0.00001222189134942770
0.00304849107341424724
0.00008560863130563980
0.02454376107954275628
0.00007433362282087278
2.00000000000000000000
0.00000000000000000000
0.00000000000000000000
0.00000159539073560071
0.00231791308790703168
0.00003130474698571692
0.00004103767057699834
0.00000072975731635234
0.00000000397465901443
0.00000159398654288710
0.00006912069782228832
0.00000064580034160650
0.00004625588975328069
0.00000042738773767566
0.00000000000000000000
0.00000019830464897840
0.00024877384607460112
0.00000980220696537403
0.00017632244148847656
0.00000261063354697491
0.00013784378322646838
0.00000360975019363668
0.00000000000000000000
0.00000000000000000000
0.00000000000000000000
0.00000000000000000000
0.00000000000000000000
0.00000000000000000000
0.00000000000000000000
0.00000000000000000000
0.00000000000000000000
0.00000000000000000000
0.00000000000000000000
0.00000000000000000000
0.00000000000000000000
0.00000000000000000000
0.00000000000000000000
0.00000000000000000000
0.00000000000000000000
0.00000000000000000000
0.00000000000000000000
0.00000000000000000000
0.00000000000000000000
0.00000000000000000000
0.00000000000000000000
0.00000000000000000000
0.00000000000000000000
0.00000000000000000000
0.00000000000000000000
0.00000000000000000000
0.00000000000000000000
0.00000000000000000000
0.00000000000000000000
0.00000000000000000000
0.00000000000000000000
0.00000000000000000000
0.00000000000000000000
0.00000000000000000000
0.00000000000000000000
0.00000000000000000000
0.00000000000000000000
0.00000000000000000000
0.00000000000000000000
0.00000000000000000000
0.00000000000000000000
2.00000000000000000000
0.00000000000000000000
0.00000000000000000000
0.00000000000000000000
0.00000000000000000000
0.00000000000000000000
0.00000000000000000000
0.00000000000000000000
0.00000000000000000000
0.00000000000000000000
0.00000000000000000000
0.00000000000000000000
0.00000000000000000000
0.00000000000000000000
0.00000000000000000000
0.00000000000000000000
0.00000000000000000000
0.00000000000000000000
0.00000000000000000000
0.00000000000000000000
0.00000000000000000000
0.00000000000000000000
0.00000000000000000000
0.00000000000000000000
0.00000000000000000000
0.00000000000000000000
0.00000000000000000000
0.00000000000000000000
0.00000000000000000000
0.00000000000000000000
0.00000000000000000000
0.00000000000000000000
0.00000000000000000000
0.00000000000000000000
0.00000000000000000000
0.00000000000000000000
0.00000000000000000000
0.00000000000000000000
0.00000000000000000000
0.00000000000000000000
0.00000000000000000000
0.00000000000000000000
0.00000000000000000000
0.00000000000000000000
0.00000000000000000000
0.00000000000000000000
0.00000000000000000000
0.00000000000000000000
0.00000000000000000000
0.00000000000000000000
0.00000000000000000000
0.00000000000000000000
0.00000000000000000000
0.00000000000000000000
0.00000000000000000000
0.00000000000000000000
0.00000000000000000000
0.00000000000000000000
0.00000000000000000000
0.00000000000000000000
0.00000000000000000000
0.00000000000000000000
0.00000000000000000000
0.00000000000000000000
0.00000000000000000000
2.00000000000000000000
0.00000000000000000000
0.00000000000000000000
0.00000000000000000000
0.00000000000000000000
0.00000000000000000000
0.00000000000000000000
0.00000000000000000000
0.00000000000000000000
0.00000000000000000000
0.00000000000000000000
0.00000000000000000000
0.00000000000000000000
0.00000000000000000000
0.00000000000000000000
0.00000000000000000000
0.00000000000000000000
0.00000000000000000000
0.00000000000000000000
0.00000000000000000000
0.00001760695899861151
0.00085583542860187616
0.00008558676447519698
0.00305734565817165248
0.00000015782534696142
0.00041311693953332024
0.00000824895016484495
0.00010250500073015774
0.00001357862823548417
0.00069950152127359440
0.00000180852573416672
0.00024054482539168960
0.00000066511938818913
0.00334602744740983006
0.00024316371704136284
0.00713910178684917208
0.00000031560106840873
0.00008745590786397742
0.00000065510281362866
0.00011024606739325656
0.00000148279642030552
0.00002884255137488831
0.00000029434109935237
0.00002943410993523752
0.00000024552872223978
0.00000065834281022022
0.00006306685329734374
0.00630668532973437440
0.00003386824530969875
0.00234936386000270400
0.00000216958451580962
0.00559913910303944262
0.00005924013970421059
0.00412375008215539782
0.00001507458698274326
0.00105672644673592266
0.00000082744834783625
0.00220364441105835562
0.00001378840433509409
0.00090724101127048928
0.00000688218116279117
0.00010806497535991096
0.00000196732586474760
0.00000000000000000000
0.00000000000000000000
2.00000000000000000000
0.00007063912998626089
0.00859098251044382404
0.00005533939595919289
0.00172516113229547766
0.00000000088986935683
0.00011773952799355870
0.00000117107935649993
0.00008209489464621990
0.00000217813598117354
0.00003517127586825839
0.00000000000000000000
0.00008305902119258069
0.00000975509230269332
0.00090392411132880560
0.00000132653592931975
0.00040727301951323808
0.00000085183712648639
0.00008089020714705330
0.00994802749161960644
0.00005512117608789134
0.00717595000394005602
0.00013587123514464836
0.00085931316670459066
0.00000661925721276046
0.00076961268892464864
0.00000948230641723843
0.00423510678384943444
0.00000174753681654662
0.00012985741934887048
0.00000475963144966433
0.00023799130454303312
0.00000542917857300968
0.05861459387317105840
0.00010082063752568484
0.00016396926130285300
0.00000016250164545270
0.00004815792111668071
0.00000150416132748919
0.00018776452298950778
0.00000114096398380550
0.00021389682733183324
0.00000213896827331833
0.00055981244387326224
0.00000000160372400955
0.00460195041549502662
0.00004601950415495026
0.00233811047527043446
0.00003322428891939875
0.00408510147212278180
0.00010187006137165576
0.01134386236498900480
0.00011073020509911002
0.00098834679308143120
0.00000514244876177594
0.00439344434262317860
0.00000365857730092609
0.00070263505125613352
0.00005373617413530598
0.00056053835242675632
0.00000199302605576718
0.00320820890278974180
0.00000000000000000000
0.00000000000000000000
0.00007928692917239258
2.00000000000000000000
0.00001855021348234237
0.00080783567771400288
0.00002275547097979320
0.00000021447871377175
0.00000226795979002089
0.00027620381362427256
0.00000381864539564841
0.00010539830369275950
0.00000350510006240518
0.00000000000000000000
0.00000214466145948160
0.00119213925429259680
0.00000988778545759268
0.00002941263596436520
0.00000294793147062960
0.00071764513166231560
0.00001649779482179474
0.00000205033545137417
0.00241016495676479764
0.00001291810310730732
0.00035932956983313040
0.00000197867240133213
0.00048411458663382952
0.00000055583735316114
0.00010143130176549116
0.00000822648064682193
0.00366616838484805440
0.00000465901487219528
0.00011258299195080348
0.00000205739777719310
0.01611265229599508048
0.00006247677956354180
0.03047238346664172062
0.00000864674225126076
0.00053404670376548760
0.00000148269227296425
0.00109344011810680160
0.00001827695626427669
0.00073050561160976624
0.00000306106866365672
0.00030610686636567298
0.00000611271146227374
0.00000010529787762870
0.00000334540574249944
0.00033454057424994432
0.00000590278541741912
0.00026015001577178912
0.00000068840996904831
0.00122994871479676522
0.00002537939089062471
0.00023521767766230724
0.00002051977756971574
0.00031223030306952824
0.00000263379594657694
0.00058598585703135152
0.00000629463135854491
0.00226813508956669046
0.00001782379421914307
0.00151242515521603766
0.00003606315502852953
0.00000000000000000000
0.00000000000000000000
0.00802577757750434886
0.00001543963185800367
2.00000000000000000000
0.00037372915092613680
0.00218093168803299780
0.00000005221861276748
0.00232508662533894006
0.00000079949671574660
0.00274040803582040608
0.00005475068128723608
0.00106441468137037280
0.00000000000000000000
0.00163754781687380842
0.00005986512604273712
0.00183391277280030966
0.00001404200253988447
0.00354836771991859782
0.00000690051544595478
0.00030898241466766504
0.00142381658401124842
0.00003497337944971127
0.00107963232538960880
0.00000899397508451736
0.00005921744213151504
0.00000150970692255170
0.00007511877581194086
0.00001010693255656908
0.00056393706667174826
0.00000009545894319747
0.00034667168654190040
0.00000581471087423852
0.00411883311551642408
0.00008904422648811852
0.00383264717148468580
0.00036927170934409146
0.00009175984791194678
0.00000063827577661319
0.00009685348962950272
0.00000132409034985197
0.00019636616481531600
0.00000012155779863941
0.00019238635321122104
0.00000192386353211221
0.00027437637816341296
0.00000000444537872755
0.00111754816524026384
0.00001117548165240263
0.00198130647322812160
0.00000869036314944729
0.00216238474200376184
0.00001794050274724177
0.00026757050897656956
0.00000164992252989107
0.00614001877084594806
0.00000096023549833088
0.00053088106008990224
0.00002472559917540212
0.00022929075387775592
0.00001153714161631439
0.00435192204770050324
0.00006931455041929006
0.00004125413385005806
0.00000000000000000000
0.00000000000000000000
0.00004511385619715424
0.00058673542495347192
0.00032612810414316840
2.00000000000000000000
0.00001674128968705855
0.00000038911757892169
0.00000444506377903292
0.00034713212463043432
0.00000088610904821279
0.00032897450732628704
0.00000302724004893656
0.00000000000000000000
0.00001641847288823631
0.00057527173895226000
0.00000071944770305285
0.00035549791050500152
0.00000179468240947488
0.00036873121423758592
0.00000134395056881190
0.00000046303344774028
0.00003135641377498825
0.00000181426189279302
0.00009920644219145282
0.00000068445830059672
0.00000574127071591052
0.00000156594676501715
0.00009534472946040748
0.00000152642829567824
0.00085588758304984656
0.00000014992852628076
0.00005954153697021502
0.00000353375112157772
0.00061559046839841866
0.00000379148407175951
0.00159252024809049408
0.00000010949678067335
0.00024671987141628752
0.00000027094149297335
0.00018980167885149124
0.00000011571841596800
0.00059116249445600280
0.00000302127245078099
0.00030212724507809960
0.00000241222767792011
0.00000005560544922804
0.00000072709661016246
0.00007270966101624618
0.00000122636219727139
0.00010064490858477076
0.00000054585837746723
0.00012078488046691904
0.00000245293009223843
0.00020556089222951072
0.00000180296476384330
0.00008329151839347125
0.00000215513367877425
0.00008151091696336970
0.00000823072443148090
0.00014978214290402112
0.00000638897935595454
0.00033072796196500544
0.00000072989458407594
0.00000000000000000000
0.00000000000000000000
0.00139927189866753904
0.00001644379371912803
0.00189352143249616566
0.00001665657951241219
2.00000000000000000000
0.00000000076184919270
0.00121775615834395120
0.00000159665800345406
0.00014269524529490504
0.00000038075370981797
0.00013946432440385744
0.00000000000000000000
0.00168024336345689728
0.00000190639575956607
0.30022190828924824600
0.00003396732838824537
0.00026464202187212424
0.00000212932836851259
0.00018461493614623978
0.00000003125550699434
0.00000000029814494686
0.00000007798577948535
0.00000000227036002382
0.00000027331789082569
0.00000000153136392545
0.00000035224729815067
0.00000000267925377921
0.00000010362349146070
0.00000000538993423703
0.00000006324142468794
0.00000000068533386834
0.00000065491947678645
0.00000000265063243432
0.00000076537636427637
0.00000000437262734511
0.00012454164681116752
0.00000157562333995582
0.00019908495739660372
0.00000011179266957902
0.00016283936396294676
0.00000121394536202342
0.00019413733787884356
0.00000194137337878843
0.00005009425979763672
0.00072985958118849066
0.00000035204353660723
0.00000000352043536607
0.00000057859981365227
0.00000000718894657711
0.00000038754205681418
0.00000000110947375023
0.00000047676467001138
0.00000000041648823564
0.00000001936472538053
0.00000000065060321600
0.00000028826155556434
0.00000000076360987144
0.00000102344735196490
0.00000000097222768812
0.00000012905268990990
0.00000000559590598052
0.00000000473578705138
0.00000000000000000000
0.00000000000000000000
0.00000000085982348891
0.00000018463370888056
0.00000005400874661225
0.00000046119901164026
0.00000000090756892558
2.00000000000000000000
0.00000045238067528469
0.00006940276876581250
0.00000093544629420438
0.00023886955420371524
0.00000011622113818313
0.00000000000000000000
0.00000000221821726496
0.00000010175586837007
0.00000004775389849031
0.00000007676242081238
0.00000010037484914893
0.00077437204956717312
0.00000605956036828325
0.00000034147224301615
0.00001517031369977712
0.00000023248937544491
0.00001662990977709128
0.00000030803202299951
0.00001910276512301567
0.00000097854200688483
0.00008536754199093580
0.00000006790173946643
0.00070823306609484506
0.00000059437683419753
0.00007441514954124462
0.00000273639927214629
0.00115015907171418000
0.00001053425535640773
0.00027896709205635060
0.00006083505108568330
0.00561491325337596260
0.00025911858754833344
0.03190501852926766080
0.00026157100232598258
0.01226385300757380488
0.00078724563169626586
0.07872456316962658680
0.00009424494779354950
0.00030104354127458880
0.00000056222308883662
0.00005622230888366234
0.00000131170746739294
0.00015239873766187752
0.00000057223089428852
0.00000454064073965715
0.00000212471350582146
0.00010138115429398128
0.00000022188617902240
0.00002670215840229262
0.00000083069317266939
0.00008790821620725212
0.00000167158257093562
0.00008138028219242114
0.00000275179261777504
0.00013811227827643924
0.00000198231177459281
0.00000000000000000000
0.00000000000000000000
0.00011874090770331004
0.00000203777940414213
0.00250999540951673760
0.00000549895966792770
0.00151413975105280640
0.00000047217073414192
2.00000000000000000000
0.00008981667298236340
0.02670904351686454402
0.00006596859911273174
0.00623060586984549860
0.00000000000000000000
0.00027789242676983860
0.00000063650006923262
0.00147029255402844022
0.00000053931187630292
0.01419927437979047042
0.00004862528177143020
0.02891681102052505600
0.00003576270299842217
0.00000011924155802239
0.00000708607701706342
0.00000006380905562184
0.00003932432809291157
0.00000051253525146502
0.00006774850064864875
0.00000047689472623961
0.00002733140303868000
0.00000019017560580742
0.00004828477423934891
0.00000018235986588725
0.00019313732134082544
0.00000350556894899279
0.00010004564860253326
0.00000539342830574548
0.01844643404577718824
0.00034329701705658004
0.05872952193405389800
0.00082002979921681248
0.00003352633586753531
0.00001201659935676572
0.01837809018190093642
0.00018378090181900936
0.01567872095932320426
0.00000072194706443215
0.00006101665709913201
0.00000061016657099132
0.00015187957883019976
0.00000289964984398248
0.00009716534656676100
0.00000133515170445507
0.00016440279889936444
0.00000015129755418274
0.00000420763916110819
0.00000014164209961546
0.00003240526764508450
0.00000000916812598663
0.00008119416714019244
0.00000061105012151497
0.00002129898878541650
0.00000030948076827617
0.00010939146884062444
0.00000000000000000000
0.00000000000000000000
0.00000150297732746076
0.00031581991954095576
0.00000109834430638258
0.00054649396938126752
0.00000252642004689668
0.00009218491237266704
0.00011429967447318420
2.00000000000000000000
0.00031285832106559512
0.01121989616105665064
0.00000164575652595104
0.00000000000000000000
0.00000215770818674925
0.00006230646910871172
0.00001162509576422020
0.00028886182568620276
0.00010122227785463016
0.00022204296987678064
0.00000995973304507143
0.00000139402742014085
0.00027525435887480236
0.00000031371836999431
0.00003449757326464462
0.00000034690452163803
0.00008426179523123072
0.00000150237660749541
0.00003244910869421812
0.00000053594428956576
0.00023759317937402580
0.00000016320304120918
0.00000338186247094980
0.00000156435971926696
0.00005534748240968947
0.00000425384728230652
0.00125506552516452640
0.00045970922252955200
0.03603081728795767244
0.00001166525336491882
0.01640615839239063682
0.00018254044821855348
0.01660900324674884040
0.00045207132552223440
0.04520713255222344080
0.00028906338813786378
0.00025824772704387736
0.00000177595652872611
0.00017759565287261128
0.00000487804052718404
0.00049206255443250552
0.00000144086464106094
0.00030688103658036632
0.00000291677737044098
0.00009867234503148910
0.00000042349661178881
0.00003688010864965391
0.00000018025330535528
0.00004381351983303832
0.00000020147678092647
0.00000434292278962127
0.00000103620890958151
0.00014583754406007052
0.00000069432036304194
0.00000000000000000000
0.00000000000000000000
0.00007157618485305556
0.00000296623442719180
0.00255754535177484000
0.00000094768505284931
0.00015338731702961888
0.00000084408892419703
0.02309046387177605808
0.00021253673399495664
2.00000000000000000000
0.00032652087062440256
0.02458963131242478080
0.00000000000000000000
0.00019630650860664536
0.00000007096387974946
0.00098197867680370368
0.00000149405616736810
0.01432404799233213068
0.00028695313929647144
0.01481067285444663888
0.00004475377503529415
0.00000100034410328945
0.00001343028401987420
0.00000021564382007966
0.00001659879481783449
0.00000032339011858274
0.00003609517034607346
0.00000029439171908950
0.00001452745294324635
0.00000112342835623222
0.00001316147674756726
0.00000011321374218537
0.00007755955288491335
0.00000396985857342822
0.00038986347753646752
0.00000076212684964256
0.05228505463893599262
0.00084835733624518000
0.00234617661319455168
0.00034956374271545256
0.01022547544051406406
0.00001540028393931284
0.02683544054501765662
0.00026835440545017660
0.00023879770821901324
0.00000298405035831142
0.00010395066025982048
0.00000103950660259820
0.00016452496400546564
0.00000226376112410899
0.00005950133310219855
0.00000077322769048894
0.00011470921033308298
0.00000062532712415809
0.00001679773316249900
0.00000003083516336168
0.00000469133790806033
0.00000010373669974522
0.00001591234405867590
0.00000026438946363464
0.00004638811094611164
0.00000093652762888989
0.00003964031546806609
0.00000000000000000000
0.00000000000000000000
0.00000151372093100696
0.00006525866605228319
0.00004072921781134991
0.00028044489291005656
0.00000032623648035147
0.00017180609730654064
0.00004545901428671134
0.00607552147947994182
0.00026026716208285752
2.00000000000000000000
0.00024874218338288220
0.00000000000000000000
0.00000011994257639002
0.00001429427477321378
0.00001101737374017767
0.00100913374804047040
0.00008167842223201381
0.00291622335425873246
0.00032995108719542624
0.00000064135894353616
0.00008479530193814092
0.00000057882349743301
0.00004140509577233450
0.00000005596440803868
0.00002144746934850828
0.00000080777507874182
0.00001461097566988068
0.00000067774378177556
0.00015168960864305430
0.00000032821781804246
0.00000324020700488057
0.00000003904148164279
0.00004659440279288349
0.00000213600219811657
0.00004104598082706467
0.00018553413842537700
0.01012151500407078826
0.00035448928755329960
0.04825862982750556060
0.00014129670628333880
0.00887391092230986024
0.00084422317696077514
0.08442231769607751406
0.00039057330591808552
0.00006144127872301386
0.00000034599303794444
0.00003459930379444437
0.00000104663639032071
0.00012865797262165760
0.00000018453705034422
0.00013439602652259962
0.00000179352075164647
0.00006348536112484839
0.00000031411974111474
0.00000480919535713081
0.00000049246235216325
0.00002358307617706564
0.00000183559338291867
0.00000356114186864608
0.00000044780731508759
0.00010085930261188316
0.00000058021343214675
0.00000000000000000000
0.00000000000000000000
0.00003872082555520312
0.00000343795865663376
0.00125436248394132986
0.00000408815928816551
0.00018929849674138312
0.00000013242151620936
0.00680156246608266586
0.00000141174405389201
0.03104960690232605646
0.00039404434606012256
2.00000000000000000000
0.00000000000000000000
0.00032296691797654260
0.00000011017130848065
0.00007414165471419440
0.00000021640538427511
0.03840480933246994462
0.00056708200015397584
0.00933386284793434026
0.00000000000000000000
0.00000000000000000000
0.00000000000000000000
0.00000000000000000000
0.00000000000000000000
0.00000000000000000000
0.00000000000000000000
0.00000000000000000000
0.00000000000000000000
0.00000000000000000000
0.00000000000000000000
0.00000000000000000000
0.00000000000000000000
0.00000000000000000000
0.00000000000000000000
0.00000000000000000000
0.00000000000000000000
0.00000000000000000000
0.00000000000000000000
0.00000000000000000000
0.00000000000000000000
0.00000000000000000000
0.00000000000000000000
0.00000000000000000000
0.00000000000000000000
0.00000000000000000000
0.00000000000000000000
0.00000000000000000000
0.00000000000000000000
0.00000000000000000000
0.00000000000000000000
0.00000000000000000000
0.00000000000000000000
0.00000000000000000000
0.00000000000000000000
0.00000000000000000000
0.00000000000000000000
0.00000000000000000000
0.00000000000000000000
0.00000000000000000000
0.00000000000000000000
0.00000000000000000000
0.00000000000000000000
0.00000000000000000000
0.00000000000000000000
0.00000000000000000000
0.00000000000000000000
0.00000000000000000000
0.00000000000000000000
0.00000000000000000000
0.00000000000000000000
0.00000000000000000000
0.00000000000000000000
0.00000000000000000000
0.00000000000000000000
0.00000000000000000000
2.00000000000000000000
0.00000000000000000000
0.00000000000000000000
0.00000000000000000000
0.00000000000000000000
0.00000000000000000000
0.00000000000000000000
0.00000000000000000000
0.00000065613906286128
0.00006889048714944301
0.00000031318194470060
0.00020402828782887624
0.00000246212606885777
0.00004210491967333107
0.00000226385443725817
0.00011714246010201780
0.00000319708403926082
0.00077050765981362026
0.00000083238273313034
0.00016566808013726128
0.00000255177575311505
0.00069247526719660704
0.00001107167224930462
0.00560340784189254720
0.00000178827657480389
0.00029572871966817538
0.00000067038750049974
0.00019715556845250372
0.00000244865283067816
0.00013995498391861758
0.00000362440655233123
0.00036244065523312384
0.00000676438825051224
0.00000108439253986419
0.00000136674625674276
0.00013667462567427660
0.00000301378068185646
0.00030317578739005840
0.00000342191477410286
0.00030965791761760180
0.00000380568530589228
0.00011704833094617100
0.00000197047004805800
0.00003898398100797486
0.00000099005136472927
0.00035988006701502260
0.00000557676743647966
0.00030845018304574300
0.00000774430137630239
0.00064027997851057546
0.00000042918231393893
0.00000000000000000000
0.00000000000000000000
0.00014577615601814472
0.00000335352985180049
0.00307644666817647562
0.00003534735396705255
0.00363579532237227520
0.00000000402921751489
0.00048361339632458120
0.00000295070838449293
0.00039516819946361240
0.00000030290903797295
0.00051487432922121880
0.00000000000000000000
2.00000000000000000000
0.00001090759804890225
0.01335765120043565608
0.00003586672072470696
0.00006455320922531965
0.00000517750174419631
0.00058491460339723744
0.00002564233331721983
0.00000005457022975308
0.00010037525173505740
0.00000050429560418689
0.00003049798639430004
0.00000113394637928546
0.00014744058830148172
0.00000008196839709829
0.00007117735396769272
0.00000831536671703675
0.00006347754286380492
0.00000092131338653133
0.00033284157305016880
0.00005898225699674908
0.00048478207782384658
0.00000371685728373592
0.00000157256505288994
0.00000044408319762447
0.00001489837726826186
0.00000025639423620190
0.00004823593318900969
0.00000015845769273359
0.00004493732792908995
0.00000044937327929089
0.00015777687685253724
0.00000000331169956208
0.00032070063014260100
0.00000320700630142601
0.00018841370750959938
0.00000216462636235948
0.00004508040511148876
0.00000072822024546865
0.00008682522834264561
0.00000003890509333351
0.00006572663557578516
0.00000019107603815066
0.00010854604976004438
0.00000156188103074995
0.00053774956783341066
0.00000063969003410038
0.00129863715959811808
0.00001773343008991335
0.00048904891244986560
0.00000000000000000000
0.00000000000000000000
0.00001555140830838158
0.00169320317250550282
0.00010215695924152188
0.00112495679633373360
0.00000374695913814826
0.00000016788610466455
0.00000100614071141146
0.00007739365867285314
0.00000012975475926215
0.00003278986587982890
0.00000015953293799799
0.00000000000000000000
0.00000990758441662009
2.00000000000000000000
0.00001217203915802565
0.00011924844572437748
0.00000138689507094187
0.00013112332400536488
0.00000142983367412012
0.00000021289830084247
0.00019068973140850696
0.00000182364225092865
0.00034763569874345712
0.00000498154203005380
0.00010675074243623584
0.00000514743885726828
0.00039950612608248952
0.00000887029931505368
0.00410189360468764726
0.00000598208081954343
0.00010806372711569898
0.00000226679305132359
0.00149200016379153120
0.00002558313370283662
0.00060401099078944586
0.00000538491955806583
0.00175595320210028042
0.00000051451512760350
0.00129138522619259840
0.00002115173759419872
0.00437078131450829608
0.00000293663197896633
0.00029366319789663376
0.00000042169778186476
0.00000501471135265141
0.00000130471068936544
0.00013047106893654416
0.00000451440674224376
0.00000467288976967711
0.00000231651554873424
0.00017386695798770190
0.00000101460162034811
0.00017447986904063476
0.00000265549081742475
0.00047533074562544520
0.00000453989349812132
0.00100848735472673200
0.00002812515306784031
0.00075426183569793482
0.00000688762537845605
0.00143673730606270506
0.00001904495834408379
0.00000000000000000000
0.00000000000000000000
0.00142422594842442986
0.00001388000753056564
0.00309300992474121128
0.00000139049879559752
0.58319911576418026480
0.00000007787045310661
0.00229706141540368448
0.00001427175423624885
0.00177458409356740564
0.00002497837482829742
0.00010610911991024688
0.00000000000000000000
0.01199160561205014408
0.00001203017438874448
2.00000000000000000000
0.00036841308866709618
0.00119676023882979200
0.00001589203699491939
0.00171505135059463242
0.00007587516175000019
0.00000055168003825595
0.00026410273407555904
0.00000215568898361885
0.00065124278849683946
0.00000015305554236013
0.00014262729520273412
0.00000000098026093652
0.00019224572968277564
0.00001351478392414613
0.00008291459335429536
0.00000160466941822509
0.00018570688127318258
0.00001679827519749292
0.01335284730341367206
0.00001186145078142214
0.00023110965867074258
0.00000737389364161748
0.00004998798186133847
0.00000232184322107628
0.00083507465410018906
0.00000461117169373205
0.00035416228952626496
0.00000354162289526265
0.00017538738025247216
0.00000001916235310774
0.00031152443160837000
0.00000311524431608370
0.00000470295486345433
0.00000201557832157046
0.00013308746716518116
0.00000017375994885298
0.00045731409369800144
0.00000073907707047903
0.00039185864672226592
0.00000141639042138226
0.00036307561275647880
0.00000658517356359955
0.00026667265149628560
0.00002581962814752669
0.00079615055797942064
0.00000070656253419471
0.00035240186275799818
0.00000000000000000000
0.00000000000000000000
0.00000215000953540667
0.00004247164286260827
0.00002436161811653146
0.00070677777535274880
0.00006787507323549996
0.00000012876178178718
0.00000086672890168518
0.00036479209326582552
0.00000277738379468729
0.00235347328102044448
0.00000031859059097133
0.00000000000000000000
0.00003312175608440380
0.00012123716011316576
0.00037897407063213066
2.00000000000000000000
0.00001323181155018355
0.00069965190579476784
0.00001087598300988923
0.00000067136306417359
0.00006914377840013476
0.00000188580492267964
0.00004847408441662324
0.00000164237521011607
0.00016011163726743878
0.00000052230628644646
0.00002561127953612027
0.00000044656255422964
0.00032740654503145700
0.00000160322333820084
0.00000112994460815201
0.00000276896229234709
0.00008685269000673956
0.00000211004048548885
0.00093427354683493264
0.00004878231419200898
0.00647797664166784000
0.00003415671371644624
0.03302566468898040020
0.00013180433372950132
0.04695958850847504004
0.00047238614250907418
0.04723861425090741884
0.00026002845815387920
0.00027727162317079898
0.00000393007518700088
0.00039300751870008898
0.00000512965283553658
0.00085759822996245066
0.00000470324312495713
0.00010700504488526232
0.00000165583595459796
0.00004935293253331304
0.00000011009131419275
0.00001009641387953420
0.00000005764483763160
0.00001582604050001159
0.00000042574376566389
0.00001281898434857863
0.00000066208196694129
0.00008804984263852658
0.00000307676332827832
0.00000000000000000000
0.00000000000000000000
0.00038924637853246864
0.00000251015227187569
0.00363013917034771042
0.00000210402555259202
0.00031183531623677072
0.00000009928434900043
0.01345634203280153600
0.00007537875195550672
0.01570190377422290462
0.00011232733449526726
0.03334018983608373884
0.00000000000000000000
0.00003515257089653856
0.00000083146544270728
0.00072593739531395146
0.00000780255571529624
2.00000000000000000000
0.00011896730453258456
0.01732557302132472004
0.00012604950445580916
0.00000097275696247391
0.00001053944187318324
0.00000042809585319187
0.00004441958411789092
0.00000092613287627216
0.00008819484362414256
0.00000045369799582706
0.00004722967966235912
0.00000030341164431274
0.00008275989547242445
0.00000008733194284713
0.00012151667575578830
0.00000122014755537521
0.00045195346166706378
0.00001842791621338192
0.00161597226993622388
0.00010279616712696688
0.01290083390412697068
0.00001181182662958855
0.03521476057928907226
0.00010664953004673356
0.01822553972001257602
0.00018225539720012576
0.01218887391664712804
0.00003553466433600225
0.00019196820219111744
0.00000191968202191117
0.00040179256284419386
0.00000672841890379705
0.00016657699684468440
0.00000345142840363942
0.00032968953783799900
0.00000032051229683180
0.00002918862737565925
0.00000003116694769108
0.00002673403719417218
0.00000005481164600664
0.00003390897240856551
0.00000017302362581949
0.00002341509852834128
0.00000011007504500099
0.00017382257234947548
0.00000000000000000000
0.00000000000000000000
0.00000087109659670497
0.00065382758508065946
0.00000755347854603145
0.00046253448693515018
0.00000268460222186728
0.00081955172414857904
0.00004930532313700781
0.00017692152581371776
0.00033656452406703720
0.00429111061011368404
0.00052674343294320560
0.00000000000000000000
0.00000301668748219087
0.00008411072213876525
0.00001031436264530031
0.00044143870117503592
0.00012729121566546190
2.00000000000000000000
0.00041733478912104544
0.00000175691460641163
0.00039990167789137024
0.00000165398344954845
0.00001932811400259493
0.00000056825535882048
0.00003309031067249099
0.00000145555065282556
0.00014475799472486562
0.00000036547211850400
0.00004696492385578738
0.00000119320836899655
0.00002632365663357344
0.00000330063082467604
0.00033375336197151858
0.00000422722567367855
0.00311516332317256960
0.00025018735700642504
0.00329322391004693440
0.00020443296742231988
0.01713255268398149662
0.00071915187216589866
0.01181748788387498024
0.00016648751743235816
0.01664875174323581640
0.00007975413707778205
0.00158507273020365482
0.00000049050505472685
0.00004905050547268524
0.00000367506498712623
0.00042181695371868376
0.00000068002594461731
0.00051152482119387344
0.00000373382984379759
0.00014470957262096638
0.00000044987905751524
0.00003910574467883853
0.00000034084839868953
0.00002197786880839343
0.00000081410085128170
0.00016988448099148748
0.00000040934223539104
0.00013938321429107644
0.00000377456811257905
0.00000000000000000000
0.00000000000000000000
0.00006859253127362316
0.00001246380152033658
0.00028045963232404904
0.00000139794035275289
0.00019300798174147524
0.00000531788505085758
0.02431382043873046408
0.00000658055429116117
0.01440466874085711204
0.00040259615162160928
0.00718928685140320268
0.00000000000000000000
0.00028260097868972740
0.00000076055051066070
0.00092301994831892320
0.00000569020658866918
0.01537197075046842880
0.00034606343873571498
2.00000000000000000000
