19
13
10.0
8.0
0.00010000000000000000
10.00000000000000000406
10.00000000000000000406
10.00000000000000000406
10.00000000000000000406
10.00000000000000000406
10.00000000000000000406
10.00000000000000000406
10.00000000000000000406
10.00000000000000000406
10.00000000000000000406
10.00000000000000000406
10.00000000000000000406
10.00000000000000000406
0.50000000000000000000
0.50000000000000000000
0.50000000000000000000
0.50000000000000000000
0.50000000000000000000
0.50000000000000000000
0.50000000000000000000
0.50000000000000000000
0.50000000000000000000
0.50000000000000000000
0.50000000000000000000
0.50000000000000000000
0.50000000000000000000
0.50000000000000000000
0.50000000000000000000
0.50000000000000000000
0.50000000000000000000
0.50000000000000000000
0.50000000000000000000
0.50000000000000000000
0.50000000000000000000
0.50000000000000000000
0.50000000000000000000
0.50000000000000000000
0.50000000000000000000
0.50000000000000000000
0.50000000000000000000
0.50000000000000000000
0.50000000000000000000
0.50000000000000000000
0.50000000000000000000
0.50000000000000000000
0.50000000000000000000
0.50000000000000000000
0.50000000000000000000
0.50000000000000000000
0.50000000000000000000
0.50000000000000000000
0.10000000000000000000
0.00081101327748118224
0.00201046531610411648
0.00051906877565286920
0.00006333913632592001
0.00000584160773021923
0.00012199049016866444
0.00000000956347610069
0.00005263527771108016
0.00000030046104798753
0.00001554988341163078
0.00000083505770697883
0.00004899352612435715
0.00000560998686584614
0.00008203314883698244
0.00000815947468357272
0.00055462363692384952
0.00002375112906979297
0.00029289570782688676
0.00032583601385055120
0.01679932927465433068
0.00124964560506876960
0.00001502794183159573
0.00000846785094654870
0.00037315445796215280
0.00000397951468809072
0.00000571156229065979
0.00000064109972753054
0.00013146474376036348
0.00000010140481533713
0.00001605642626897125
0.00000083275908473381
0.00059013385414926418
0.10000000000000000000
0.00049476761466650898
0.00219647709134978644
0.00000087174807215423
0.00005930089994585999
0.00000235352569527451
0.00001542633287235372
0.00000305027443552315
0.00000298666877852515
0.00000006374858456343
0.00000024919053133207
0.00000164137480411841
0.00000173997445044980
0.00000060418553814416
0.00000474267415260541
0.00000630055161814425
0.00027158750234030684
0.00000378468591774471
0.00027160179820353378
0.00014973686167987528
0.01466131522196387840
0.00000022383586808944
0.00000370018985613369
0.00000271722587851761
0.00023545209149868898
0.00000015072219068039
0.00001166788373600262
0.00000500845827269934
0.00000126234765438983
0.00000026330886714307
0.00000098590554249638
0.00103620321611611562
0.00035045079570046740
0.10000000000000000000
0.00028184897950875004
0.00003119163807194968
0.00000286454743986491
0.00001025827052756171
0.00000028348704673209
0.00012225665928756372
0.00000036219511729493
0.00000816205778177992
0.00000091488315630678
0.00004600047756812914
0.00000593868481686020
0.00003614423157505970
0.00000294303024778403
0.00073457446419262224
0.00000877708481187548
0.00010053161983910524
0.00108430466910408000
0.01313103474944303842
0.00030680840804910800
0.00000048025382140403
0.00000256983120836872
0.00014080851773679872
0.00000416592949577427
0.00000203544244428982
0.00000059488220024302
0.00003380451675103500
0.00000007332956676027
0.00001381033450661167
0.00000081279072597240
0.00025090996717297196
0.00145914053254763786
0.00026433892819443204
0.10000000000000000000
0.00000141355988410245
0.00006916482836228574
0.00000190078641950876
0.00000232367363975626
0.00000256498271965337
0.00001327780639288630
0.00000004118122588775
0.00001576319970220236
0.00000004992416102005
0.00008683922754483320
0.00000025908211195370
0.00001286121772366053
0.00000756552546060110
0.00001225639711183604
0.00000091654209520588
0.01320918787716834244
0.00015078818904238816
0.01377610108378217060
0.00000025718896079098
0.00003630774334751015
0.00000221384741805405
0.00005131827270728241
0.00000001331606224980
0.00005038622501539747
0.00000315994347635687
0.00000353425417471234
0.00000008271523062482
0.00000741491799225925
0.00005462245727986016
0.00000103315986526275
0.00005219019610873280
0.00000252185608759186
0.10000000000000000000
0.00031411193551381112
0.00057906208660686112
0.00000881056968867320
0.04247034826159012824
0.00003658970821438917
0.00091543034768081600
0.00004170223930903594
0.00397527258204172564
0.00032861243611950056
0.00030869068306767818
0.00002683464108046197
0.00028444965961502076
0.00018307381874641752
0.00439905678870209448
0.00001319681813419893
0.00026636576392620096
0.00000120886903981118
0.02581517100274837802
0.00098949068087063440
0.01792189299879623048
0.00001595511456120428
0.00006011838534345702
0.00022256301965344164
0.00056353583147041818
0.00003522555494867312
0.00025698028048553280
0.00004979471637287759
0.00000330156629568543
0.00004606025639204614
0.00000314119791391160
0.00008086860040967689
0.00020586047683993896
0.10000000000000000000
0.00056546450776577984
0.00176528386145797888
0.00054917410273684186
0.00003300289745367937
0.00000658204656942243
0.00006103888225686102
0.00006013470451204680
0.00263410031544540448
0.00000041415226887712
0.00089753529616457984
0.00000549441316976307
0.00463598961280715604
0.00001897645914656997
0.00045403636362191920
0.00003440358831805480
0.00002736711119843967
0.00008081137251909206
0.01601370639325919046
0.00024053393466699244
0.00246135621150408160
0.00000503399494843549
0.00234361097843562324
0.00003987259807323562
0.00006969788483417992
0.00000684166094609964
0.00040348970260167408
0.00008777519051133619
0.00000232724541542134
0.00001432094252123468
0.00000282934636237608
0.00048313871384079392
0.00071988566123466258
0.10000000000000000000
0.00031533974464027898
0.01558864582508122442
0.00001746894034642414
0.00021396168293218012
0.00000028559461816249
0.00138973986109958480
0.00004902565945505714
0.00006104121876548024
0.00000500492950049766
0.00004230179808204371
0.00029729127247924140
0.00298972463876561380
0.00001687780642083213
0.00024558862120295418
0.00000096832380539445
0.00773922589267053540
0.00140616069417099648
0.00235031785638502584
0.00012994499344971382
0.00006568955561629249
0.00003113119110690707
0.00012546211111363230
0.00000339114148866391
0.00008093999991956852
0.00000565819426763706
0.00000000702112249437
0.00001556434706290030
0.00000040380867262140
0.00000352917257505900
0.00000750059415780159
0.00229307200317373600
0.00032175379673728680
0.10000000000000000000
0.00011781437066018696
0.00014116139010008300
0.00001956931824267540
0.00004097489234956200
0.00008465503803114830
0.00116006438963105706
0.00000340163099642154
0.00057588956591227424
0.00000272658126391470
0.00373838926572841526
0.00013827350204992272
0.00002716305594628560
0.00000160334353952292
0.00004364940126761526
0.00017526528246269080
0.02951376617377347644
0.00014966118957194098
0.00080870431696749568
0.00000050560517770479
0.00167412062771838804
0.00000573999421596525
0.00005036033960999631
0.00004011589203580384
0.00170101256478549962
0.00002331371941322154
0.00000185673958445401
0.00010506518275536360
0.00000235031504977455
0.02181330000490966408
0.00043038493762373872
0.00959615451371248424
0.00007107913617395340
0.10000000000000000000
0.00000017669893419577
0.00002374390208287820
0.00000764408393560432
0.00398071915231790584
0.00028949739667269592
0.00000205931964951877
0.00004329093587058824
0.00024721137039465280
0.00010085502347993582
0.00093901365769854826
0.00001021608288338492
0.00059798908562210920
0.00000441252377426911
0.00677160560355198808
0.00112022882966023424
0.00528559690833280184
0.00000826163274086914
0.00003004215631006084
0.00009640935993903008
0.00087239977962393482
0.00000219752087002554
0.00052671144850146552
0.00006527244726777992
0.00000038746004265405
0.00000529301641798601
0.00000090621862739122
0.00003542191750641249
0.00005471401610472050
0.00007530142279976618
0.00003130830108039863
0.00024794987721072600
0.00000051444390662987
0.10000000000000000000
0.00052110563234439840
0.00194449042260498400
0.00029432246949442744
0.00085123943662561424
0.00000085982646993362
0.00034943704292400560
0.00000150757232102900
0.00036593515009060258
0.00004505853228946499
0.00014154164308924296
0.00001169918565635430
0.00004331619824721076
0.00004781313463489200
0.00005861363359975280
0.00002361638315990433
0.00159827682673190388
0.00000641376676952723
0.00060888952070208120
0.00010696686249493616
0.00129574038046462106
0.00018004099683500088
0.00009602186766185890
0.00000729620003602790
0.00000004110716974512
0.00000743054911906585
0.00000003997383882064
0.00049807621651099152
0.00000546440542448302
0.00013952749459167560
0.00001250703939876035
0.00002515284074667910
0.00018960798291424288
0.10000000000000000000
0.00029165500656165512
0.00070053127362565280
0.00004506875145338469
0.00002096450505903138
0.00000016976138649304
0.00012329353077008238
0.00000837113520739916
0.00032527551874561912
0.00000133425643373937
0.00001694984510433844
0.00000049978788463492
0.00067619061175480200
0.00000973872424343648
0.00196227807280883604
0.00000795779546461360
0.00002874896253748057
0.00002706789497944821
0.00015715311181965470
0.00010673029680057498
0.00326166236142437440
0.00041909489224509000
0.00000053397383424518
0.00000021898403741549
0.00000113506509576984
0.00002085234283347625
0.00003092172883239243
0.00006905934069399424
0.00000025380940001105
0.00003568868415528925
0.00001103555775994559
0.00096420760338696426
0.00039746906069163424
0.10000000000000000000
0.00002786451073548156
0.00080817168530770560
0.00000798629937964965
0.00018516666450656716
0.00000469082121726663
0.00044597078949636160
0.00002032360493544117
0.00008230262878772192
0.00000543558436691326
0.00001787915493681061
0.00000556138409999028
0.00002775377239703349
0.00014680741456026610
0.00042002431421421056
0.00000364200421448971
0.00112973794947885162
0.00024580071833270220
0.00061094917611825760
0.00003833130051874735
0.00329596592391054720
0.00002732120365352195
0.00000125790061255350
0.00004977085724646236
0.00000005759421957381
0.00257056711923028984
0.00005933332416862954
0.00107708218122639488
0.00006430180547523342
0.00501173411987687606
0.00012727579129213352
0.00083256675322534506
0.00002430015621030637
0.10000000000000000000
0.00036970627137787306
0.00099798818226708304
0.00008474424084517345
0.00010833444092647250
0.00015167210496566124
0.00099344772555822442
0.00000298071080160211
0.00002485695105095059
0.00000637002028463205
0.00176719270432937568
0.00023619837473903044
0.00602581576608251520
0.00000128999758425509
0.00017983942184780030
0.00026616117613317000
0.00068256200492720080
0.00006756162009716640
0.00028367504190497178
0.00008865309325511998
0.00000264599944039616
0.00000112784186027612
0.00000543462809313108
0.00008473266118341326
0.00017972678350512876
0.00219822722256094208
0.00003213701557687347
0.00074527958647017952
0.00030827472537224432
0.00031134428258258578
0.00004530371695652055
0.00059611224986950186
0.00031269691015657420
0.10000000000000000000
0.00001298568954933117
0.00066362492034511000
0.00000358828637723054
0.00649261749005551528
0.00006534880254550649
0.00005905914257815825
0.00001096692319691230
0.00020607404704638684
0.00007489623244763138
0.00547395923908309204
0.00008739995306382019
0.00582914116032135602
0.00002879153031159952
0.01249521047160831202
0.00000765370735685690
0.00023420266770492752
0.00004684314723516128
0.00040568934474048096
0.00002451503917803020
0.00000024813668158705
0.00002095722879921233
0.00000016017238017896
0.00010697138889718168
0.00000021898563263630
0.00002535248890165039
0.00000138464880912417
0.00000138941609746513
0.00000019925777477483
0.00001335236599535124
0.00000373237531234954
0.00053481979934836720
0.00000822773549965028
0.10000000000000000000
0.00004697962962089359
0.00035302680853334596
0.00001602401717958750
0.00011839546548166268
0.00000176563564905111
0.00004427968053495191
0.00000137672081110005
0.00007743895697696044
0.00000458603173799157
0.00068251197019982392
0.00000200978048688826
0.00495289168644068800
0.00001762454696489197
0.00004636226406080884
0.00000061568921798205
0.00000516501686870460
0.00000567986957336573
0.00000403362736815359
0.00000322206500380248
0.00000282279897302239
0.00001315293449891106
0.00001538261852646479
0.00078505029333469002
0.00000343863227961867
0.00038777696975955592
0.00004831654859469765
0.00013395649421021252
0.00000017885574482929
0.00014315050735057752
0.00007512468050847258
0.00069555000561732512
0.00007771412381057722
0.10000000000000000000
0.00008401980339939022
0.00030084414038894778
0.00002448798948730424
0.00017444689451472278
0.00001122441904313755
0.00011293707785593902
0.00002029775289247215
0.00056295892074532018
0.00002089885055350094
0.00095270324698122944
0.00030061967042072858
0.00079697158957867658
0.00001345613482224855
0.00014303541703430544
0.00000080072951241754
0.00035053744105937658
0.00046944000445793424
0.00000732888202294795
0.00120633852715934282
0.00001324731338531917
0.00027918240478063098
0.00000822840016680333
0.00004976164692057269
0.00000314347054181840
0.00047240612229851680
0.00000098951215389708
0.00022240903023892496
0.00000620907799288454
0.00016443230209718016
0.00000643933344755731
0.00099987612646092522
0.00014385660511661288
0.10000000000000000000
0.00007161884300132508
0.00089565080265642192
0.00012062515715106110
0.00209566491691572580
0.00007065135880394936
0.00020159353631766004
0.00000495055516288964
0.00158855398758805386
0.00005998299411070782
0.00012685239314861540
0.00000352682424186147
0.00074897207548367328
0.00000518193177807292
0.00005578719765978270
0.00000957809689096706
0.00000875477577089711
0.00013757768061676830
0.00000627715296357445
0.00000934610342509643
0.00007825064241612302
0.00302353910384980244
0.00015229902501170512
0.00187695783041341786
0.00008393124315930262
0.00010459866730861664
0.00000657620781634799
0.00025707727859074980
0.00010025484051198758
0.00507402591980206248
0.00001976464235396343
0.00022432038873040204
0.00003118935161202257
0.10000000000000000000
0.00010238682090522918
0.00046052894601487680
0.00002080312309131594
0.00005259042292537574
0.00019641834949282538
0.00372704768151491924
0.00006310447552523612
0.00329027245303985122
0.00002907595177622521
0.00073050394052432682
0.00014684122442243362
0.00015449179674433190
0.00000508080850014109
0.00006512143856904608
0.00014867033990670784
0.00000264008923321885
0.00009900694421135462
0.00000096243350659745
0.00258923696662035604
0.00001704271865681610
0.00210909777261874400
0.00009560035744957124
0.00107608998441437520
0.00001773575267135654
0.00035187880621469058
0.00001613275667101227
0.00090426394611936400
0.00007032683249723878
0.00020109588641467284
0.00002514379813309410
0.00053711629037310192
0.00014099204759670196
0.10000000000000000000
0.00002194038783906019
0.00005872450381824522
0.00003522901031236105
0.00048466365208901912
0.00002940417744484443
0.00306341760780145762
0.00000052679435814602
0.00051990818606310384
0.00004507889944895795
0.00143243834847321002
0.00000369237581251105
0.00023552289525420140
0.00000871270230169606
0.00402832070591049380
0.00461461029180639124
0.02600925614555637806
0.33783766214592312626
0.00018918865501803128
0.00993179985822770020
0.00028999809938360620
0.00045741753536052560
0.00028515087961653620
0.00135697061479843968
0.00003515561219099511
0.00159123811854830986
0.00006608207395575522
0.00154804716577194442
0.00007304371175564605
0.00436269268195311040
0.00176189946942816960
0.01544618099203228060
0.00053438951435275744
2.00000000000000000000
0.00414592441508974180
0.63534368781782360666
0.00007263228638106978
0.00535862358465129784
0.00046380172094690498
0.02135255593551006088
0.00000383858271274520
0.00148864839830208788
0.00002584692267607137
0.00005627018579166308
0.00004515437084113387
0.00060638112705499152
0.09231743687039612848
0.00113083165466661840
0.14000462912888124840
0.00171421824129100608
0.00169734882119048480
0.00033450907597615418
0.00187566049749019562
0.00001200128111273730
0.00741908601662188968
0.00004985499582516922
0.00019851253447231418
0.00004671265466280841
0.00024495060777094912
0.00012777582510603838
0.00081424118401063258
0.00012477342361298278
0.01360604542803026402
0.00031014127413369656
0.00063576969777888200
0.00184284250709569002
2.00000000000000000000
0.00746590479020107520
0.00037938092876304032
0.00009044965869260612
0.00227242684165216042
0.00099611902299126848
0.00000375399727840909
0.00001457608103405527
0.00063803822098568792
0.00000009257125694280
0.00052335225483996498
0.00002813965638653950
0.02371621788361699208
0.38239211774896304204
0.01129737310689638400
0.54086873478371280808
0.00002660349676099140
0.00091896694506568304
0.00002554073375034760
0.00112835584580993728
0.00018906492953272124
0.00063748526955156144
0.00002021504416527573
0.00053064254315074992
0.00021678950288232660
0.00829189821039707048
0.00008743015201685744
0.00433572307988209526
0.00158415386913515284
0.00270772441699858560
0.00131718774460983968
0.97530922148772608048
0.02578393615693146442
2.00000000000000000000
0.00001734122436228164
0.00093303129779544064
0.00028590073018924258
0.00062445414008393280
0.00001383174799471152
0.00343246935748888044
0.00027230256481948844
0.00007082054957273410
0.00002439530556637912
0.00104160040950518880
0.00019738872755768064
0.00000404045205059721
0.00001223898269143058
0.00000698847083280302
0.39318663920227504204
0.00187805234606079360
0.14127800731527248062
0.00313565278022807926
0.20080746383128032088
0.00048700263926167800
0.01892876953783200426
0.00011423580469280900
0.04162417326663787220
0.00208571473915817962
0.00340360480021269568
0.00053930845294923984
0.00312836719699763244
0.00699913115610047046
0.01254157170925622824
0.00007716628684294530
0.00090678962370738986
0.00001200173501497840
2.00000000000000000000
0.01857742736733865286
0.07299729280255998426
0.00097909108727117322
0.00217396711306213440
0.00370831966232568246
0.01718456262443521606
0.00056644702865144720
0.01569359533942656226
0.00200717500313008768
0.00006010421333866548
0.00003609384554610265
0.00003539060286638989
0.00053313594030029080
0.00814412300305507840
0.20111105397136424404
0.01387141810544973066
0.28534191499897992422
0.01795162680418405668
0.00032262024260621024
0.00014732083988424076
0.00030807059491759280
0.00300640500793566400
0.08237688550450235282
0.00010892449599364538
0.00808304212575301446
0.00004151489030463813
0.07176883454947802608
0.00041117757466919440
0.00307652188751795520
0.00011682797508668190
0.00034895494665408300
0.01003909219117880004
2.00000000000000000000
0.00206267754074063124
0.01106450614902586026
0.00000112418298764009
0.06887690213161902480
0.00035416893246063280
0.00137926341234340160
0.00046723399954694992
0.02799771332536167684
0.00311807512508909786
0.00003120334243336760
0.00228285599361496842
0.00003826948490542334
0.17365317325156464040
0.00355620398059510602
0.02729472581083173668
0.00170339889021434102
0.09971427441053890682
0.00015302859199020380
0.03494530988502343248
0.00191841447614282880
0.09029270385389304028
0.00154839313137509760
0.01908380645994125642
0.00035325373700039800
0.01568260476348107846
0.00143053119996683706
0.05043044699607889846
0.00031347675429079004
0.00345538190940385762
0.00012587939279203440
0.04643889232432232084
0.00242827331656497846
2.00000000000000000000
0.00163283785600890388
0.00936861558246607842
0.00487748639824166180
0.04118060754618252800
0.00019594023616104104
0.00291145658146953206
0.00087718527958953482
0.00005970477284222954
0.00485466119174284186
0.00012126696356971096
0.00159278794426205568
0.00027757462942678178
0.06533799094084358404
0.00270952202416221568
0.01652638731102559046
0.00027984024787660860
0.01859482933871514026
0.00025444980107938960
0.00985484690881776268
0.00003470617114572544
0.18541958609338704062
0.00010089841737733238
0.02891365588376278066
0.00106322543296817104
0.13392141587190132208
0.00001557072112814616
0.02591217404367727266
0.00271955832121691126
0.00049365202420634746
0.00111835373745681120
0.02338725550388574408
0.00293173059109944184
2.00000000000000000000
0.00014101002028852620
0.04154971962572144840
0.00615874772354001526
0.00562137280461803924
0.00025637068348600498
0.00292557775136942400
0.00008458293903968060
0.00000306748527536879
0.00005848416986620228
0.00000040795349868995
0.00103237163935814880
0.00013190249102901690
0.00135200523621810800
0.00001019878869012324
0.00100444071583004880
0.00007365500664472056
0.00090736168385668768
0.00008434606193083998
0.00477586036478640640
0.00090399223375423040
0.24543894488889752600
0.00900557966999325608
0.00221944709423106400
0.00116815649062242640
0.01516851909911343886
0.00000459805119747958
0.00001011649362003164
0.00001079310386474562
0.00245108279777931040
0.00000234548764906883
0.01660371740097219624
0.00013918706940476748
2.00000000000000000000
0.00026629802601054644
0.00121740424818246000
0.00005145468237277755
0.00039822419402187312
0.00004461571396226016
0.00000942077530874624
0.00023562999889665604
0.00001696069627688994
0.00153172170499683626
0.00379240719571263202
0.06093389573764485820
0.00063578603803564760
0.03350865745263342480
0.00319849448610561964
0.00693842357285331526
0.00084770733512790352
0.02596182889471103268
0.00701365871246204260
0.38929311756853496682
0.00086663416562626880
0.02369028675614118088
0.00006122984341387778
0.02912211072758386024
0.00130503762015567360
0.00176940900574902804
0.00003897714564650732
0.00265771958531738048
0.00414873194356347048
0.14259455643408572846
0.00857746945415252264
0.04069585831709759268
0.00026424157329643352
2.00000000000000000000
0.00038465216003664376
0.00845946175511493602
0.00015182506586906176
0.07759029803032951460
0.00285720774763636608
0.00014959394473684690
0.00142547268922342304
0.00014207537967759498
0.01420217822754349864
0.00153327276921769728
0.00378965178588005120
0.00016992340475709828
0.04280686473790530460
0.00180278125225533408
0.00727923784060571462
0.00835434065305781444
0.02660195154141262406
0.00035267645688061060
0.00337173897900294444
0.00059158788815669786
0.01923164456115129600
0.00865804321957280582
0.06133341296040861868
0.00004543770722585876
0.00252340767547546400
0.00031183559455860544
0.02843466793691593864
0.00108445433645035168
0.10710933652741148862
0.00892166673328291200
0.00178664997920591200
0.00056890485757498986
2.00000000000000000000
0.00115929981198678442
0.02067857177844259624
0.00114202740016700026
0.00000168706274234299
0.00002886217583234280
0.00000236702815829797
0.00012164028439027904
0.00067956562604573258
0.00205165636712619648
0.00007841023613256040
0.00114122304507168160
0.00008254124544611974
0.01671675220931969064
0.00378434548703583606
0.01589550213495477660
0.00201563355613518208
0.00826107547561134248
0.00003427606792103015
0.00481374041300459924
0.00010185506377782424
0.00697296222339618986
0.00012102280830105728
0.00007572269294216551
0.00000028025735636066
0.00006208309836860108
0.00071747887231027984
0.00323286939045189120
0.00039012011432903944
0.00623355945169751040
0.00005780557206579814
0.00957754792501032262
0.00088743366859687984
2.00000000000000000000
0.00079995671604908768
0.23204854534022580206
0.00033730716431320196
0.00000760185524751660
0.00056290165232890280
0.00000359475380813009
0.00626004389549407460
0.00025430247801202156
0.00236316513933274560
0.00114789550935184384
0.02498128578872070084
0.00293298161599244984
0.14603134428613064486
0.00125929286573573786
0.01068652909850742242
0.00208638685998655008
0.00036308241133932776
0.00003402741329376749
0.00138461649315280186
0.00028956677877594418
0.00974761753957440808
0.00007672758289643992
0.00200068621742003766
0.00002700376830531623
0.02510014811687037640
0.00138286377954300906
0.00731962874230163840
0.00035897656629378192
0.00056490635976518258
0.00021704965557403112
0.01998778623579844488
0.00101011427631092506
2.00000000000000000000
0.01102157685291599842
0.00001551828143517411
0.00002524858171559677
0.00002938695808819053
0.00028584959950937820
0.00107599043609058208
0.01330359662379139624
0.00014654003624733362
0.04317585962962787208
0.00274611989215213600
0.00138757238898906704
0.01664435681223369060
0.09605134927791726482
0.00296249077630262180
0.01602839152640914462
0.00035417621986286004
0.01321371942292138888
0.00021087337491729252
0.00329220949300689408
0.00031986431596301556
0.00091399741197642026
0.00009542259854329482
0.00102274371927932842
0.00284765021327372564
0.07350469748172900242
0.00195621975074410762
0.00363376594862039040
0.00005614152917747862
0.09839445199109430468
0.00097919288398807264
0.25991445846509672400
0.00977667777571431040
2.00000000000000000000
