22
24
100.0
8.0
0.00001000000000000000
10.00000000000000000406
10.00000000000000000406
10.00000000000000000406
10.00000000000000000406
10.00000000000000000406
10.00000000000000000406
10.00000000000000000406
10.00000000000000000406
10.00000000000000000406
10.00000000000000000406
10.00000000000000000406
10.00000000000000000406
10.00000000000000000406
10.00000000000000000406
10.00000000000000000406
10.00000000000000000406
10.00000000000000000406
10.00000000000000000406
10.00000000000000000406
10.00000000000000000406
10.00000000000000000406
10.00000000000000000406
10.00000000000000000406
10.00000000000000000406
0.50000000000000000000
0.50000000000000000000
0.50000000000000000000
0.50000000000000000000
0.50000000000000000000
0.50000000000000000000
0.50000000000000000000
0.50000000000000000000
0.50000000000000000000
0.50000000000000000000
0.50000000000000000000
0.50000000000000000000
0.50000000000000000000
0.50000000000000000000
0.50000000000000000000
0.50000000000000000000
0.50000000000000000000
0.50000000000000000000
0.50000000000000000000
0.50000000000000000000
0.50000000000000000000
0.50000000000000000000
0.50000000000000000000
0.50000000000000000000
0.50000000000000000000
0.50000000000000000000
0.50000000000000000000
0.50000000000000000000
0.50000000000000000000
0.50000000000000000000
0.50000000000000000000
0.50000000000000000000
0.50000000000000000000
0.50000000000000000000
0.50000000000000000000
0.50000000000000000000
0.50000000000000000000
0.50000000000000000000
0.50000000000000000000
0.50000000000000000000
0.50000000000000000000
0.50000000000000000000
0.50000000000000000000
0.50000000000000000000
0.10000000000000000000
0.00000255864096373084
0.00078591168708303504
0.00000411505132086539
0.00011290120310887302
0.00000112901203108873
0.00028507738363545018
0.00000285077383635450
0.00013294739332770108
0.00000153352905293945
0.00000131073348856962
0.00000001182067887479
0.00000086919365328267
0.00000013043212776610
0.00000414555867396432
0.00000001102016329505
0.00003665980766703925
0.00000195968530254594
0.00011388091881740670
0.00000215318733868610
0.00238009882725980564
0.00000142569831057716
0.01700931922229415042
0.00018257583581296352
0.00063413517545576800
0.00001710908891360881
0.00064187210336354552
0.00000883951100228771
0.00147085840477721962
0.00001416969342196165
0.00047541264347659120
0.00000542385298862693
0.00042364631176894000
0.00000000000000000176
0.00000406898259576111
0.00000181144953663062
0.00019148908295772016
0.00000005273987604255
0.00003098608832715704
0.00000012288173066041
0.00000264836990295556
0.00000001338599027333
0.00000023045612565877
0.00000004187887122835
0.00000563216130988988
0.00000009622922972897
0.00000199111595914306
0.10000000000000000000
0.00000479160947101899
0.00050902732684930784
0.00000047523527131005
0.00004752352713100508
0.00000220536104400104
0.00022053610440010418
0.00000104741081249364
0.00000793099177100485
0.00000000410154235299
0.00000018033434900088
0.00000000701118261329
0.00000214522599196475
0.00000003909015493627
0.00000184211618748144
0.00000048271101050943
0.00002776925510891690
0.00000023759000412833
0.00044019589979448784
0.00000119440672492169
0.00029197938973871800
0.00005560360449031554
0.00395736273852118080
0.00000179060361122478
0.00149796323545039444
0.00000941384351061074
0.00168013552267721206
0.00000963054576342646
0.00049229137129207552
0.00000325652177173107
0.00028253550822452756
0.00000257698942233049
0.00000000000000073189
0.00000006533491274908
0.00006154411355347420
0.00000193195532348027
0.00000087956611010073
0.00000061283619955022
0.00001621771848808978
0.00000005596143572317
0.00000266249345123991
0.00000000189872668501
0.00000115701073411462
0.00000004152118471904
0.00001450434871907052
0.00031095897308523824
0.00000243625955982256
0.10000000000000000000
0.00018976883907861704
0.00018377553449784184
0.00000183775534497841
0.00002141652004068930
0.00000021416520040689
0.00001399990392295929
0.00000000128516582540
0.00000036834900286563
0.00000000098414018305
0.00000010751338019477
0.00000000176377741904
0.00000080350023806715
0.00000001495341195969
0.00000071918239019017
0.00000088711981892723
0.00001115206069319136
0.00001882932596804258
0.00056702378577246560
0.00000101444161944593
0.00001284210399952354
0.00000003021506857733
0.00012816994411786544
0.00000249246560675866
0.00031991191385581498
0.00000005214228824181
0.00000753513761508332
0.00000072579188856433
0.00002283990533038285
0.00000009193501158964
0.00001433091155690231
0.00000000000000000003
0.00000025993137035003
0.00000001571538349353
0.00008320400180633625
0.00000005331386189053
0.00000034649623885451
0.00000000830494791472
0.00000042622856283726
0.00000001246645565001
0.00000000725037326604
0.00000003415598097284
0.00000009094695316867
0.00000001884526288239
0.00000278502239733014
0.00044269776499364618
0.00032460035520878940
0.10000000000000000000
0.00000013122946245818
0.00001312294624581821
0.00000095504022376499
0.00009550402237649962
0.00000004192495331937
0.00000801032592290401
0.00000000965005726090
0.00000024869370944426
0.00000000063482442677
0.00000014839790456741
0.00000000918749619493
0.00000339661500694379
0.00000036250085157824
0.00005865701476720542
0.00000002962719232513
0.00010689171215127840
0.00004215514635237737
0.00024491801042402272
0.00000144520551111177
0.00086482966526507200
0.00001105493406014229
0.00030942004334586498
0.00000454579429337214
0.00013565161115244330
0.00000375388223178161
0.00010783454145210084
0.00000062584446829317
0.00001614327472052189
0.00000051518517710302
0.00000000000000000027
0.00000004414910073744
0.00001895087357450773
0.00000003239620516486
0.00000018051534768366
0.00000017613031736074
0.00000138513978184168
0.00000002566474210511
0.00000301667832499773
0.00000000149959603764
0.00000584337108209136
0.00000000398038726952
0.00003111004789989869
0.00002965325776464338
0.00000016039665390734
0.00012199223585641298
0.00000005092742952433
0.10000000000000000000
0.00100000000000000000
0.00022912010712992578
0.00000229120107129925
0.00000162946238196706
0.00000001020383644415
0.00000011769995281001
0.00000000039254377260
0.00000000987434320563
0.00000000184025313525
0.00000030919079325366
0.00000000231896890414
0.00000255090376204617
0.00000003823797660091
0.00011575665766440936
0.00000175271055108934
0.00011823719005588670
0.00000008429208175877
0.00002919369833154730
0.00000020489175315992
0.00003855644931171835
0.00000058403737729656
0.00073881395781879200
0.00000258088440811574
0.00002431907667212774
0.00000003096501755714
0.00000235150509514891
0.00000004378980506681
0.00000007940737080401
0.00000000000000000005
0.00000171067607006763
0.00000001138008822861
0.00029450856379673178
0.00000002092314262469
0.00000463399628697072
0.00000000025273083598
0.00000003628710225520
0.00000000190647769280
0.00000002396193416274
0.00000000618094909924
0.00000005010218729916
0.00000001431827461666
0.00000029653257764643
0.00001603966539073412
0.00000121992235856412
0.00000509274295243375
0.00100000000000000000
0.10000000000000000000
0.00000229120107129925
0.00022912010712992578
0.00000001629462381967
0.00000102038364441570
0.00000000117699952810
0.00000003925437726069
0.00000000009874343205
0.00000018402531352570
0.00000000309190793253
0.00000023189689041491
0.00000002550903762046
0.00000382379766009105
0.00000115756657664409
0.00017527105510893488
0.00000118237190055886
0.00000842920817587759
0.00000029193698331547
0.00002048917531599255
0.00000038556449311718
0.00005840373772965626
0.00000738813957818792
0.00025808844081157418
0.00000024319076672127
0.00000309650175571402
0.00000002351505095148
0.00000437898050668141
0.00000000079407370804
0.00000000000000000561
0.00000001710676070067
0.00000113800882286154
0.00000294508563796731
0.00000209231426246958
0.00000004633996286970
0.00000002527308359899
0.00000000036287102255
0.00000019064776928012
0.00000000023961934162
0.00000061809490992446
0.00000000050102187299
0.00000143182746166632
0.00016821271607237036
0.00000167220128612937
0.00003193858097477732
0.00000083265345033584
0.00051473703884330098
0.00000514737038843300
0.10000000000000000000
0.00100000000000000000
0.00004923416847492662
0.00000076405962113670
0.00000378140069768080
0.00000001840555533568
0.00000029008229235400
0.00000012238769655979
0.00001344373103442762
0.00000003002478749549
0.00003335662153083820
0.00000496725715409514
0.00049094876327165306
0.00000027132061503855
0.00003119729037312461
0.00000001790463084855
0.00001643202764451892
0.00000010874494007914
0.00000816711835539990
0.00000387555626682028
0.00008270772374360298
0.00002987414341737287
0.00141065689593536400
0.00000047366214415253
0.00004780725328244922
0.00000033640060662374
0.00002794131906446099
0.00000000000000000083
0.00003133287098605429
0.00000152134092666099
0.01071329851792280004
0.00000278483227323063
0.00003112507871757499
0.00000007272725647784
0.00000006401614637282
0.00000008743029085618
0.00000114366217014932
0.00000015688516234260
0.00000110197369919844
0.00000030658757750796
0.00000168212716072370
0.00016722012861293798
0.00000031938580974777
0.00008326534503358476
0.00000514737038843300
0.00051473703884330098
0.00100000000000000000
0.10000000000000000000
0.00000049234168474926
0.00007640596211367092
0.00000003781400697680
0.00000184055553356852
0.00000000290082292354
0.00001223876965597973
0.00000013443731034427
0.00000300247874954994
0.00000033356621530838
0.00049672571540951440
0.00000490948763271652
0.00002713206150385556
0.00000031197290373124
0.00000179046308485591
0.00000016432027644518
0.00001087449400791466
0.00000008167118355399
0.00038755562668202824
0.00000082707723743602
0.00298741434173728724
0.00001410656895935364
0.00004736621441525379
0.00000047807253282449
0.00003364006066237442
0.00000027941319064460
0.00000000000000008394
0.00000031332870986054
0.00015213409266609962
0.00010713298517922798
0.00027848322732306338
0.00000031125078717574
0.00000727272564778495
0.00000000064016146372
0.00000874302908561885
0.00000001143662170149
0.00001568851623426092
0.00000001101973699198
0.00003065875775079699
0.00005539107357567192
0.00000056077649796988
0.00001474197481552471
0.00000002580947125323
0.00000258482087195044
0.00000002584820871950
0.00003476406109174824
0.00000034764061091748
0.10000000000000000000
0.00000127525607145631
0.00000039146669296489
0.00000000357587277930
0.00000029513065347755
0.00000003007509417238
0.00000010195931130091
0.00000001632531284748
0.00001943803251235589
0.00000049097811357606
0.00001149943856087991
0.00000000680221834658
0.00000113267092245779
0.00000001832791739436
0.00000189868255624061
0.00000008406713070155
0.00000329933196639556
0.00000021756851430667
0.00021886838371992956
0.00000153711042654141
0.00146249035209229386
0.00000181328598067250
0.00002300045025924524
0.00000059073704305037
0.00005110689581458574
0.00000000000000000159
0.00001022695756791297
0.00005206137012615772
0.00009667652081034702
0.00000025567970650881
0.00125196762336617104
0.00000024075034665049
0.00000077571138772620
0.00000005781614968237
0.00000019281213814413
0.00000005835026778154
0.00000005646191815591
0.00000068858031163422
0.00000073539872228189
0.00000488732429602150
0.00000000155761702321
0.00000567580692404990
0.00000001863032832972
0.00000186303283297281
0.00000062095775121403
0.00006209577512140364
0.00000146780481045261
0.10000000000000000000
0.00000003104555110092
0.00000174237471696303
0.00000010596375555068
0.00001783040439824108
0.00000013677044090196
0.00002166782256832594
0.00000059523778428463
0.00004982978340168344
0.00000021064700169700
0.00000360944798157207
0.00000017250476529418
0.00000156079818044714
0.00000015824390388014
0.00000542920798422263
0.00000014807167890139
0.00000381677361137968
0.00000125110662343826
0.00018869320012237272
0.00000065327835256704
0.00152337378918950624
0.00002259154956727349
0.00005289771521987426
0.00000044873857391554
0.00000000000000005557
0.00002867231435009364
0.00014124059479486816
0.00000056183930274403
0.00000781788392975561
0.00000012691465739872
0.00004340180769097124
0.00000167565612246630
0.00004215275618360503
0.00000000437755201677
0.00003172487250755434
0.00000078743466910601
0.00012733302666774816
0.00000115322497558152
0.00000000463724070773
0.00000081908655284334
0.00000001254515691686
0.00000039427758675371
0.00000000394277586753
0.00000563840522505933
0.00000005638405225059
0.00000082667443051671
0.00000005695976050787
0.10000000000000000000
0.00003866168132097119
0.00376229023073573062
0.00001240649307507856
0.00112095569690269184
0.00000125776247754578
0.00003245777391995498
0.00000006505726363033
0.00000051347216686993
0.00000000280153741066
0.00000095228258584860
0.00000000144448356280
0.00000068314172454896
0.00000000491009040867
0.00000011876041479750
0.00000000124524308033
0.00000119823526968386
0.00000003759478058462
0.00000085440352473079
0.00000005799856513663
0.00006687838922155881
0.00000085063606624072
0.00010957011885483642
0.00000000000000016597
0.00000000476853831515
0.00000003379547288346
0.00000653797353391382
0.00000001189224174617
0.00000007055749695349
0.00000005824398052452
0.00027496148601136520
0.00000919431629617884
0.00154210678616704404
0.00001950396739392792
0.00143232323155203386
0.00000039548898823385
0.00000000950707266964
0.00000018637842869654
0.00000000200046986079
0.00000029553965241628
0.00000000120203923508
0.00000012020392350813
0.00000002508749280247
0.00000250874928024716
0.00000000690281918667
0.00000292223469034736
0.00003534154140770844
0.10000000000000000000
0.00000958105692878781
0.00140171873643457520
0.00000594886850975251
0.00012858189736578540
0.00000066345012980586
0.00000196474276659703
0.00000000154552014869
0.00000023722530596763
0.00000000430037259090
0.00000010088769303097
0.00000000304426393505
0.00000008565547972189
0.00000000263887823852
0.00000122035254332595
0.00000003027474886224
0.00000104965894942796
0.00000001349464798446
0.00001157533591339553
0.00000065704818315498
0.00004108615001622787
0.00000543714528819035
0.00000000000002376377
0.00000000793021749887
0.00000117609705516979
0.00000003222775951614
0.00000020804502938871
0.00000000687070006354
0.00001105766692126084
0.00000204667667499217
0.00135899322849007328
0.00010226585236898302
0.00030457069106479060
0.00001412979578917329
0.00003724026292913840
0.00000091761207807635
0.00000000951144824359
0.00000028686379842714
0.00000000099024524974
0.00000003968962083883
0.00000000039689620838
0.00000051900045023196
0.00000000519000450231
0.00000074781976300482
0.00000023327545980072
0.00451434998678991842
0.00001257626271845754
0.10000000000000000000
0.00004574285936395746
0.00118144658862154304
0.00000211726425020227
0.00001528866030220666
0.00000000154433210625
0.00000008892883108467
0.00000000158864928786
0.00000003255085096383
0.00000000060693989767
0.00000004110010536264
0.00000000255226506283
0.00000001746368037658
0.00000000666798159125
0.00000034942609110183
0.00000000888576424856
0.00000163090207048159
0.00000020060972483393
0.00000534849685229220
0.00000140945538533177
0.00031125558230899460
0.00000000000000036932
0.00000799876086063485
0.00000000912768827738
0.00000057318117479093
0.00000000236335181447
0.00000044852593895597
0.00000000763997447403
0.00012792795151415320
0.00002607362202757634
0.00973970953618330240
0.00001270925358207602
0.00079602078085342528
0.00000007894795136777
0.00000004870660163796
0.00000102941168944096
0.00000000166462986422
0.00000008187995253703
0.00000000261641706703
0.00000026164170670304
0.00000007745419632706
0.00000774541963270608
0.00000002695567986057
0.00001388460663699026
0.00000526565793849718
0.00065081826703577520
0.00001618020365919595
0.10000000000000000000
0.00007744957180350549
0.00014925496277812652
0.00000118543447221927
0.00001256562752555259
0.00000000693847097129
0.00000058690959521824
0.00000000495934684496
0.00000030863227964346
0.00000001226761905776
0.00000106691001459625
0.00000001179942939748
0.00000223625949844788
0.00000013386379649104
0.00000002625905212865
0.00000006364758774596
0.00006151060380900415
0.00000002921069207456
0.00020566136289113376
0.00000613812107425065
0.00000000000000069610
0.00000013763402300178
0.00000000409220935217
0.00000010589473508326
0.00000090621948395197
0.00000000508976427832
0.00002623930871333890
0.00001086722270726569
0.00011349116659882690
0.00001248553338025389
0.01131799882634898402
0.00000344759540740043
0.00006090864095906932
0.00000199097452233263
0.00000002412475010362
0.00000097530241535602
0.00000000651968138276
0.00000056537336775889
0.00000000565373367758
0.00001094224393783156
0.00000010942243937831
0.00000011753022663369
0.00000013697585514584
0.00061188730229332920
0.00000355232434069739
0.00053746990825962384
0.00009960896037940672
0.10000000000000000000
0.00003949387311098599
0.00008151869698055906
0.00000019397847326202
0.00000163113302252211
0.00000000186765040937
0.00000346075022630558
0.00000000125795714750
0.00000161100046323386
0.00000001098455446260
0.00000015000377944370
0.00000005011067745047
0.00000003313814400544
0.00000033339617322377
0.00000940632473550340
0.00000137537754610790
0.00002434558602767336
0.00000675304000719729
0.00019467046085175044
0.00000000000000000067
0.00003747389999826387
0.00000003345014591890
0.00001918037385647457
0.00000002217062200223
0.00000124264144980110
0.00000054579526660480
0.00184022159503147384
0.00006355691580242206
0.00074149459386100954
0.00007055576166249514
0.00084679655882825706
0.00000125252587470083
0.00000001013485685004
0.00000217700488334100
0.00000003475686049749
0.00000461553955083002
0.00000000811989982205
0.00000081198998220551
0.00000004679651074990
0.00000467965107499064
0.00000003603554922169
0.00004155411112233179
0.00000131470580209319
0.00014702968428600488
0.00000184442958060094
0.00036758274748967504
0.00007562696625760180
0.10000000000000000000
0.00000052743936653962
0.00002943834641696305
0.00000000482842066723
0.00000013624949666002
0.00000002258507448769
0.00000031929000511158
0.00000003005909349413
0.00000490174330076814
0.00000001667297944597
0.00000398599653415069
0.00000007164837410881
0.00004001589543663391
0.00000021767178949600
0.00009136549458875938
0.00000141308775823969
0.00106300944096547824
0.00000658007232005269
0.00000000000000019817
0.00000037180868961998
0.00000622397982256988
0.00000011915695905436
0.00000143468506355763
0.00000002022728334264
0.00001451142226368293
0.00010800902839193142
0.00194728170456247780
0.00000980164151545187
0.00399473801650022720
0.00007142938007300769
0.00000499182284010813
0.00001498099234082052
0.00000025348391158685
0.00000074277982356722
0.00000021887995700027
0.00000396890433804240
0.00000003968904338042
0.00002310129884344125
0.00000023101298843441
0.00001906526069225548
0.00000050723595251480
0.00001507542230942660
0.00000033709653539291
0.00000591803127872221
0.00000129725305527995
0.00006936254070940400
0.00000023436532227897
0.10000000000000000000
0.00000012426148674111
0.00000343831749100354
0.00000004196601970592
0.00000620541653961721
0.00000000571305335973
0.00000057717111203666
0.00000006219733463949
0.00000060139393976002
0.00000049845362206574
0.00001842991447313532
0.00000034611057150946
0.00006773227437559414
0.00000180125972848182
0.00061746350677079898
0.00001960413479037033
0.00078015341971802192
0.00000000000000003168
0.00028334618075087620
0.00000049405461797143
0.00002648364933887777
0.00000001653747045376
0.00000590763223230886
0.00002830690508884109
0.00002714866431451146
0.00000034855908459198
0.00000076637423900030
0.00000002385242340396
0.00001640412312620600
0.00002063845353282613
0.00000140408121697017
0.00002556718534173230
0.00000160641899091394
0.00006209725669765272
0.00000010431024235131
0.00001043102423513142
0.00000603151592911166
0.00060315159291116658
0.00000084432193298805
0.00007444988491704140
0.00000005297879094520
0.00000175027866273991
0.00000000104810313435
0.00002410942353246628
0.00000028938551879656
0.00002293452325220618
0.00000021786729423690
0.10000000000000000000
0.00000013589611262292
0.00002199722218609886
0.00000200855112298607
0.00000048935521646294
0.00000153420551344885
0.00011682654452342580
0.00000039876324777090
0.00032387741843306640
0.00000627485712743911
0.00014849973430673456
0.00001199360825867464
0.00052682755380856992
0.00000035388252482762
0.00005314235815921134
0.00000065043728190374
0.00000000000000100413
0.00000164062511894904
0.00075359224106682192
0.00000157159638844870
0.00008109210381935988
0.00007789634031593639
0.00002207449140213542
0.00000006556020517417
0.00003875852386635165
0.00000005896563217140
0.00004022508941889317
0.00000001501962863943
0.00001601697369212634
0.00004356024758571552
0.00000011678319090345
0.00001078115165251167
0.00000001674466400491
0.00016858212068374860
0.00000168582120683748
0.00031825811663684378
0.00000318258116636843
0.00001055737767970864
0.00000016802108935079
0.00000022323209780882
0.00000000073503776676
0.00000003222102753391
0.00000000710722235304
0.00000129911058364502
0.00000000200823664812
0.00000321836245924576
0.00000007255051783058
0.10000000000000000000
0.00000050667308700604
0.00013989072594331252
0.00000002225681454246
0.00000863358173991818
0.00000002107553543190
0.00002689058779505128
0.00000019189137815553
0.00003489534297524901
0.00000479718624976757
0.00001465891098322520
0.00000043342178966709
0.00000633977233534138
0.00000007189070426185
0.00001057055741846701
0.00000000000000000008
0.00000657980114182547
0.00000000956473230563
0.00020976684253684800
0.00000337003273648982
0.00003849198930357215
0.00000000487747357604
0.00000015990904350713
0.00000000649535796569
0.00000008317302545770
0.00000001072723504154
0.00000026514379624773
0.00000002725841658151
0.00000168074192864581
0.00044154808470411240
0.00003714707687314038
0.00012328487926297638
0.00000520901460590895
0.00052090146059089578
0.00000035892685274689
0.00003589268527468984
0.00000001274411933010
0.00000587528774728341
0.00000000248551277332
0.00000023023738189984
0.00000000117463969912
0.00000122683787976634
0.00000000303551349555
0.00000011564438064260
0.00000008016164067189
0.00002396520587994408
0.00000103396937673327
0.10000000000000000000
0.00023753517490065352
0.00004505742461395682
0.00000230925262340211
0.00005224334782645881
0.00000486739268375076
0.00024292032222434280
0.00000818047282310588
0.00006974308519340224
0.00000121236649525859
0.00000786040237332261
0.00000058589450676645
0.00000032000710275236
0.00000002198521068314
0.00000000000000004318
0.00000000337292156130
0.00000529377851048141
0.00000125663364448328
0.00000067205651169320
0.00000000415548333496
0.00000118496244144091
0.00000000678593450252
0.00000011337265378351
0.00000000051355056159
0.00000043023884063177
0.00000000542647773097
0.00000293243075034244
0.00131477921791452906
0.00000084785751851679
0.00079164372083676256
0.00003440764950187665
0.00024867841899243696
0.00000248678418992436
0.00002920644222004540
0.00000029206442220045
0.00000150176381584201
0.00000019871382094451
0.00000059789378518595
0.00000000295365340095
0.00000001703246919870
0.00000000733633363222
0.00000398057178301920
0.00000001356593646250
0.00000838838547345628
0.00000154858424465659
0.00020202605681802452
0.00016809955114072538
0.10000000000000000000
0.00000014676122553321
0.00137423316884911648
0.00000454917722106069
0.00022641749844209704
0.00001034294820059825
0.00014973886251654252
0.00000898736723532720
0.00056342954210612898
0.00000070068168355991
0.00003002689218196574
0.00000024218696313204
0.00001213508600808745
0.00000000000000000217
0.00000965238860592409
0.00000013396135721320
0.00000310062210861593
0.00000010273722075788
0.00005316223439650282
0.00000001332581840784
0.00000027738092984241
0.00000001388517418662
0.00000018242568996807
0.00000003798693713716
0.00000001767943196054
0.00000004818604730415
0.00000078546110022274
0.00020671026247937316
0.00000141252049835915
0.00019937207695914484
0.00000017681128623552
0.00001768112862355299
0.00000001671730857558
0.00000167173085755880
0.00000002423540096783
0.00000179313477835018
0.00000000090450299037
0.00000006910840084359
0.00000000031673799182
0.00000045533930817113
0.00000000144304627261
0.00000019127260884381
0.00000000770220240397
0.00000037628367300729
0.00000003205683756273
0.00003180125025106447
0.00000014636948199659
0.10000000000000000000
0.00003107462655756675
0.00019594614356857300
0.00011445520576222336
0.00167512466277330102
0.00000072236986561668
0.00008324149971621331
0.00000009517157544703
0.00003587315208745330
0.00000003408045836219
0.00000521249677840919
0.00000000975745267277
0.00000000000000000088
0.00000001134854883918
0.00000230974994824048
0.00000018177263681468
0.00000000876184036849
0.00000001457477323542
0.00000000912119571904
0.00000000098835115711
0.00000014665652061554
0.00000000000992138224
0.00000033756448236329
0.00000000229728821935
0.00000053936016887622
0.14484545346657912680
0.00060846230281505104
0.00027639155690012624
0.00001818419620284012
0.00094652744066594106
0.00000946527440665941
0.00023714448751750672
0.00000237144487517506
0.00003880702410073413
0.00000281005009089767
0.00000661194304334975
0.00000003223263752447
0.00000033152653632505
0.00000027975313850447
0.00002856478535064782
0.00000027833269588877
0.00001202741017654557
0.00001823457228613750
0.00019220716099337138
0.00002519243603985848
0.02118461238168023682
0.00048031572752326098
2.00000000000000000000
0.00199477333584104768
0.07567075386795348204
0.00205709922313369002
0.00355242822984321246
0.00001581215863255904
0.00820394433983233920
0.00001655653733317577
0.00178663218029429386
0.00000381945962961195
0.00032226202187909858
0.00000000000000005363
0.00026872622414690996
0.00000391146831041819
0.00121890710368388682
0.00000059453881277083
0.00001394815192391162
0.00000002693561439214
0.00000248006571501214
0.00000032296376095524
0.00000750688083176751
0.00000048960454863366
0.00000127935330337979
0.00000065740854272375
0.00310232006758577122
0.08640959313214301860
0.00000129759015737245
0.02171303071418592426
0.00001325543365391581
0.00132554336539158048
0.00000313152803428228
0.00031315280342822804
0.00000342854278491996
0.00019237512762097924
0.00000009482724856960
0.00000180964781219730
0.00000004107962830873
0.00004854760910140031
0.00000038863607811327
0.00009056581081391638
0.00000258621531364982
0.00277063261236328160
0.00000093622998097490
0.00113724775204543680
0.00013993241199667248
0.00604342279797830184
0.00398032856282128482
2.00000000000000000000
0.00055040382285698840
0.02769472787907746022
0.00012496065468185110
0.00486875212230057442
0.00002657555025877319
0.00649551878006568802
0.00001387128593912932
0.00226045767061872320
0.00002039709287182733
0.00000000000000262752
0.00000209401521253546
0.00149848985060991702
0.00003607064283369646
0.00007388281012407410
0.00000326741858183725
0.00007230056628159718
0.00000004056380803873
0.00005566659421657212
0.00000003573292636917
0.00010613716469866248
0.00000009630498106736
0.00059451590732535744
0.00970175277595764264
0.00003520307579882003
0.00495593050786224320
0.00024990277552566904
0.00224590586455200246
0.00002245905864552002
0.00021175864519001418
0.00000211758645190014
0.00012115306851519608
0.00000472399573933535
0.00000206509683635701
0.00000005019764199138
0.00000025308217538873
0.00000048342167129325
0.00000477845966684936
0.00000027736520918306
0.00002251526210123718
0.00000851486152901323
0.00107554671420119386
0.00009539937455037236
0.00627076472725955122
0.00317838764060804766
0.13594977217719710426
0.00049557169853238032
2.00000000000000000000
0.00038418904416546400
0.01430517352276406242
0.00004182282514470842
0.00491117352582794240
0.00002594115228531044
0.00051359061472307744
0.00000189965124590704
0.00043330549343874128
0.00000000000000004139
0.00014328660749750724
0.00000052266118476567
0.00449735690279693608
0.00000104335060445423
0.00004208082666633188
0.00000011595638358143
0.00000416350234734976
0.00000015433821512759
0.00000292923666681092
0.00000006238397640559
0.00000665679272623452
0.00000019979100132721
0.00025935478850288160
0.02917973459747350408
0.00009549204972125686
0.00693046530836421446
0.00003370809325589151
0.00337080932558915126
0.00009956469670140706
0.00995646967014070668
0.00000791595793449375
0.00012065155557065172
0.00000002145467206980
0.00002300108399228081
0.00000009574568374507
0.00009077919680469378
0.00000158166689711430
0.00006570141383780914
0.00001849020575468000
0.00685239141540922004
0.00000760472427577939
0.00471750119808974180
0.00028382712416129956
0.04609114252633910402
0.00366188491983044406
0.02470706655709617840
0.00038066592599928560
2.00000000000000000000
0.00040589234706694472
0.03149601343777632006
0.00079277093625495328
0.00017963639005362890
0.00015809320834905410
0.00098713099744503520
0.00000601345415086757
0.00000000000000860083
0.00000226684460960805
0.00082952698040362368
0.00002733507267150247
0.00042817526483528848
0.00000407413490711376
0.00012854205249350036
0.00000115677451284641
0.00005959121331465836
0.00000036167618863540
0.00004159209846129449
0.00000084836686104741
0.00214807283431573366
0.00962792017115726820
0.00018145283149868056
0.01212788436061093602
0.00010074890217666444
0.04219346855353759262
0.00042193468553537592
0.00210249024346999764
0.00002102490243469997
0.00787965230641426560
0.00003913338721240551
0.00002042802753558028
0.00000056462504034326
0.00000496474257267542
0.00000537704743252483
0.00000103497420114174
0.00000116858613768746
0.00067648301925093866
0.00013136568273252060
0.00136839687537439722
0.00015719660738817600
0.00406593722271159460
0.00001966738202368273
0.00625736309329984268
0.00011030976689686642
0.01402518990504474880
0.00040163121128389992
2.00000000000000000000
0.00022929331742738104
0.02860602795738827626
0.00004416922274682079
0.02156296725108051200
0.00000471778404046328
0.00228074291442273526
0.00000000000000020379
0.00318955903363207764
0.00000008903627622054
0.00823603233863605602
0.00000693487964747311
0.00425987187180224084
0.00001358383831096675
0.00022052227325158664
0.00000092520064402702
0.00003589079497705969
0.00000031259678019876
0.00011076938564720070
0.00009448484068584998
0.00010996943734059516
0.02685968231415792428
0.00000163947388055262
0.00249353393115017162
0.00012224707409839540
0.01222470740983954020
0.00062985874701900746
0.06298587470190074606
0.00004589748354250414
0.00489518545074079124
0.00000053158372114387
0.00001623631920528330
0.00000010471188412165
0.00000087482172116328
0.00000863618101521331
0.00054131082593193800
0.00001053678763058400
0.00257847867953618442
0.00015602384109391640
0.00111154154742071760
0.00020240368250690036
0.00187969164800814584
0.00002310026643732872
0.00356466007500352000
0.00003400860117205444
0.02584829858690365640
0.00019017401712862656
2.00000000000000000000
0.00053591348148020746
0.02633738429516075208
0.00014151703381680704
0.02391157856219310080
0.00001775994630634627
0.00000000000001150071
0.00000462054018869461
0.00054131431783390426
0.00145261859923704128
0.00140997874744836448
0.00001352094251080871
0.00012616239842910890
0.00000105861268322426
0.00011699904895488978
0.00000029631643300403
0.00096427392795991680
0.00000042125840944245
0.00099617989219619946
0.02509723382317583260
0.00021116341893445520
0.00032495021779065840
0.00009464162701448244
0.00157989501767919444
0.00001579895017679194
0.04079250051164817620
0.00040792500511648152
0.05989465175929465822
0.00002324461701275680
0.00001656984240467925
0.00000028629394062841
0.00002635969007050887
0.00000290826307279200
0.00033418913173592404
0.00000403856938797964
0.00282813573603734442
0.00028562680098647160
0.00065390900929332600
0.00002650145382286840
0.01740350668588087688
0.00000294757729395745
0.01643840816269235626
0.00002668664333146705
0.00547736787430888262
0.00089235019512939760
0.03254082576337974402
0.00073503143082818266
2.00000000000000000000
0.00029366543615193432
0.07551338912342686420
0.00003906243328839001
0.01908849086064222404
0.00000000000000044208
0.00027742570775453900
0.00027801807764045720
0.10572625744102540802
0.00001843045288996487
0.00848286539547733220
0.00001013653234401056
0.00015074277145589724
0.00000324403092483525
0.00028405357422003560
0.00000434711950451504
0.00000834074388707656
0.00003102147111645379
0.00020316360261528200
0.00907027533329104808
0.00002630075498364594
0.00228449341820157204
0.00000169037452601228
0.00016903745260122812
0.00001150954271740699
0.00115095427174069962
0.00006240103590522530
0.04554713536019314624
0.00000094515504555917
0.00020635484029652776
0.00000272455048036572
0.00236174058005289802
0.00004106054837164232
0.00142442003001724506
0.00006319917238660522
0.01054260750835935202
0.00001624638779816581
0.00014438132154566524
0.00001818646854887492
0.00093359376727442506
0.00002787642187151934
0.00548095188526215606
0.00002431119771404912
0.00016990743471869152
0.00004222029163329597
0.03035388818051771280
0.00024676484864204460
2.00000000000000000000
0.00038954458442034576
0.03108358528261128080
0.00018259251158856480
0.00000000000001053534
0.00000398282020017978
0.01268966201844983040
0.00004055081462423274
0.00167579916302971126
0.00007269303698866956
0.00128605716855320560
0.00000756854921847778
0.00013033485674139560
0.00000347212836069044
0.00207562902084951520
0.00000825636933631057
0.00397071020386000724
0.01009839249788143044
0.00008888905730938688
0.00122615810224688704
0.00001964239773593012
0.00019017507680821400
0.00000190175076808214
0.00172099358920754644
0.00001720993589207546
0.00117262163035327584
0.00100068335678309984
0.00161461015540178102
0.00001735299107965701
0.00010761447437677482
0.00000166157563732216
0.00107676050079373184
0.00003263781407861540
0.03209537204424972068
0.00001049143132244311
0.00035205928647608218
0.00001594342886018606
0.00115460667309017888
0.00000131398346336381
0.00445654950589720588
0.00001734023339549827
0.00071306683639009264
0.00022152734608309004
0.03053557221183655686
0.00024162756316257712
0.09400489983357702404
0.00057710287593867824
2.00000000000000000000
0.00015085621340773400
0.09987992256470626684
0.00000000000000054699
0.13445878321265702402
0.00003448766033472641
0.00270276199881850602
0.00000550149923630894
0.00063447829978187104
0.00003024400881819024
0.01321354626622554026
0.00004922216611046294
0.00169605161575980244
0.00004539656371212035
0.00445886044884514486
0.00000128870291590447
0.00007677048266171328
0.00513892397931510180
0.00000328880368409674
0.00033761719913403840
0.00000235985615023371
0.00023598561502337156
0.00000806950830179351
0.00080695083017935184
0.00002006876327699794
0.00156132176128314304
0.00001368454966409862
0.00072306512433883194
0.00001889709820066798
0.00779535362275757440
0.00019902289891063288
0.01636039911201105066
0.00067902168107084026
0.00104983558468506240
0.00000266023328137787
0.00000580265516303914
0.00000620553575761234
0.00013391681580698988
0.00000634848868031564
0.00188295280831405760
0.00000175748601888801
0.00092170886275422528
0.00000445184913705837
0.02720513258915441840
0.00003240340612468627
0.03068541603626244488
0.00010052360264189650
2.00000000000000000000
0.00124720389006981706
0.00000000000003518423
0.00025769099905114538
0.00263766442292956244
0.00001458678514244494
0.00029134471221632538
0.00001667339880487646
0.00447097785357870248
0.00000447345135454448
0.00041606077772304266
0.00004576582877934931
0.02094918985829931620
0.00001709081145814431
0.00712052822522645062
0.00466074394597015386
0.00003643151616112277
0.00039847060000402346
0.00000837455495961118
0.00000332612669717548
0.00000003326126697175
0.00052095793803332224
0.00000520957938033322
0.00134949525365010848
0.00001029471563676370
0.00137007487841691242
0.00007437352369555561
0.00324359325495653120
0.00018083563478851496
0.00445932612640328000
0.00007871416488275758
0.02100300476854022400
0.00000998737476093368
0.00030402572085513844
0.00000030985836799211
0.00024167784103920220
0.00000019484587733575
0.00041633508025325418
0.00001320616694168658
0.00031158579478317820
0.00000436423804388570
0.00167280057451379766
0.00001570542526195772
0.01230745958328692008
0.00014010360983709670
0.05173071632430738628
0.00096939976396471024
2.00000000000000000000
0.00000000000000178991
0.01916582314392537868
0.00000394281291698631
0.00142327642927481162
0.00000016262086015888
0.00022100952064576344
0.00002571994684939389
0.03697893245204640004
0.00001889583047072876
0.00410240916345676642
0.00010779743770878162
0.01573050113562061026
0.00007799900139558814
0.00000000000000000964
0.00000000000000514345
0.00000000000000000052
0.00000000000000000221
0.00000000000000000116
0.00000000000000011694
0.00000000000000000777
0.00000000000000077798
0.00000000000000002098
0.00000000000000063384
0.00000000000000103163
0.00000000000016158620
0.00000000000000191321
0.00000000000001019446
0.00000000000000000772
0.00000000000000117846
0.00000000000000042406
0.00000000000000766442
0.00000000000000000116
0.00000000000000030256
0.00000000000000002153
0.00000000000000000879
0.00000000000000003444
0.00000000000000084566
0.00000000000000001479
0.00000000000000310288
0.00000000000000007430
0.00000000000000505561
0.00000000000000014169
0.00000000000000401843
0.00000000000000014083
0.00000000000001359424
0.00000000000000088976
2.00000000000000000000
0.00000000000000006982
0.00000000000000092480
0.00000000000000004863
0.00000000000000050171
0.00000000000000001263
0.00000000000000977526
0.00000000000000001767
0.00000000000000018590
0.00000000000000039172
0.00000000000002599214
0.00000000000000001071
0.00000000000000406086
0.00005720284206663240
0.00000118029314649279
0.00000923551514101547
0.00000091706517200752
0.00009156420140830368
0.00000091564201408303
0.00074651047496150394
0.00000746510474961503
0.00034507879483965276
0.00084055021036983786
0.00000007619340940854
0.00000013861571804143
0.00010651527981635780
0.00000518148599943114
0.00109692777126244160
0.00000568357664668989
0.00974762331034524260
0.00003219105699326041
0.00024182721027580296
0.00000006074615573669
0.00024564545463320920
0.00000028958433091671
0.00044363304553161560
0.00000173248028948623
0.00013166459738606030
0.00000210225859917097
0.00298936151814716564
0.00000522132545331460
0.00022857224128897040
0.00000390514374203295
0.08898963639429858680
0.00025594382873570696
0.02449105178342939206
0.00000000000000017948
2.00000000000000000000
0.00001773143286680425
0.00258459312345855648
0.00000052327900870913
0.00158712062484988704
0.00004803979862337489
0.01082328143356585600
0.00000509344673087143
0.00006677265242966124
0.00000091146842429929
0.00445175862658786324
0.00008020297344752472
0.00002109336750548788
0.00092091383068188768
0.00000046250381180283
0.00032605846334906660
0.00000050453519363956
0.00005045351936395606
0.00003002272920619689
0.00300227292061968960
0.00145504128771547446
0.00342963856801363244
0.00000044727905660603
0.00001702779635830666
0.00000010067877078599
0.00000012760693370073
0.00000081102652774953
0.00007880581529385186
0.00001407810637977121
0.01224757770599555042
0.00000029117435492693
0.00007897074390202940
0.00000282384840132836
0.00004881885607874745
0.00000534861772901616
0.00102690479209458240
0.00000039780621926363
0.00063721033029659226
0.00000006911983422451
0.00050667028124796560
0.00018973075069731296
0.01030586105499925860
0.00001890609748301391
0.00216996565204342208
0.00000417324648016028
0.00000000000000196913
0.00001468695407679190
2.00000000000000000000
0.00002711265169181992
0.00033215122839448556
0.00025267047972017192
0.00025077836003369684
0.00000019011622202109
0.00012259681960263696
0.00000013765952426818
0.00028097576830191840
0.00000023362096450819
0.00054125895730754512
0.00099742966959161162
0.00001293147717975669
0.00109535055278283386
0.00000024933254369201
0.00584066568521334804
0.00005840665685213345
0.09457261781864312022
0.00094572617818643184
0.00120864655904081802
0.00000610266481053506
0.00003870631063295649
0.00000020871996020927
0.00000282805340702538
0.00000147709824318280
0.00020802364174245212
0.00000067488237371191
0.00033757143692267138
0.00001142545203017457
0.00285650985953336724
0.00000838547617727340
0.00002923676131732714
0.00000171857988330763
0.00074557431037206122
0.00001105729358553087
0.00153118356069016704
0.00000939271421442613
0.00286004144695436580
0.00060819955991666864
0.03227499115968090042
0.00001473168401523493
0.00066277260388876760
0.00000536798740170469
0.00067386935398821146
0.00000000000000004632
0.00095763205143350224
0.00001212803883031956
2.00000000000000000000
0.00000461505420195984
0.00035328312932816898
0.00000162225137244547
0.00000744306585729310
0.00000110216483167780
0.00001742177631770225
0.00000187198116455512
0.00002829784984324307
0.00000109227181745349
0.00000167948806397515
0.00003599308730448150
0.00000429090217276023
0.00000849373120139457
0.00000253682722356871
0.00025368272235687140
0.00015029370867464090
0.01502937086746409060
0.00001954222998839305
0.00051915396164877024
0.00000043042937468023
0.00000823741159613041
0.00000007128917991157
0.00007728015108014532
0.00000147005322172576
0.00004967808027023239
0.00000128871385722257
0.00360421334637794728
0.00028056439724496192
0.00002741728164875494
0.00000592253709541753
0.00000050644945357413
0.00000222331036482517
0.00013846433292547656
0.00000217169949096196
0.00089948102149411280
0.00001472287977661984
0.00360916403730491284
0.00003439686277545613
0.00372198256685716564
0.00000824778544629626
0.00065547871823001866
0.00000047071957240774
0.00000000000000292146
0.00000118533021706337
0.00090835163139441162
0.00002821475995069897
2.00000000000000000000
0.00005179200835864859
0.00000513048860467849
0.00000027469478494952
0.00009046738798711188
0.00000019711268551114
0.00024764099865095196
0.00000007976529131947
0.00042350843705221192
0.00038889373749727440
0.00000988374201792150
0.00001099090296305810
0.00000326621580837930
0.00022143488129633548
0.00000221434881296335
0.00066203140938177818
0.00000662031409381778
0.03771354324884009602
0.00000332158303767211
0.00000100648595041069
0.00000010721629385086
0.00000533223381003440
0.00000017106399668586
0.00003247337252976060
0.00000027604009243047
0.00018143758080546812
0.00136450570336522208
0.00126297622284351386
0.00000006681385390142
0.00120784047995795706
0.00000033202360057950
0.00002055715110931924
0.00000241337975341701
0.00003452074013110492
0.00000337312327444736
0.00356432052964989786
0.00001364040920215687
0.00623952861026990248
0.00006363141147303542
0.00037488619591300906
0.00001478434102438752
0.00025212932632063420
0.00000000000000002900
0.00141691029531997962
0.00027233221638866858
0.00085123374230499866
0.00002041216782001847
2.00000000000000000000
0.00000762383745829577
0.00002643186994646158
0.00000013217699602962
0.00000713203477434874
0.00000025885258021946
0.00001210483566737583
0.00001161847703984725
0.00000172960036043566
0.00029333305183420476
0.00000029543776865398
0.00002880703857139353
0.00000001354387194378
0.00000135438719437816
0.00000173484066533303
0.00017348406653330388
0.00000813327417880922
0.00127390019271764240
0.00000093177242117213
0.00019351630254827212
0.00000010186096366152
0.00098902572297699706
0.00001599578567489505
0.00022209502918253288
0.00097499061811957360
0.00043365390331456666
0.00000017947914667090
0.00002136701308725412
0.00000033954277848556
0.00000023303071942242
0.00000004452125499295
0.00005989034874226405
0.00000010668042829902
0.00011935381093196860
0.00001274667672709254
0.00014273964822857036
0.00000836166699859308
0.00126250547689159386
0.00002004085679564068
0.00444605268828563284
0.00003290612175398315
0.00000000000002515901
0.00004809809230374946
0.00030312993501069140
0.00000438367485977395
0.00000226766740772578
0.00000855003477693136
2.00000000000000000000
0.00000647606751231652
0.00037149773273831176
0.00000167833864285310
0.00033791366819366804
0.00000108438465481035
0.19940945627909458480
0.00003975520751480460
0.00000107948602500007
0.00001617069122230205
0.00000056924450799276
0.00000207392872420767
0.00000002073928724207
0.00000162857906994128
0.00000001628579069941
0.00002794831259507227
0.00005245288931507495
0.00469123947863520808
0.00003819972415626967
0.00181902325733418442
0.00043684834871765058
0.05751787962160968080
0.00176297377214943904
0.00099727159369164682
0.00000137356681822925
0.00000627551005122575
0.00000013049859249298
0.00000753761828165896
0.00000002692958181844
0.00000437180350254326
0.00000003583527941944
0.00000408512956631842
0.00000114550424962322
0.00022069061355661516
0.00000127734646857861
0.00013261629368883316
0.00000792396537164522
0.00933798671218715844
0.00000474429557937385
0.05045659461079380048
0.00000000000000004850
0.01155693199633401600
0.00000024508395328436
0.00002145008311755795
0.00000012948753947529
0.00003161397275462446
0.00000690666355609798
2.00000000000000000000
0.00034609558071158698
0.00106994076557751744
0.00001808372272232818
0.36750859708182258406
0.00002015745907416543
0.00000019941891204738
0.00005097029897793531
0.00000046938530334183
0.00006640356625240406
0.00000010813685203933
0.00001081368520393326
0.00000220740337222047
0.00022074033722204764
0.00000206730734461517
0.00130951642838909162
0.00015568100753953496
0.02517263832273716042
0.00036793798719056472
0.00452766877085202660
0.00197149652282661120
0.03154387419539555640
0.00001270696530131359
0.00080589260705111706
0.00000025297613374009
0.00000216373929923530
0.00000037446335954934
0.00000396570283847141
0.00000056500422503047
0.00004880532217911662
0.00000015028683954129
0.00005856399271661144
0.00000091889901130993
0.00014010524913978362
0.00000283234291488099
0.00013542254301932718
0.00003452192781504765
0.00043791140144453378
0.00002558762675581187
0.00000000000000050643
0.00000539753952704411
0.00015684669143038356
0.00000315227518686524
0.00004232237898704413
0.00000015689442789653
0.00039320004356641728
0.00034347608994033218
2.00000000000000000000
0.00047455820316725800
0.23720020478939300240
0.00013080091081965950
0.00162056318030027168
0.00000327598914788851
0.00000003468402155284
0.00000026048649815306
0.00000003149742467316
0.00000129688726533230
0.00000001296887265332
0.00002755217542118342
0.00000027552175421183
0.00000657852626094333
0.00000012976412736994
0.02491546532358179628
0.00180750890758121044
0.13114677893718410646
0.00047528931191041512
0.02194722170155775268
0.00015150376432479872
0.00002665905164971303
0.00000116989601820760
0.00000309098800993065
0.00000000935229483208
0.00000469442446078324
0.00000000025599373317
0.00001253129009354339
0.00000002989368664753
0.00000272170029524523
0.00000033916164100070
0.00003401365453260832
0.00000033858379841016
0.00023664616233948058
0.00000344242525062264
0.00113504150831054368
0.00004596308474898039
0.00530079925257434722
0.00000000000000101821
0.00006751823046031895
0.00000016805087690375
0.00004754538496589156
0.00000008798952150339
0.00000807799267427040
0.00000169502201930502
0.00101320786384018122
0.00045282234090561618
2.00000000000000000000
0.00015590629510943428
0.02041176563389983684
0.00000254955383540357
0.00000065430435285254
0.00002322924130411726
0.00000134872143163168
0.00013489469567796852
0.00000036767674841962
0.00003676767484196284
0.00000415403981213790
0.00041540398121379072
0.00000218810288861405
0.00103360324631389568
0.00034634439236421056
0.00591655023698886588
0.00018808852999743224
0.47353407589186560000
0.00229527480879323242
0.06786464093305571248
0.00000091194144188114
0.00087715423799785658
0.00000043816053822326
0.00000861142928520964
0.00000107438832322847
0.00000957292244388763
0.00000089828128178402
0.00009759083170709524
0.00000006370734938863
0.00004286751287569874
0.00000032560072462794
0.00121099264145091104
0.00000398044319921942
0.00226177356960746720
0.00003339075993083319
0.02312414656143484486
0.00015308811153365598
0.00000000000007425635
0.00000101296559639481
0.00037699364560209400
0.00000561497792695680
0.00012149812385951736
0.00000032223532285205
0.00037508712147064576
0.00001882163297693789
0.24876201394914152402
0.00017135401910420644
2.00000000000000000000
0.00044840236658433592
0.00147107073709990602
0.00009364197271788872
0.00000088711107541321
0.00000382167962831344
0.00000009778390158503
0.00000317159929532298
0.00000003171599295322
0.00003105064598089529
0.00000031050645980895
0.00000225315537666599
0.00002730103668292640
0.02706679673667480004
0.00029209690838033144
0.01253652872382970408
0.00015350004705489744
0.02931513628541666022
0.00129134641530978304
0.00066741826838980760
0.00000034853690475904
0.00001152491052563118
0.00000011558308382106
0.00000053211553220386
0.00000006932883593548
0.00000249785962558889
0.00000009423254377427
0.00000723422720331405
0.00000093049014443767
0.00012278101993662002
0.00000056298949425363
0.00000812728079606435
0.00000957412580971796
0.00349009967665968404
0.00002007575056657965
0.02377312169168625604
0.00000000000000003258
0.00526496276046675126
0.00000033357047436964
0.00009032555605364076
0.00000004164583825337
0.00001603578305768259
0.00000128091521632495
0.40704984275341418084
0.00014597900529605302
0.02387381611739719248
0.00047717592429547978
2.00000000000000000000
0.00000607293513081868
0.00000211011730962584
0.00040870562846675872
0.00000104441342181497
0.00100796820742487242
0.00000119540876392847
0.00011954087639284764
0.00001139352436788740
0.00113935243678874000
0.00003624050455916662
0.00582250392623427604
0.00000985676364019597
0.00101533167492142528
0.00000163982642547063
0.00357664017075206326
0.00005718783567796585
0.00011902252666656770
0.00110745564874961888
0.00049020096142572666
0.00000156264683982171
0.00008237741100970498
0.00000191277132639377
0.00002146749721172132
0.00000169284423139839
0.00076721973470465920
0.00000028635657194946
0.00310728583941031562
0.00013812673496246704
0.00175587501691481044
0.00003986639720739053
0.00607270704903768802
0.00000133036522062494
0.01103126814633016420
0.00015546649907238798
0.00000000000001628262
0.00012510028113354044
0.00101926006282561728
0.00000459824445215331
0.00029162438794887872
0.00002029946535261309
0.31066111177013904860
0.00002944557207796802
0.00238533686674603126
0.00000393286989339518
0.00206465886423762560
0.00000800945126912695
2.00000000000000000000
