13
23
10.0
8.0
0.00010000000000000000
10.00000000000000000406
10.00000000000000000406
10.00000000000000000406
10.00000000000000000406
10.00000000000000000406
10.00000000000000000406
10.00000000000000000406
10.00000000000000000406
10.00000000000000000406
10.00000000000000000406
10.00000000000000000406
10.00000000000000000406
10.00000000000000000406
10.00000000000000000406
10.00000000000000000406
10.00000000000000000406
10.00000000000000000406
10.00000000000000000406
10.00000000000000000406
10.00000000000000000406
10.00000000000000000406
10.00000000000000000406
10.00000000000000000406
0.50000000000000000000
0.50000000000000000000
0.50000000000000000000
0.50000000000000000000
0.50000000000000000000
0.50000000000000000000
0.50000000000000000000
0.50000000000000000000
0.50000000000000000000
0.50000000000000000000
0.50000000000000000000
0.50000000000000000000
0.50000000000000000000
0.50000000000000000000
0.50000000000000000000
0.50000000000000000000
0.50000000000000000000
0.50000000000000000000
0.50000000000000000000
0.50000000000000000000
0.50000000000000000000
0.50000000000000000000
0.50000000000000000000
0.50000000000000000000
0.50000000000000000000
0.50000000000000000000
0.10000000000000000000
0.00000233840831312051
0.00000275214598112377
0.00320107893166543006
0.00000002497189341091
0.00000003416053617100
0.00001180411999214060
0.00000003482959583186
0.00000000052376507293
0.00000490097133334538
0.00000000542738964065
0.00000001029772622473
0.00000534767661142318
0.00000026756539728055
0.00000054202239020618
0.00001060396435602474
0.00000000788272788241
0.00000001514387379731
0.02016945105917074462
0.00000550246542089769
0.00000826185660198217
0.00441355771543602806
0.00000000281862780345
0.00000000597352012736
0.00000355740042831932
0.00000000571289018559
0.00000002308598904737
0.00003174517027398410
0.00000022850345774462
0.00000002809198648134
0.00002791645376410894
0.00000014584551170290
0.00000003507586925793
0.00001212261118367889
0.00000000024021106489
0.00000000705349116787
0.00000332146567312364
0.10000000000000000000
0.00000000184121837630
0.00000342880712458271
0.00004650274199837378
0.00000000000008109560
0.00000000105998952851
0.00001575576186518039
0.00000000000624697102
0.00000000938494356179
0.00002237093026826128
0.00000000003101418972
0.00000000250838007257
0.00027083427867168280
0.00000000087241506274
0.00000001702988740952
0.00001668380657980054
0.00000000003278735367
0.00001422541836075847
0.00274334346880037366
0.00000000448086530932
0.00000752637838883516
0.00001051391332339767
0.00000000000745943504
0.00000000263619775700
0.00000523269014264466
0.00000000034597013192
0.00000043182990046415
0.00040231420567542312
0.00000000007648797452
0.00000008632017482626
0.00023738660277551340
0.00000000003467249378
0.00000000081875349534
0.00001304711011246308
0.00000000002397496760
0.00000419142752841157
0.00000000197417829920
0.10000000000000000000
0.00000977316994857194
0.00000000015805610082
0.00004275638252920821
0.00000001448392694709
0.00000000003310211679
0.00000846993459458815
0.00000000085051480357
0.00000000001730069466
0.00002661957619951648
0.00000002373786620668
0.00000000529371646991
0.00031647283777545200
0.00000002017766279045
0.00000000000487782029
0.00003718348026338872
0.00000093097677851200
0.00000000021652497532
0.01424073745006612008
0.00000482925429633196
0.00000000000029138148
0.00001531255999698101
0.00000003533520808915
0.00000000002114130265
0.00013956610451508176
0.00000013116735906199
0.00000000028943725394
0.00019180041297526800
0.00000037683810916286
0.00000000001741029197
0.00005354331971243824
0.00000000615232468826
0.00000000000009799776
0.00004365227758121795
0.00245458185004107040
0.00000185103559194771
0.00000492069097093488
0.10000000000000000000
0.00000003993914761142
0.00000003003704412699
0.00000496115949756998
0.00000002820059379948
0.00000000961072490557
0.00000300925702344949
0.00000000634025522002
0.00000000775802629815
0.00001123394770768955
0.00000058703559741100
0.00000034244088321652
0.00000480919890138636
0.00000000840088771808
0.00000001290659687245
0.00277041932091030720
0.00000064863858374897
0.00000166276956879676
0.00903885886172651846
0.00000000542693870983
0.00000000795670104411
0.00000624870668197501
0.00000001518423762600
0.00000002173576489213
0.00006862438563562665
0.00000018982522547525
0.00000004590274182458
0.00003377982523562761
0.00000004519881610065
0.00000003026394004390
0.00000252909695446679
0.00000000255947249548
0.00000000833762860735
0.00000001817088232286
0.00002382284815794646
0.00000000007551710142
0.00000003790026090000
0.10000000000000000000
0.00000000307090779201
0.00000009676997867218
0.00010097246843391788
0.00000000328849021669
0.00000024161194312834
0.00050148326122963472
0.00000000051401068721
0.00000080128618459592
0.00000540992136151004
0.00000000029104617104
0.00000056605194235742
0.00110523592620098106
0.00000000016412502674
0.00000002869327181186
0.00001898371763754058
0.00000000005029760071
0.00000009354266582943
0.00006400141624540750
0.00000000044415282371
0.00000070741668636590
0.00084958599525393658
0.00000000063322711453
0.00000108693751778328
0.00035279385056485360
0.00000000072777382538
0.00000118307771681707
0.00375947787236822668
0.00000000169103432073
0.00000303698162810917
0.00078683921563922858
0.00000000039274088983
0.00000005453546899609
0.00000000000009114697
0.00004481927556653438
0.00000006253604778066
0.00000000673746631433
0.10000000000000000000
0.00000121866731110295
0.00000000468671903229
0.00114782461591328522
0.00000165461900820034
0.00000000115767873884
0.00001764492908694717
0.00000053154050589230
0.00000000075038914939
0.00072034638232852600
0.00000017360222105448
0.00000000037399420321
0.00014985196270752910
0.00000003979876650217
0.00000000002003753937
0.00018297820616615672
0.00000015992390283626
0.00000000018273979005
0.00011216879978790560
0.00000056506051831667
0.00000000069300369477
0.00520412012622654584
0.00000224766901135353
0.00000000179113803723
0.00766722174388427204
0.00000212426841658593
0.00000000615999500326
0.00056868941618249658
0.00000089580139606974
0.00000000162118132474
0.00090123977553349840
0.00001927745021578297
0.00000000121873175585
0.00000001553144293073
0.00001056618057858613
0.00000021718612495598
0.00000124665637696562
0.10000000000000000000
0.00000087295194772553
0.00000024608645298422
0.00403192785307468406
0.00000716644030845809
0.00000011345692179285
0.00027806390469361618
0.00000009723203130711
0.00000038810591423988
0.00019935624998690676
0.00000030301183842843
0.00000022726549172529
0.00000012670161689214
0.00000000925847207070
0.00000000488358255986
0.00001508472287476170
0.00000007125845141091
0.00000001908662306112
0.00030674654818122952
0.00000031803053807954
0.00000063441032249477
0.00096595261454669680
0.00000034234481588355
0.00000040795244271886
0.00121867797431465440
0.00000044325588643847
0.00000409681227996373
0.00694233855140505442
0.00000896174653739659
0.00000226124338960912
0.00000004737078187869
0.00001508662530466958
0.00000000002956156280
0.00000005001948727337
0.00018872982981371776
0.00000000399279178085
0.00000072700346676219
0.10000000000000000000
0.00000000091064962304
0.00000061256326976087
0.00018143421739941436
0.00000000039310933309
0.00000036232582684332
0.00159821297294658400
0.00000000394911103216
0.00000065686937404101
0.00060734710904197920
0.00000000002486038840
0.00000003114196960495
0.00004265268646214525
0.00000000031528800569
0.00000008614417653671
0.00005839350218284555
0.00000000010326611275
0.00000067991184076950
0.00040556209282445792
0.00000000240727963398
0.00000141854675858700
0.00015980194033554870
0.00000000014044719490
0.00000248687153767901
0.00780438861674579526
0.00000000131067091237
0.00000367004497575312
0.00028647377883784060
0.00000000349935027577
0.00000000041798106417
0.00000000000350978199
0.00000443822826209677
0.00000001000218962563
0.00000000360655104993
0.00057377448728386552
0.00000012025186065345
0.00000000053432964156
0.10000000000000000000
0.00000102009328914545
0.00000000049471983675
0.00136313959360146960
0.00000006822071249638
0.00000000014950318952
0.00022935460315890098
0.00000041804210518129
0.00000000004207732672
0.00001282449772823057
0.00000001038647420046
0.00000000000011022460
0.00003666945705170444
0.00000002520379710546
0.00000000039347598206
0.00047904225769401520
0.00000029728839338119
0.00000000014126543932
0.00085573741831993018
0.00000101129102820302
0.00000000035024003352
0.00848583848980684800
0.00000153708110892599
0.00000000440232778822
0.00135220533494840400
0.00000562437961093732
0.00000000063956195102
0.00053440653091069992
0.00000563745664669127
0.00000000760016981228
0.00000000064238062676
0.00000451418340724400
0.00000038193979232911
0.00000119218784114984
0.00283986588391429380
0.00000051807172101344
0.00000147035048880761
0.10000000000000000000
0.00001186600342746070
0.00000040935642654356
0.00002147007681809868
0.00000018888242474920
0.00000006451632026686
0.00018286887696245952
0.00000014136322177827
0.00000015686041292287
0.00000432152688351672
0.00000000361797924496
0.00000001002100127416
0.00000933853566943617
0.00000011079703589670
0.00000006957864811688
0.00013651571621019090
0.00000000766645268334
0.00000004057691841098
0.00160196907655130506
0.00000064515035359809
0.00000308911140640043
0.00127332888919465642
0.00000294097356958784
0.00000036103722741010
0.00267911147393732608
0.00000026338088680340
0.00000597488640227979
0.00000000804646882826
0.00002335011123288629
0.00000000001684175627
0.00000001225857353405
0.00102175372572712880
0.00000000107509790473
0.00000650581703018810
0.00019777500738943144
0.00000000091908056671
0.00001529388247091067
0.10000000000000000000
0.00000000010273097527
0.00000001741963358993
0.00001405250487033980
0.00000000007147241279
0.00000009234657948421
0.00023069661383858056
0.00000000014832419942
0.00000000500697965454
0.00001751360799979439
0.00000000000674935484
0.00000000530247121331
0.00003372157543557995
0.00000000001725503859
0.00000002380703946336
0.00000818828049133377
0.00000000012925249645
0.00000016658199224925
0.00000881706050838445
0.00000000002626934758
0.00000035824030152621
0.00035185258015820620
0.00000000399234766323
0.00001150480617309482
0.01030157638410046820
0.00000000680908096972
0.00000000984500457640
0.00000000002087495740
0.00001671033754744287
0.00000000967263261489
0.00000000067533955357
0.00001056671817291261
0.00000006641858250569
0.00000000027632858779
0.00163303254613244628
0.00000034023198649774
0.00000000006624630505
0.10000000000000000000
0.00001036346897760782
0.00000000014360072193
0.00006990434242540938
0.00000018658329152370
0.00000000002433101100
0.00001783787791433130
0.00000002590811670991
0.00000000000025382737
0.00007554234896290752
0.00000006023059411678
0.00000004056847059332
0.00202302293430099126
0.00001023320086965364
0.00000001002721898308
0.00032477729081018300
0.00000067773132680326
0.00000000051263763479
0.00018046956650897640
0.00000055755107549036
0.00000000050576783188
0.00001016433742118286
0.00000046002948994718
0.00000000003004782888
0.00033230320102242324
0.00000825130016715836
0.00000000272484102651
0.00000002404963183912
0.00002260520824648926
0.00000169910556151592
0.00000051373510280749
0.00026271561834113912
0.00000041104978332422
0.00000013190262168634
0.00002879982145231422
0.00000001812933748836
0.00001672583548182266
0.10000000000000000000
0.00000000035979332531
0.00000089826292589162
0.00000314829698161274
0.00000006064418854631
0.00000006305584061634
0.00000794597964123024
0.00000000490845964757
0.00000012927040630117
0.00002600983658843848
0.00001371720663133232
0.00002420914710155789
0.03365007605441677642
0.00003100985017952051
0.00000004674663696252
0.00048758140409996720
0.00000084747132131131
0.00000006000604379261
0.00001740900367957068
0.00000068546961167490
0.00000019850234381834
0.00036372590405616360
0.00000035205622385405
0.00000020553060413382
0.00001241440743077892
0.00884688241965363840
0.00000016127469467831
0.00003552052273370937
0.00034495500895897032
0.00000002180862166200
0.00000276241822615519
0.05452159846582981828
0.00000000869213437453
0.00000761879947280823
0.00043977998412882320
0.00000000696912234924
0.00000001081911903549
2.00000000000000000000
0.00000009157879489897
0.00003289974509435538
0.00565824509323052260
0.00000000062775618623
0.00000580620576800831
0.01511175503640035208
0.00000006487742377111
0.00000058360202675797
0.00218368614829869524
0.00000000215715207800
0.00000102596856337108
0.00028729900259871924
0.00000004429553826747
0.00000538927297778340
0.00236971795667946208
0.00000016243344073108
0.00004047800679180352
0.03147655315454024422
0.00000000420335835417
0.00000632818725552327
0.00319892929479510046
0.00000000642220473484
0.00001050869966294224
0.00000001190818262174
0.00402881846905775528
0.00000865837170269197
0.00000000775477318611
0.00874820111888523620
0.00000460750737826522
0.00000005629489058425
0.00557210306676832184
0.00000108742744426075
0.00000000093466475169
0.00141762488108141504
0.00001128698579989539
0.00000003826754757518
2.00000000000000000000
0.00005525251366605736
0.00000000326241752566
0.00147310264460932982
0.00000488259186678350
0.00000000988587588394
0.02011696613366933806
0.00001434325643061874
0.00000000369679294173
0.00600324265313213204
0.00001363633149256375
0.00000001606894954019
0.06452294816499726486
0.00004102972267793609
0.00000016101287894969
0.00818902904053170560
0.00000014262312357746
0.00000003528693084033
0.00197245295662356320
0.00001555678190371073
0.00000000238011553003
0.00091329071948777504
0.00021161432094243620
0.00000023926498697211
0.00000026439738811066
0.00012516081993414962
0.00001552417527789378
0.00000217008976840837
0.00243607512369686720
0.00000963815023182684
0.00001045386166770489
0.00317260161422547402
0.00000124303477300111
0.00000389470856141388
0.00004071882516302540
0.00001415054876585095
0.00005687181433684852
2.00000000000000000000
0.00022912945655037698
0.00006976670856169098
0.00010937759218339012
0.00000002536662438664
0.00000024564393751848
0.00064243984312198064
0.00000002010298786338
0.00000173174334273272
0.00397498994926968184
0.00000085139964529953
0.00002629042846798682
0.04699577950402949820
0.00000259032489418018
0.00004888727807218715
0.00130732225726842800
0.00000239969157690604
0.00000288317464155857
0.01792090728425325648
0.00000611414432989664
0.00000046772866504841
0.00000018110059098627
0.00026985412248886720
0.00000000007358319388
0.00000025170241213942
0.03489585012740383262
0.00000000538212561871
0.00000426272145255719
0.01025931071972356480
0.00000000121135489916
0.00000282344098476815
0.00357495204997355924
0.00000000058469436350
0.00000090297405584920
0.00280174781414166560
0.00000000386590449869
0.00026378340019427820
2.00000000000000000000
0.00000023046347611562
0.00000004074880299092
0.00017454928430778296
0.00000000038070710918
0.00000027253808338039
0.00012131470216817570
0.00000000068064570213
0.00000142053599304022
0.00099834044437993600
0.00000000256823068830
0.00000136851648378932
0.00108341482532948986
0.00000000692824379986
0.00000583487180665216
0.00905153312792151680
0.00000000673396163728
0.00001496232211012409
0.02932738252495800020
0.00000000048602859545
0.00000044118077926116
0.00000000067247562157
0.00071127761763826898
0.00000049035455237909
0.00000000657097580790
0.00273456130135507200
0.00000405412489636262
0.00000000053250708827
0.00046816602505004658
0.00000397275609672558
0.00000000291458874049
0.00054356089875938384
0.00000119055008854199
0.00000000039416182154
0.00221350678617063242
0.00010184765646269650
0.00000029223913715837
2.00000000000000000000
0.00000025483341173345
0.00000000049366181965
0.00000163290348500215
0.00000056464036875425
0.00000000049946414130
0.00011946741651935138
0.00000000939445364732
0.00000000109056125512
0.00484955238784359208
0.00000443658993571080
0.00000000161527941329
0.01021408150758168004
0.00001271070347334867
0.00000000268987356922
0.00320587195663967562
0.00000907180522133336
0.00000001309616140649
0.00014989226379313224
0.31195472259408392426
0.00015490060417936488
0.00000945465834187853
0.05588070261029181806
0.00000060989211046616
0.00000038557842458012
0.00000119995143306950
0.00000035414526908856
0.00000020130082736462
0.00005810769555495360
0.00000005223468512964
0.00000041913965364399
0.00007965034924903501
0.00000193550306117039
0.00000389507797788660
0.00008477134016353920
0.00000002743272873734
0.00000013529266549006
2.00000000000000000000
0.00016860357796319056
0.00000742542953095604
0.15467232322733038820
0.00000006505544304339
0.00000017863848239847
0.00018966140575852552
0.00000009122198770539
0.00000081034284351535
0.00041957102737863008
0.00000238203451759038
0.00000073148962970689
0.00002707374085680194
0.00000220917086246564
0.00000005247254211631
0.00004368625762880182
0.00000016212755923691
0.00000007598326204153
0.00015892415876043338
0.05578319206184555220
0.00000000410629458049
0.00002443173124876459
0.00075351052262270026
0.00000000036251218941
0.00000016374043710012
0.00090576778711309066
0.00000000000398924824
0.00000009084428634999
0.00034118811326113720
0.00000000000766825365
0.00000009187991281630
0.00940700679305268008
0.00000001472705808619
0.00000003671288226406
0.00021943572749815464
0.00000000048942092921
0.00031484869648193458
2.00000000000000000000
0.00000001394666977376
0.00000207840738524937
0.00002533928860531723
0.00000000001547447378
0.00000009985131877645
0.00009662039408244452
0.00000000131655095610
0.00000351113902590502
0.00389543368384001206
0.00000000017476323938
0.00000075166115439557
0.00034482278140627756
0.00000000093440852788
0.00000005153988205154
0.00002239283136696630
0.00000000035653039364
0.00025781840812852624
0.00000009844388337154
0.29179527440918858048
0.00006766860162668785
0.00000000215704395700
0.00357668968034726180
0.00000009331658332178
0.00000000723405158029
0.00143390598120212202
0.00000027186063957965
0.00000000014206405263
0.00246576778252230804
0.00000261443671483830
0.00000004363488334329
0.03237926613780251284
0.00000038411876520604
0.00000000051711117551
0.00000174911024661445
0.00001498167475073715
0.00000001506864454513
2.00000000000000000000
0.00006491213378545314
0.00000000021427852876
0.00201378430930837962
0.00000336908651747434
0.00000000293334016727
0.00119355432109002704
0.00000048015684371229
0.00000000128599819139
0.00406358300321117608
0.00000055560161743158
0.00000001049835881894
0.00001438546383019629
0.00000090327546588325
0.00000000021877088200
0.00020654808583874620
0.14184376582044698606
0.00017029349910906464
0.00010190864389307128
0.37883832893204096006
0.00000413148939104738
0.00000321944083913345
0.00029685393084808944
0.00000203556628193533
0.00000101500304344089
0.00026091507475265560
0.00000011494376815444
0.00000202471550632322
0.00054175361324157472
0.00000040424270148847
0.00002377592665947351
0.00103461105398953568
0.00000038124601003154
0.00000062289345219514
0.32139311229601592626
0.00000231270117146668
0.00006685148492656418
2.00000000000000000000
0.00000065883016204848
0.00000096840961373530
0.00038989019696414808
0.00000080482795601498
0.00000325909017197311
0.00176234165077266388
0.00002396307171139820
0.00000595221986301384
0.00028468013443402418
0.00001496377235522040
0.00000146407337659772
0.00057950214174416480
0.00000052802021290463
0.00000037001126396892
0.00000006255710364765
0.00016428347157821150
0.00000000000424629695
0.00000015707703057924
0.00195210845465130560
0.00000000254049093312
0.00000096841009223652
0.00095288679001585866
0.00000001094301655761
0.00000213779467342602
0.00050481520317127626
0.00000094178757373246
0.00019730919845953496
0.00104455923745763722
0.00000000423186957684
0.00000002235747305279
0.00011719497881200924
0.00000000038050784355
0.00000009335230677260
0.00001947155878681296
0.00000000015239870880
0.00000045497856036478
2.00000000000000000000
0.00000016152925556706
0.00053071760820745080
0.24761446912424356242
0.00000000862932754814
0.00000222486770381892
0.00391211235535149282
0.00000000259544545824
0.00000410589191773247
0.00213453319843012042
0.00000000095056428366
0.00000282045498909921
0.00023461393949737860
0.00000000214428785603
0.00000009996621980866
0.00000000008788595020
0.00016825975281880978
0.00000017365002233047
0.00000001021482245564
0.00117581944366455104
0.00000019558523242040
0.00000000127062866707
0.01004561872500640808
0.00000101227350963674
0.00000000019477111098
0.03541189466692949880
0.00026257004455537796
0.00000000077805026586
0.00518175748336471926
0.00000145221082335308
0.00000000049579336674
0.00006862665149163694
0.00000019328603298871
0.00000000000896615471
0.00107993998487046064
0.00000050426704602616
0.00000012179661782290
2.00000000000000000000
0.00069912000613671824
0.00000050407334151176
0.00042080319714679386
0.00000265548589152373
0.00000000069107858294
0.00033028261673434160
0.00000124426880264031
0.00000000666141897322
0.00024210509139452504
0.00000526496114910417
0.00000000101606066418
0.00047248016769269344
0.00005981529480509926
0.00000003120671527572
0.00000039011859605431
0.00013702143076664540
0.00001634670596434457
0.00000595141293106894
0.00315822599738911404
0.00000840562441861935
0.00000626379268726241
0.00199554301461611242
0.00000027000422160684
0.00017997675315675056
0.36669779189699218428
0.00000037180694841947
0.00001182620196679451
0.00334918188482126208
0.00000103965298258447
0.00000000542214866253
0.00020618685459204720
0.00000005813005052372
0.00000181532917928262
0.00020398600271006700
0.00040207224057213504
0.00070243846682716304
2.00000000000000000000
0.00009500683980456148
0.00001080893366931607
0.01752793080576989640
0.00001236095614175747
0.00000076543000058711
0.00227053863993767200
0.00000834992942863398
0.00000117220520554392
0.00477552341229403048
0.00000316692539541208
0.00000328459559149884
0.00000019647775752269
0.00012669897836953048
0.00000000047741797361
0.00000068103490726189
0.04015506360633630420
0.00000001492927414414
0.00000669746366321912
0.01025540353736693062
0.00000000608798211689
0.00000022921916357564
0.00018994851208381944
0.00000036071436289360
0.00069119396071310258
0.00021295879873633152
0.00000002850448839126
0.00000146728401317735
0.00149448943498240362
0.00000000128744290793
0.00000020284278354749
0.00011505188061027360
0.00000000323283601862
0.00000086126961791333
0.38370250453360312620
0.00000103592498612747
0.00019432688746728472
2.00000000000000000000
0.00000000832673310507
0.00001885702001637828
0.02247593312287554460
0.00000000169511034007
0.00000190780064246113
0.01907336123289945600
0.00000000517457674070
0.00001179550807161455
0.00781873718489571840
0.00000000433422153256
0.00000083736290266208
0.00000000883475308653
0.00332395161313028800
0.00000102815602212993
0.00000003156459279009
0.11823829821474022406
0.00001409027591276684
0.00000006419920569707
0.03889427502599355280
0.00000127950869122686
0.00000000316220367878
0.01232186099729786026
0.00000109890045678845
0.00000003462814028200
0.12071123161540688062
0.00004778439585377276
0.00000000405467388194
0.00603791903141408188
0.00000190036291238716
0.00000000165337095823
0.00138730244280696906
0.00000367824086662806
0.00000001410273300930
0.00091205562004110906
0.00002331678072535187
0.00000000878177608071
2.00000000000000000000
0.00001931202534043395
0.00000000628354363670
0.00392348743045969448
0.00007125849729806795
0.00000000505496085936
0.00807091444537123840
0.00001206856083297844
0.00000000791843873031
0.00203622907157241206
0.00088400269150105888
0.00000846601852480781
0.00000239834251294211
0.00249214473092415808
0.00004159642076852792
0.00003920612413663049
0.01647084097421359886
0.00002904406927649932
0.00003528840326100625
0.03878189284587866600
0.00000312888532507542
0.00001974053443255425
0.00879965833870834246
0.00000323452164621655
0.00005893085672966681
0.06557797291574579200
0.00000165875645678612
0.00000424077874383709
0.00075541209032846906
0.00000338525472687467
0.00000042847232878208
0.00152701952133315040
0.00000279152304130476
0.00000441872512642685
0.02902866623712068044
0.00001526832767503853
0.00001482649575955458
2.00000000000000000000
0.00012019079423734128
0.00003578903191769332
0.01594290856740392006
0.00002662032223416384
0.00000284093776843586
0.01649078211566130468
0.00001458020999480790
0.00002083639479571648
0.00000595970931552639
0.00738734270724478988
0.00000000495674109845
0.00000645661796505548
0.01264528915053990244
0.00000002926220067975
0.00000546739035629116
0.00306444782440043402
0.00000001144663972860
0.00001462824374216098
0.00015511071176150476
0.00000001398518471221
0.00001432517915040933
0.00133208799432523360
0.00000021660135222206
0.00000338539808931498
0.00122993948094238586
0.00000000144610676449
0.00000401682457617393
0.00351767342133722240
0.00000000107482160933
0.00001944703277018871
0.00459731983998373440
0.00000000107705231125
0.00001917365339458374
0.01704482378916215688
0.00000000451826506600
0.00011257127368937050
2.00000000000000000000
0.00000002791154743857
0.00002160578782033784
0.00556131782410755924
0.00000000217708697575
0.00000404862865639798
0.00223536325468068160
0.00000000380173638027
0.00000078382249944285
0.00000000150251568129
0.00351393980586681768
0.00000167029340589656
0.00000002790661517299
0.13400435873687732204
0.00000696993676816512
0.00000000288128505347
0.29669481961451180888
0.00007493208086813162
0.00000000049439062869
0.00526701638250654006
0.00000108510813575300
0.00000009768202903071
0.01178517221029630404
0.00006835248943851345
0.00000000841424403980
0.00978261568432088420
0.00000131961110663342
0.00000000016883122117
0.00363335757026038242
0.00000516764649411404
0.00000000326293393272
0.00055067841441874384
0.00000127016827311993
0.00000000137523124623
0.00301816034829486180
0.00003585991860672452
0.00000002985979957817
2.00000000000000000000
0.00011090360825255236
0.00000001290746329366
0.00525150744434150982
0.00002369237958647627
0.00000000542589666898
0.00743251923148726568
0.00078763509164093642
0.00000171461925823472
0.00000698118471399386
0.00124291397465418442
0.00004587261936625129
0.00003754220929742484
0.02105415401536891206
0.00005158887316777335
0.00005434273851075141
0.03123232734324650444
0.00000681749641383359
0.00001645412852216959
0.00031833286318683496
0.00002461432216333137
0.00000020755012474723
0.00184829235624430240
0.00000716560384513522
0.00001230990761860962
0.00004938733475455613
0.00000073426751625261
0.00000050233338215517
0.00024991972121755876
0.00000521955429711823
0.00000209776136246489
0.00380990556247114004
0.00000156509348000670
0.00005542889700890431
0.01615312066150686288
0.00002337236250965268
0.00011214378485921860
2.00000000000000000000
0.00001022899597012368
0.00002988373509392010
0.02327607986737112424
0.00001431970544602590
0.00005065218013577919
0.00000262344203232403
0.00300625064636659604
0.00000000020563354528
0.00000106028917566724
0.09293544730958930620
0.00000006940717849369
0.00000488221545303101
0.10321793649827850640
0.00000009922947804718
0.00004599053615926903
0.00426898680238305920
0.00000000951601300098
0.00000799115142887570
0.01220308190266972260
0.00000003273863266429
0.00000216300256838359
0.00708691487531035608
0.00000000166085099019
0.00000256927282949473
0.00021475424406571098
0.00000000605150708939
0.00000837525528999317
0.00172998531365050026
0.00000000716015156092
0.00000893267872554032
0.00997580890431284806
0.00000000250686513194
0.00001719553869235384
0.00383551616907858486
0.00000000832116296874
0.00000652148655443834
2.00000000000000000000
0.00000000900468135386
0.00006624113492776425
0.01159488173312750080
0.00000000205076745180
0.00000125362007507750
0.00000000087243514508
0.00125652835849873520
0.00000141059333637522
0.00000008305874682173
0.01273146168901103686
0.00008965769831540125
0.00000003444205363052
0.06055919137585371286
0.00001121781899274131
0.00000009624352419965
0.00037998109366564506
0.00000459796736864724
0.00000000323785850432
0.00363607134761110326
0.00000516358878923927
0.00000001047574216036
0.00393300108641198720
0.00000012125289433203
0.00000000115627647470
0.00001647574627344575
0.00000162816680510926
0.00000000153073526058
0.00051705706877666944
0.00000249161907317168
0.00000000537743055986
0.00795270747160546886
0.00000364622353217641
0.00000000298332779198
0.00672676422993507200
0.00003785537609502636
0.00000001789152834506
2.00000000000000000000
0.00045692864629861360
0.00000002768994662070
0.03808188775293725646
0.00026794646194983156
0.00000001274076765333
0.00000008928954358203
0.00007290145461183486
0.00009225065794245922
0.00001240249932469005
0.09395970940993790422
0.00005964322511152821
0.00015577810018215744
0.05148036084810468048
0.00017152081253125424
0.00001063562320266954
0.00521037322062007848
0.00000301463770040562
0.00001773535397975230
0.01984883620785770024
0.00001439486240625528
0.00000688281293443319
0.00006243084414740254
0.00000003944233995501
0.00000063978756602658
0.00039855242281157626
0.00000280887312475485
0.00000695383022480108
0.00627759559592961862
0.00000758072925836524
0.00000735431289678259
0.01308932279839560804
0.00000343105353395004
0.00001876831388409973
0.01823462689095092480
0.00008139565300602931
0.00028258085935232156
2.00000000000000000000
0.00014027224288292360
0.00013206364966636884
0.00000000775772041794
0.00029665113951965276
0.00000000000207810165
0.00000010779793630700
0.03492227829303397668
0.00000003279580789848
0.00017722206695387576
0.00680242675221289868
0.00000002588234733477
0.00000739476399829346
0.22440393629847276822
0.00000000101503176130
0.00000736878511467645
0.00222663847871396042
0.00000000396467324783
0.00000989464018643625
0.04122598931220092808
0.00000001451795789996
0.00000033853258211431
0.00002503903145467867
0.00000000022640935285
0.00000053060363464317
0.00034139411151602544
0.00000000196082039482
0.00000608274280246141
0.00734209862385175848
0.00000000705042739712
0.00001690942999256601
0.00276794159295306208
0.00000000628025617614
0.00001639118650524590
0.02081752211591563620
0.00000002502106196106
0.00020495617418334658
2.00000000000000000000
0.00000002836344859818
0.00000023904806987340
0.00000000057204437763
0.00097139872174400560
0.00000036850427035455
0.00000001829206310856
0.01913229601076873608
0.00004692588264982282
0.00000008719797768811
0.02269513646527019204
0.00017603933301593662
0.00000015565220643366
0.01177988521155645606
0.00000451440339179873
0.00000000469104084532
0.00159646133961964640
0.00000079432513535896
0.00000000071696772081
0.00017437359911413696
0.00000016649514065692
0.00000000041835510611
0.00022431897890104924
0.00000039018863632570
0.00000000327435150242
0.00095684537056110602
0.00000662038926380530
0.00000000427105046890
0.00190257820291344320
0.00002535874553559775
0.00000000494004394215
0.00902779900335309068
0.00006084353647442626
0.00000000386383993372
0.03611121389147826626
0.00020249418624832536
0.00000002976453026540
2.00000000000000000000
