26
38
100.0
8.0
0.00001000000000000000
10.00000000000000000406
10.00000000000000000406
10.00000000000000000406
10.00000000000000000406
10.00000000000000000406
10.00000000000000000406
10.00000000000000000406
10.00000000000000000406
10.00000000000000000406
10.00000000000000000406
10.00000000000000000406
10.00000000000000000406
10.00000000000000000406
10.00000000000000000406
10.00000000000000000406
10.00000000000000000406
10.00000000000000000406
10.00000000000000000406
10.00000000000000000406
10.00000000000000000406
10.00000000000000000406
10.00000000000000000406
10.00000000000000000406
10.00000000000000000406
10.00000000000000000406
10.00000000000000000406
10.00000000000000000406
10.00000000000000000406
10.00000000000000000406
10.00000000000000000406
10.00000000000000000406
10.00000000000000000406
10.00000000000000000406
10.00000000000000000406
10.00000000000000000406
10.00000000000000000406
10.00000000000000000406
10.00000000000000000406
0.50000000000000000000
0.50000000000000000000
0.50000000000000000000
0.50000000000000000000
0.50000000000000000000
0.50000000000000000000
0.50000000000000000000
0.50000000000000000000
0.50000000000000000000
0.50000000000000000000
0.50000000000000000000
0.50000000000000000000
0.50000000000000000000
0.50000000000000000000
0.50000000000000000000
0.50000000000000000000
0.50000000000000000000
0.50000000000000000000
0.50000000000000000000
0.50000000000000000000
0.50000000000000000000
0.50000000000000000000
0.50000000000000000000
0.50000000000000000000
0.50000000000000000000
0.50000000000000000000
0.50000000000000000000
0.50000000000000000000
0.50000000000000000000
0.50000000000000000000
0.50000000000000000000
0.50000000000000000000
0.50000000000000000000
0.50000000000000000000
0.50000000000000000000
0.50000000000000000000
0.50000000000000000000
0.50000000000000000000
0.50000000000000000000
0.50000000000000000000
0.50000000000000000000
0.50000000000000000000
0.50000000000000000000
0.50000000000000000000
0.50000000000000000000
0.50000000000000000000
0.50000000000000000000
0.50000000000000000000
0.50000000000000000000
0.50000000000000000000
0.50000000000000000000
0.50000000000000000000
0.10000000000000000000
0.00000015601813704901
0.00242406629658556984
0.00000010733804351146
0.00010223466544664650
0.00000035569005506842
0.00004555718422536206
0.00000026709237507814
0.00021620617639210788
0.00000008486102964187
0.00002660531003206062
0.00000000443400497256
0.00000558854026235189
0.00000001610098372329
0.00000755983662909991
0.00000005153119360153
0.00000002582846565234
0.00000000005431978704
0.00000004188890805551
0.00000000004235186564
0.00000002241363667933
0.00000000000676642607
0.00000013877612589038
0.00000000013877612589
0.00000007799085839132
0.00000000000033403547
0.00494256802715554586
0.00000494256802715554
0.00042596256000751408
0.00000016272856129462
0.00114481760629616842
0.00000032891622650733
0.00076389949513505226
0.00000058911277977108
0.00008218857946967374
0.00000048701899277932
0.00034128339719938924
0.00000011998869047288
0.00000232939189086007
0.00000000648175815420
0.00001430705041509736
0.00000000061084235713
0.00000657455340382104
0.00000000000000000000
0.00000000000000000000
0.00000006402802537580
0.00006069756654654520
0.00000000752605199242
0.00004949133675226766
0.00000000507708744909
0.00000000022788891934
0.00000000033833343345
0.00000007075587007601
0.00000000026363324645
0.00000001344464641405
0.00000000040532100452
0.00000000000000000000
0.00000000477947241076
0.00000006848168823213
0.00000000690945738969
0.00000192516861582783
0.00000000024060548996
0.00000010866361120228
0.00000000000335908248
0.00000021373126002832
0.10000000000000000000
0.00000289807484462538
0.00005804247833257105
0.00000089511711904817
0.00050608645780107504
0.00000038885928468849
0.00026946535455374420
0.00000001097905231668
0.00054116723535265818
0.00000001982703399487
0.00000083085644061073
0.00000005386569900840
0.00002369951155628865
0.00000000262116102700
0.00007239046889591065
0.00000000002610985633
0.00000015272433910069
0.00000000053701761936
0.00000015726460788595
0.00000000050737748716
0.00000012623746032055
0.00000000090527718724
0.00000090527718724583
0.00000000004060148062
0.00000000194468355842
0.00000223176299492000
0.00223176299492000608
0.00000123736898758395
0.00371998158619318804
0.00000062427225732604
0.00046566175351582280
0.00000109146780871378
0.00166353542345189482
0.00000064396423348662
0.00000324592146746409
0.00000037599835691389
0.00001808267606027844
0.00000001621918886922
0.00001688600769557175
0.00000000120053887577
0.00002692985944749439
0.00000000775754155812
0.00000000000000000000
0.00000000000000000000
0.00046839443771799138
0.00000033443343828082
0.00029985107829467778
0.00000000083222231659
0.00000075834402666748
0.00000000000083887343
0.00000032562369489033
0.00000000063851146552
0.00000222737229022816
0.00000000027876215237
0.00000199964776951469
0.00000000000000000000
0.00002591773412537295
0.00000001279626624168
0.00000157753441276240
0.00000000141198710898
0.00000078136713625561
0.00000000152871273928
0.00000085657584957958
0.00479277275157059782
0.00000418272183146989
0.10000000000000000000
0.00000047475142023747
0.00002565508431716589
0.00000000345241378395
0.00016838165337308410
0.00000006412400711653
0.00031266541751467418
0.00000007667703544512
0.00001298071097992566
0.00000000024637342391
0.00001338989972498966
0.00000000000131481757
0.00004354167952235405
0.00000000111858176232
0.00000001576549497554
0.00000000002951933038
0.00000005623456808183
0.00000000011623588783
0.00000000373868294092
0.00000000002841436839
0.00000010779890041410
0.00000000010779890041
0.00000002574754961483
0.00000000000042363922
0.00575238136685361862
0.00000575238136685361
0.00079722420115914154
0.00000105537890854477
0.00073291948663598752
0.00000084384362122667
0.00269767745887429248
0.00000200847632710156
0.00089112196616410080
0.00000003147566112807
0.00024226621635034476
0.00000000588876746995
0.00007398174716471212
0.00000009383239329957
0.00005952950003856660
0.00000001605422623479
0.00001317175618337904
0.00000000000000000000
0.00000000000000000000
0.00000004033447444396
0.00007804452293695282
0.00000001399652863223
0.00002950341027975622
0.00000000067213838526
0.00000000023340513941
0.00000000011628557557
0.00000002878939062462
0.00000000023700377860
0.00000001227251088797
0.00000000024912709934
0.00000000000000000000
0.00000000020547210163
0.00000316856579549003
0.00000000318901960277
0.00000010981799133662
0.00000000024609175657
0.00000004677877871128
0.00000000015082806539
0.00000016731865029063
0.00006604556614232446
0.00000037429550022745
0.10000000000000000000
0.00000000980345592962
0.00039875600659417360
0.00000008155132990152
0.00007443970334969482
0.00000010037179917513
0.00016767601857731030
0.00000010782917299279
0.00000053993609952405
0.00000007716828798585
0.00000308838633945092
0.00000001101671910410
0.00017740013291335300
0.00000000011396630508
0.00000004963742069361
0.00000000027137113004
0.00000002555272345919
0.00000000049235587562
0.00000008872032667313
0.00000000035548348320
0.00000035548348320858
0.00000000007529559640
0.00000000295638107270
0.00000003382579758142
0.00003382579758142421
0.00000024766041805816
0.00010261521374054182
0.00000127679321965326
0.00262136903918085440
0.00000020883441745054
0.00017610473906850438
0.00000190765776170649
0.00039028428060590672
0.00000007328977381260
0.00009995911081763122
0.00000010776070058718
0.00001267335728827331
0.00000001467152200059
0.00004452383507430850
0.00000004421399595598
0.00000000000000000000
0.00000000000000000000
0.00038324125599645706
0.00000036724921689273
0.00012490880362738018
0.00000006565423208078
0.00000211824592215430
0.00000000000233127915
0.00000025201179965942
0.00000000005229891174
0.00000002108951256891
0.00000000018459140752
0.00000068032355228114
0.00000000000000000000
0.00000812941094878090
0.00000001653696662818
0.00000211000869929827
0.00000000082822818760
0.00000002811175732524
0.00000000044209267422
0.00000014121753128324
0.00018940622523321688
0.00000121055067324348
0.00002403959633860217
0.00000001165157384581
0.10000000000000000000
0.00000000384528362771
0.00016435086317328202
0.00000018558711122760
0.00092090529489957408
0.00000098409122134553
0.00036450754576348352
0.00000009236766081885
0.00008027444397022352
0.00000022567221698152
0.00001397111696790330
0.00000004649117614682
0.00000001126454407689
0.00000000011791473243
0.00000023369074245216
0.00000000040614225482
0.00000016409373865722
0.00000000001754488102
0.00000010478855017103
0.00000000010478855017
0.00000007836431627796
0.00000000000123168042
0.00013701597935459044
0.00000013701597935459
0.00093563005168098784
0.00000044939403307749
0.00036531644018392858
0.00000015996911305442
0.00021904979550020176
0.00000048416133308172
0.00123307048494614762
0.00000044018413770577
0.00047080397161738352
0.00000054976031390770
0.00032811192260749696
0.00000019835793991711
0.00014306805483870640
0.00000027686959431555
0.00015643734348511660
0.00000000000000000000
0.00000000000000000000
0.00000000323399310877
0.00004105926198637069
0.00000005965538986615
0.00006111787379758015
0.00000000436767720617
0.00000000140146087565
0.00000000004704361026
0.00000008243058203410
0.00000000097765390570
0.00000029835155361585
0.00000000035357074955
0.00000000000000000000
0.00000005113046933586
0.00000041495330768252
0.00000000422909939982
0.00000048882225615399
0.00000000024316698383
0.00000071630727104679
0.00000000025317842138
0.00000047066582293599
0.00048884671246900944
0.00000000231058228062
0.00033849908666050296
0.00000000274645982676
0.10000000000000000000
0.00000105568784584824
0.00006376561666956065
0.00000047275041629953
0.00008283021403141506
0.00000003100915645820
0.00006748888986695656
0.00000005173040072227
0.00002757061454894338
0.00000010541539802932
0.00008045294356324301
0.00000000012934068620
0.00000020287539390097
0.00000000022431070640
0.00000009132499671991
0.00000000027491505282
0.00000004674679586262
0.00000000009642499244
0.00000009642499244931
0.00000000070515744087
0.00000000076764708651
0.00000008144662070531
0.00008144662070531785
0.00000002212088870300
0.00008482370484291501
0.00000049356147699858
0.00088126217599667754
0.00000020957709092654
0.00119405943447159082
0.00000097612043129700
0.00096614025177552960
0.00000030951568093768
0.00025906381034197844
0.00000056036703799705
0.00004729100636395250
0.00000001000377396888
0.00017199372159240902
0.00000005491606664288
0.00000000000000000000
0.00000000000000000000
0.00000189443047312802
0.00000000905577339191
0.00001687319068044473
0.00000002517175069153
0.00000664975930731264
0.00000000000038573899
0.00000098819458993242
0.00000000010553962763
0.00000079046676086516
0.00000000022398040296
0.00000023831559704406
0.00000000000000000000
0.00003961682890415194
0.00000000155651715759
0.00000143928409896347
0.00000000089223422296
0.00000037012324840662
0.00000000077314342218
0.00000066099675169265
0.00007374694762727332
0.00000045950124324441
0.00013786042135161812
0.00000008468910556878
0.00014360286238918560
0.00000129146237114958
0.10000000000000000000
0.00000007160275473791
0.00044915556057656792
0.00000039772886795527
0.00029276324044206600
0.00000000952102588286
0.00000214505524136704
0.00000010166757434286
0.00007984248268531870
0.00000020877700616365
0.00000001937180878313
0.00000000003549800715
0.00000001101115178328
0.00000000009900030108
0.00000005387585842892
0.00000000002633617920
0.00000001974068437827
0.00000000001974068437
0.00000005963451158928
0.00000000000027941192
0.00019516296307857064
0.00000019516296307857
0.00104221548716385504
0.00000109076089976305
0.00002092716323536437
0.00000033052727549438
0.00096997863525745386
0.00000005463031286164
0.00003022265907405562
0.00000344404044988399
0.00038981950568167786
0.00000096047786470167
0.00030376072295449618
0.00000007850092158711
0.00000964442330974722
0.00000009305454058538
0.00005036143708402782
0.00000000000000000000
0.00000000000000000000
0.00000007128864731240
0.00004084060827709472
0.00000000636770830237
0.00000844542663862987
0.00000000440645915805
0.00000000107524999425
0.00000000029378343872
0.00000015386305517923
0.00000000041177365223
0.00000001713916620670
0.00000000031894951616
0.00000000000000000000
0.00000000399802480656
0.00000217596104554385
0.00000001177769092710
0.00000613582634847417
0.00000000008943600915
0.00000016907128121792
0.00000000037349043656
0.00000030748410694539
0.00022644939269072312
0.00000003733700626067
0.00005497625335779525
0.00000011532220194065
0.00005547621292829476
0.00000005092179897549
0.10000000000000000000
0.00000179168421504112
0.00008531492536110151
0.00000072367207114139
0.00008054230795654381
0.00000001086367153822
0.00014542341005956896
0.00000010638454326951
0.00002882583768652329
0.00000000023635824569
0.00000004174626746590
0.00000000040310859331
0.00000006625292693669
0.00000000020565472907
0.00000088241433779827
0.00000000097036293262
0.00000097036293262480
0.00000000266884198225
0.00000000059485703876
0.00000056461004383961
0.00056461004383961112
0.00000019014919174286
0.00017489774248418402
0.00000009555138500538
0.00011319772423952578
0.00000018991002977393
0.00013754300365286768
0.00000013551046507803
0.00072455722938177600
0.00000116677791979247
0.00041889567663796592
0.00000004120750950662
0.00106214793561096288
0.00000082350451973552
0.00032549256538353804
0.00000013645059405013
0.00000000000000000000
0.00000000000000000000
0.00001661537387342288
0.00000000817372541301
0.00011143112600838856
0.00000005923979431239
0.00018311904065705956
0.00000000000050238926
0.00000330542748752521
0.00000000077749532577
0.00000201802240726311
0.00000000001920461475
0.00000094168152606048
0.00000000000000000000
0.00000090877872214746
0.00000000010175531933
0.00038056828564657040
0.00000006482663113371
0.00000268681906919051
0.00000000147465311491
0.00000219628139400198
0.00024040973844158784
0.00000000891160351092
0.00017584153409700624
0.00000007159867592719
0.00055271704889505240
0.00000039726009193526
0.00030852727557977244
0.00000173055036783138
0.10000000000000000000
0.00000177584117803950
0.00056027913854657538
0.00000010936757300822
0.00006457125109577384
0.00000021100668785745
0.00009397156133860156
0.00000024343720300085
0.00000000741076348498
0.00000000015689175270
0.00000001673443178781
0.00000000001278275306
0.00000000999386963517
0.00000000015488120157
0.00000016853937161697
0.00000000016853937161
0.00000003603735476913
0.00000000000027626053
0.00000052407342173833
0.00000000052407342173
0.00023378354493698104
0.00000002887739746578
0.00007691525567758140
0.00000038323729846917
0.00002038707772043079
0.00000009092586519816
0.00003042721067089180
0.00000096170871087559
0.00029073556165906124
0.00000004638842893531
0.00062696946479397552
0.00000019648312334990
0.00004619920181629999
0.00000067668595976446
0.00008044178804616140
0.00000000000000000000
0.00000000000000000000
0.00000001281360565125
0.00000228259246699239
0.00000007719297800915
0.00009963309230762244
0.00000000128013643650
0.00000000008024644563
0.00000000030346249623
0.00000006335773767996
0.00000000001360082792
0.00000015090350322792
0.00000000005864373865
0.00000000000000000000
0.00000004462199634281
0.00000493476154910098
0.00000000334705876682
0.00000936577684965850
0.00000000013506420261
0.00000001779505618447
0.00000000012105994575
0.00000014300267049689
0.00066569360859481200
0.00000006535199053701
0.00018126590617736828
0.00000089510738404240
0.00010548329650445056
0.00000041403379269826
0.00012488195328067798
0.00000269126221144985
0.10000000000000000000
0.00000045191527419243
0.00078060623735519706
0.00000115519528650583
0.00087703436642693226
0.00000006158955565452
0.00033630062235371832
0.00000000009551906325
0.00000049426416225551
0.00000000005312615013
0.00000016269858307054
0.00000000016750814391
0.00000032443078726987
0.00000000035241923831
0.00000035241923831932
0.00000000010809980830
0.00000000007441949370
0.00000006654144828586
0.00006654144828586906
0.00000011858884576581
0.00037429460468268224
0.00000037744999203374
0.00005012917186506652
0.00000003191230733555
0.00004658320399654549
0.00000023775612873856
0.00085653123709176506
0.00000192290954027103
0.00024932262101179420
0.00000042443276985070
0.00055887082250701520
0.00000009479485749470
0.00102332485273599786
0.00000104544661412821
0.00000000000000000000
0.00000000000000000000
0.00012258189838204940
0.00000008265116823671
0.00041916145598909240
0.00000018624458789425
0.00008565723743069172
0.00000000000095713297
0.00000190406764916053
0.00000000055412901846
0.00000149577407884349
0.00000000037835967603
0.00000036196399038748
0.00000000000000000000
0.00009326124260207644
0.00000000163849143356
0.00002950843490644567
0.00000000824404805236
0.00000046959107143422
0.00000000059023884455
0.00000042571250555029
0.00004562206834420660
0.00000002481826626508
0.00001125803988072846
0.00000011861844962302
0.00033737826544150544
0.00000004018423067004
0.00031012445642786578
0.00000107792185062887
0.00086402665243579488
0.00000045986230938548
0.10000000000000000000
0.00000015240484894675
0.00347445675292728000
0.00000022018563216811
0.00004132612662337116
0.00000026365958219556
0.00000002262488177582
0.00000000027531148209
0.00000008922509036483
0.00000000004918915325
0.00000005595015743180
0.00000000001975371739
0.00000004503349753220
0.00000000004503349753
0.00000003761953710674
0.00000000000109001615
0.00001311521196235302
0.00000001311521196235
0.00032854312914674956
0.00000012659716734705
0.00010908276060314568
0.00000004282603940140
0.00001065336598820735
0.00000009547558066950
0.00004083417320218584
0.00000052478204674566
0.00037347188002777344
0.00000036965448985735
0.00023143321340290860
0.00000032245508102886
0.00618659250779745202
0.00000246536007747714
0.00004489317234572637
0.00000000000000000000
0.00000000000000000000
0.00000000718173051113
0.00001471416159491491
0.00000014814280273141
0.00008103568765363775
0.00000002342207625181
0.00000000157811388585
0.00000000013830090502
0.00000000063219054109
0.00000000019213057763
0.00000040736952724412
0.00000000029098321852
0.00000000000000000000
0.00000000099303134435
0.00000335042996650612
0.00000007416148305964
0.00000081325440673868
0.00000000003868170106
0.00000039265598821559
0.00000000005817553236
0.00000000735315400749
0.00000100579742359489
0.00000000020664695069
0.00000057441949859992
0.00000008268017038116
0.00008458022379565880
0.00000000975380471185
0.00011602200689090798
0.00000016311056850448
0.00076819884976389226
0.00000014739054491439
0.10000000000000000000
0.00000295139031427243
0.00048049356184371664
0.00000003934993174098
0.00010108143994112790
0.00000000000512607412
0.00000015407902056078
0.00000000002133892829
0.00000024076702471929
0.00000000043552605350
0.00000038689540709295
0.00000000040690260342
0.00000040690260342891
0.00000000054731877212
0.00000000080126785280
0.00000000778207028712
0.00000778207028712067
0.00000000935183114003
0.00000526134194300006
0.00000000705137520342
0.00001934916939374968
0.00000000045976509846
0.00000502339188984425
0.00000000975206742927
0.00012449470534747198
0.00000009918341090084
0.00000016180356322837
0.00000055694275849300
0.00007741109084954345
0.00000138912846559836
0.00011352513288739052
0.00000191121722683880
0.00000000000000000000
0.00000000000000000000
0.00003113148673030995
0.00000001931192087893
0.00001323570916251933
0.00000000619245748380
0.00002496143155358637
0.00000000000124642546
0.00000059986825131653
0.00000000042518415224
0.00000042031439299366
0.00000000042572653871
0.00000178251838838219
0.00000000000000000000
0.00000022674743976612
0.00000000295960214407
0.00002534384064444501
0.00000000102922418337
0.00000011131604927441
0.00000000039091262195
0.00000048142498840804
0.00000710586728989659
0.00000004999632124719
0.00000861100197114057
0.00000006294582005375
0.00005509344699725618
0.00000004970769329431
0.00000168488402691287
0.00000001199869879526
0.00007383698413878225
0.00000087164223472730
0.00257631505774954240
0.00000226291306351422
0.10000000000000000000
0.00000002175523544369
0.00006091035413045141
0.00000020963869488964
0.00000001127125994586
0.00000000004190386503
0.00000009312414644768
0.00000000003394211024
0.00000007591377527775
0.00000000011849351846
0.00000026757951534877
0.00000000026757951534
0.00000069594177039599
0.00000000000103020810
0.00000000733688797424
0.00000000000733688797
0.00001837005301533061
0.00000000357821374635
0.00004717577337309464
0.00000000256900403844
0.00002365062230025523
0.00000003358346113838
0.00004311793069901272
0.00000005565861921565
0.00001892099279831331
0.00000013209558903678
0.00016229575941674900
0.00000005667902874293
0.00128470120526275562
0.00000029874470906056
0.00112006191324179760
0.00000000000000000000
0.00000000000000000000
0.00000001147022700311
0.00000407732699589158
0.00000002470503755316
0.00000341944361970694
0.00000001763679206669
0.00000000100428320087
0.00000000003255607549
0.00000051474494261436
0.00000000006671601904
0.00000020562668902082
0.00000000047217258997
0.00000000000000000000
0.00000000439131237539
0.00000011633629269229
0.00000003471556510013
0.00000793431632603863
0.00000000075754349570
0.00000088256881019145
0.00000000061642964681
0.00000002083122968589
0.00002238251754672834
0.00000000000086037077
0.00000256332363374198
0.00000015759575790025
0.00002695677926059765
0.00000008125643837144
0.00016343145142518936
0.00000024551314940182
0.00067335370965369720
0.00000016612876108386
0.00037486300574465848
0.00000002213642968080
0.10000000000000000000
0.00000054005963057361
0.00000027153085767919
0.00000000041324711582
0.00000543030053858449
0.00000000002639742549
0.00000030017770411650
0.00000000092198492265
0.00000590829376858386
0.00000000221945579519
0.00000221945579519754
0.00000000154588824671
0.00000001113511025622
0.00000000623524077959
0.00000623524077959542
0.00000010343222425151
0.00007167360289569361
0.00000000151124358403
0.00002606651585278969
0.00000004423610531475
0.00000393364439593681
0.00000001307940017608
0.00021532919919663940
0.00000005032866836193
0.00015770645789258996
0.00000020154049909931
0.00201833423521627200
0.00000026663952993104
0.00057934961921258152
0.00000209680875974087
0.00000000000000000000
0.00000000000000000000
0.00017230077510593878
0.00000007260651161724
0.00022353697559297600
0.00000077812719030767
0.00003522895337174100
0.00000000001369415033
0.00000136703515271752
0.00000000205927469854
0.00000240653259293244
0.00000000303136764880
0.00001057973934351095
0.00000000000000000000
0.00011381743627899138
0.00000000622420095837
0.00024683944825279140
0.00000005689499942901
0.00000103592297866029
0.00000000343779905664
0.00000658437456859266
0.00001135808536648268
0.00000000287470617517
0.00003308685978042187
0.00000001061828350754
0.00001132994438393352
0.00000011968943869305
0.00007410364574181186
0.00000013883854970621
0.00012697119332110420
0.00000005491157975014
0.00003620851998941045
0.00000003564997381522
0.00007197225905407238
0.00000062715073651611
0.10000000000000000000
0.00002336763234319185
0.00000451277903308297
0.00000000254357244609
0.00000206840630011250
0.00000001450897216007
0.00000257970536255428
0.00000000773217825259
0.00000290442226729371
0.00000000290442226729
0.00000163250218547105
0.00000000001215201189
0.00005074381948036356
0.00000005074381948036
0.00000016207654540637
0.00000005539666125485
0.00002581399697629959
0.00000002099629124032
0.00000713485662617173
0.00000002503770998562
0.00002496048504930793
0.00000006373719929836
0.00014031699826673556
0.00000001126091272101
0.00012189045157867776
0.00000000867503308037
0.00002828521710796890
0.00000001604972960872
0.00064542289819509824
0.00000000000000000000
0.00000000000000000000
0.00000020854571484984
0.00018054400178525484
0.00000000583846188863
0.00014890826606973448
0.00000012122163958186
0.00000000342849420571
0.00000000937303856189
0.00000623389241396166
0.00000002561140392576
0.00000178813665174674
0.00000000928028245133
0.00000000000000000000
0.00000016131055788947
0.00020738942038979112
0.00000021656745167736
0.00006193364862352305
0.00000001401274746973
0.00001363293650258079
0.00000000332248742416
0.00000009922687707092
0.00010175307735885622
0.00000000108939282655
0.00021914036690291320
0.00000004832074100651
0.00011707390886340876
0.00000024834453683415
0.00004821474508048564
0.00000042156263562923
0.00038428279546423306
0.00000029607111148024
0.00011736890555081190
0.00000031747670215691
0.00000040412509161053
0.00002994891643462254
0.10000000000000000000
0.00000000013001200000
0.00002616767458509944
0.00000001021093807984
0.00001522373967871162
0.00000000191803383484
0.00000879383817744417
0.00000000655638315159
0.00000655638315159609
0.00000000338596813560
0.00000004372236079699
0.00000013421435416780
0.00013421435416780900
0.00000063919927333703
0.00002187902231817812
0.00000004898905753413
0.00000039256895115950
0.00000000213462175986
0.00004051393386455475
0.00000015896378399782
0.00000303937478256738
0.00000011809910498412
0.00040662310446027744
0.00000034281921539002
0.00001302615520092980
0.00000025944919515334
0.00012004019409305038
0.00000035546141104942
0.00000000000000000000
0.00000000000000000000
0.00068557553552761658
0.00000049170183085066
0.00027781099739088444
0.00000034532895400076
0.00011894224309995512
0.00000000002395377269
0.00000007538880730889
0.00000000127699092296
0.00003546188141270777
0.00000000035433646002
0.00001848791461529900
0.00000000000000000000
0.00017922004400520024
0.00000020145402268128
0.00048570099015854826
0.00000000603364887223
0.00001489401435897860
0.00000002769436206519
0.00001616835537263745
0.00000004332649141510
0.00000000003197175215
0.00000001337581273765
0.00000000012264241795
0.00000001019934925736
0.00000000016396423746
0.00000002007418448876
0.00000000034440106712
0.00000001117979672265
0.00000000009508436653
0.00000002213270959075
0.00000000000518516176
0.00000001486992134921
0.00000000053579943135
0.00000503855802653945
0.00000000011326069746
0.10000000000000000000
0.00000205421376972712
0.00006981215841780590
0.00000022733066107759
0.00069280216466158880
0.00000035299417228350
0.00034560822235749176
0.00000034560822235749
0.00000572043965297741
0.00000000397127295819
0.00000013682077930564
0.00000000013682077930
0.00000006624220928538
0.00000000000503669271
0.00000000837009445926
0.00000000010575752846
0.00000002803591264094
0.00000000000704374587
0.00000001996637541712
0.00000000008466660126
0.00000006979178704631
0.00000000020774455195
0.00000006385425811803
0.00000000035569668630
0.00000050939691873629
0.00000000008815846309
0.00000200984279778172
0.00000000000000000000
0.00000000000000000000
0.00000000016001700778
0.00000438941354466931
0.00000000323793994251
0.00000366917729552067
0.00000001680350993288
0.00000459481258750763
0.00000187993496844879
0.00156238491747364224
0.00000265448175262828
0.00134712943389926784
0.00000016582858218995
0.00000000000000000000
0.00000001383768768863
0.00000009609798866871
0.00000000513980599822
0.00001875212883788608
0.00000021951417528902
0.00038624351526032698
0.00000001309205763614
0.00000000006338957719
0.00000013009933977320
0.00000000001742304081
0.00000003716022415071
0.00000000007427314218
0.00000017891560926299
0.00000000002559037163
0.00000004231713574202
0.00000000016465538984
0.00000034228121712033
0.00000000018736025730
0.00000010842409834001
0.00000000003845875053
0.00000489802690137900
0.00000000197565537335
0.00001585863507431555
0.00000142906018249342
0.10000000000000000000
0.00000005502427637951
0.00014835412494809750
0.00000142170899362447
0.00052483021886551658
0.00000001436990727572
0.00001436990727572947
0.00000001064275324530
0.00000032350423585384
0.00000000013250516258
0.00000013250516258054
0.00000000021353927303
0.00000011838755449617
0.00000000005919256957
0.00000005983905602896
0.00000000001150159627
0.00000008725610447304
0.00000000002229752054
0.00000019469438218017
0.00000000009996540299
0.00000017393199260794
0.00000000000675712311
0.00000093096161504433
0.00000000025912920801
0.00000017705993025964
0.00000000056083366939
0.00000000000000000000
0.00000000000000000000
0.00000044963802128946
0.00000000017313758862
0.00000045802462523695
0.00000000607565428824
0.00003090893734542226
0.00000000041967602665
0.00046262343941976666
0.00000075732914141535
0.00086808663765530954
0.00000114257419549330
0.00014842248296343276
0.00000000000000000000
0.00001815597913921266
0.00000000069732760649
0.00002374218990145414
0.00000001313215851631
0.00034957649814605360
0.00000002971025750374
0.00075301247728522026
0.00000007517609945145
0.00000000070351980134
0.00000005104365545975
0.00000000031243070904
0.00000022637381425741
0.00000000030422143543
0.00000001220748845002
0.00000000062840787978
0.00000002700895367114
0.00000000005657873631
0.00000009338155438805
0.00000000002309276131
0.00000013143903014316
0.00000000003661675254
0.00000247072200191655
0.00000000951671953076
0.00007468904401877670
0.00000008462044256699
0.10000000000000000000
0.00000818827736277370
0.00100208452779019402
0.00000030433136594897
0.00005506176866137066
0.00000005506176866137
0.00116759347702556624
0.00000000113200643142
0.00000047528194102681
0.00000000047528194102
0.00000071858615212415
0.00000000003839226188
0.00000005627279488030
0.00000000012332443082
0.00000013913573555589
0.00000000002764585342
0.00000007491970705343
0.00000000011360531400
0.00000030065612904515
0.00000000002759082677
0.00000002393197247780
0.00000000000978653032
0.00000006783034254333
0.00000000001870149707
0.00000199800656437353
0.00000000000000000000
0.00000000000000000000
0.00000000016232018815
0.00001702468079114885
0.00000000543843559246
0.00000233593417305109
0.00000000167776031765
0.00000309614749963356
0.00000038336088482941
0.00072077845683742058
0.00000054629738370822
0.00001521835003926613
0.00000015121304151997
0.00000000000000000000
0.00000003956671873750
0.00000016126787021705
0.00000000885275903419
0.00000989656287330800
0.00000063375258232313
0.00045050557343085592
0.00000004035855234421
0.00000000005577688164
0.00000015118883555652
0.00000000007742470815
0.00000002158878499838
0.00000000028871130567
0.00000009089299383442
0.00000000008054359744
0.00000007579238443458
0.00000000001513986922
0.00000012715387617260
0.00000000003777847162
0.00000019120586239399
0.00000000003515619102
0.00000030556078638815
0.00000001271819891614
0.00001041223381120698
0.00000017847803882571
0.00016742546500316728
0.00000600887929674738
0.10000000000000000000
0.00000004015604509676
0.00010267578691128264
0.00000015380880936256
0.00015380880936256880
0.00000080557434096733
0.00000010357900063116
0.00000000019876178393
0.00000019876178393761
0.00000000033095505847
0.00000018267438012209
0.00000000007661944365
0.00000002750171592363
0.00000000009892196078
0.00000007512120929045
0.00000000006854399979
0.00000001015635638905
0.00000000000257837709
0.00000005543728539506
0.00000000006933370513
0.00000043174059929733
0.00000000033977086562
0.00000004410765808985
0.00000000299742268473
0.00000000000000000000
0.00000000000000000000
0.00000001532849372370
0.00000000292353942337
0.00000457367670501906
0.00000000315622719106
0.00000053759261459380
0.00000000235830041279
0.00055212230329594224
0.00000027959726440441
0.00005003463067261401
0.00000004451314629207
0.00059537200742145352
0.00000000000000000000
0.00000897563173902641
0.00000000007202389461
0.00000436615707693090
0.00000000312231638068
0.00009218866563228358
0.00000149095990826061
0.00025431545024328044
0.00000003560721590441
0.00000000058838816021
0.00000000300401420714
0.00000000050178091313
0.00000014070892052256
0.00000000033005268442
0.00000005287284954900
0.00000000028379399888
0.00000001427826409319
0.00000000015791586576
0.00000005183467218830
0.00000000041721733412
0.00000009484786770024
0.00000000113210579277
0.00000272774066633754
0.00000000158242389745
0.00065611506907453312
0.00000193542614913907
0.00088705244616131440
0.00000004843897442055
0.10000000000000000000
0.00000032104064416783
0.00216361350743601526
0.00000216361350743601
0.00145695126582157002
0.00000001192217671878
0.00000016290668228221
0.00000000016290668228
0.00000024000911721148
0.00000000004225276968
0.00000000690407619041
0.00000000016609431871
0.00000013996725687544
0.00000000030601732527
0.00000005557752433741
0.00000000001944575796
0.00000006175013673047
0.00000000003831467542
0.00000002047836336812
0.00000000015467774385
0.00000007219612513538
0.00000000013891880192
0.00000007017824737573
0.00000000000000000000
0.00000000000000000000
0.00000000041841795115
0.00001941685211286159
0.00000002876586421156
0.00000801868506965221
0.00000001078422798503
0.00000714136605706872
0.00000021771174405050
0.00030119083459451832
0.00000018705056219716
0.00000665919317117237
0.00000111939924640767
0.00000000000000000000
0.00000000272121123090
0.00000000360045483778
0.00000000164961380963
0.00001488059244645514
0.00000030355112774643
0.00180865452839401728
0.00000043760137041146
0.00000000001122575250
0.00000015288025989567
0.00000000002384249962
0.00000009442534418219
0.00000000001571124064
0.00000005860936684630
0.00000000002699117024
0.00000127164970493098
0.00000000023108452947
0.00000031940545677968
0.00000000001911165563
0.00000038705457906583
0.00000000015460801667
0.00000757627458441978
0.00000000853817911316
0.00000757661937541380
0.00000034911518866371
0.00074613112754997264
0.00000028133391399052
0.00012934286541518460
0.00000033526672330944
0.10000000000000000000
0.00000089815505974936
0.00089815505974936352
0.00000040335497460693
0.00000645401540348078
0.00000000003729201707
0.00000003729201707483
0.00000000060682304327
0.00000009876284689199
0.00000000012398892126
0.00000021114379759875
0.00000000008568032764
0.00000009340872853047
0.00000000000807290868
0.00000011527990494534
0.00000000000562991540
0.00000134122155261955
0.00000000025996789797
0.00000103833904656605
0.00000000023978806650
0.00000009067268961916
0.00000000179562943552
0.00000000000000000000
0.00000000000000000000
0.00000103223486159391
0.00000000283330982537
0.00000064064453332760
0.00000000017411663175
0.00000580401947307111
0.00000000377760329375
0.00091386176009852522
0.00000003836108810316
0.00077564369322409120
0.00000006165944322938
0.00015192790353536376
0.00000000000000000000
0.00000568066227543167
0.00000000013949452194
0.00000096305582875852
0.00000000818557197780
0.00001513285790664844
0.00000035864510121868
0.00165631857735958442
0.00000025614884510846
0.00000000121973717623
0.00000010063513404956
0.00000000042092661999
0.00000010439877566631
0.00000000013450124842
0.00000002250881706251
0.00000000155578886154
0.00000027976607726382
0.00000000038601252811
0.00000004847375615723
0.00000000045288780336
0.00000038842913465788
0.00000000316636988082
0.00000356816297313008
0.00000000628467533558
0.00038028289831168344
0.00000002272855428458
0.00005663006383899751
0.00000021556446421851
0.00251380529490964960
0.00000099924697365939
0.10000000000000000000
0.00010000000000000000
0.00150438188639532022
0.00000000411980393077
0.00000070354647844381
0.00000000070354647844
0.00000144452398587025
0.00000000021433494905
0.00000012286284589570
0.00000000037402758742
0.00000020800529549638
0.00000000014104431339
0.00000011147239857100
0.00000000019652991322
0.00000002281144037283
0.00000000023480710980
0.00000055844622148646
0.00000000021476457580
0.00000018327099646189
0.00000000002568740837
0.00000134713993471062
0.00000000000000000000
0.00000000000000000000
0.00000000036505457919
0.00005279240540008754
0.00000004227278965880
0.00003551663758747559
0.00000001297660950803
0.00000277130129743615
0.00000252223086675900
0.00090606415868567824
0.00000013903313651394
0.00018176226631033288
0.00000068681080538699
0.00000000000000000000
0.00000000120171328889
0.00000003718367164548
0.00000000183257428448
0.00001799601776892136
0.00000013517311036772
0.00064664031711323984
0.00000004387523811951
0.00000000025614884510
0.00000121973717623763
0.00000000010063513404
0.00000042092661999764
0.00000000010439877566
0.00000013450124842270
0.00000000002250881706
0.00000155578886154756
0.00000000027976607726
0.00000038601252811632
0.00000000004847375615
0.00000045288780336548
0.00000000038842913465
0.00000316636988082605
0.00000000356816297313
0.00000628467533558194
0.00000038028289831168
0.00002272855428458556
0.00000005663006383899
0.00021556446421851924
0.00000251380529490964
0.00099924697365939920
0.00010000000000000000
0.10000000000000000000
0.00000150438188639532
0.00000411980393077426
0.00000000070354647844
0.00000070354647844381
0.00000000144452398587
0.00000021433494905397
0.00000000012286284589
0.00000037402758742807
0.00000000020800529549
0.00000014104431339365
0.00000000011147239857
0.00000019652991322379
0.00000000002281144037
0.00000023480710980803
0.00000000055844622148
0.00000021476457580590
0.00000000018327099646
0.00000002568740837110
0.00000000134713993471
0.00000000000000000000
0.00000000000000000000
0.00000036505457919650
0.00000005279240540008
0.00004227278965880834
0.00000003551663758747
0.00001297660950803317
0.00000000277130129743
0.00252223086675900960
0.00000090606415868567
0.00013903313651394892
0.00000018176226631033
0.00068681080538699520
0.00000000000000000000
0.00000120171328889038
0.00000000003718367164
0.00000183257428448026
0.00000001799601776892
0.00013517311036772076
0.00000064664031711323
0.00004387523811951630
0.00000010302894706331
0.00000000003915294860
0.00000001720319533585
0.00000000006381083991
0.00000005587761243405
0.00000000070398063579
0.00000004866604481724
0.00000000306250804793
0.00000004281387203476
0.00000000008474315601
0.00000002898160025320
0.00000000043599189789
0.00000072305237429061
0.00000000157845120084
0.00000143541213780628
0.00000000232294702976
0.00000450495083695674
0.00000001204785571356
0.00085946158950125504
0.00000080805235779681
0.00121153201825385200
0.00000032117878932104
0.00107670322542472426
0.00000107670322542472
0.10000000000000000000
0.00000000052885765123
0.00000019358762079999
0.00000000019358762079
0.00000039742489193852
0.00000000000850722376
0.00000007952572198880
0.00000000015292110740
0.00000024882399021534
0.00000000011001201475
0.00000000809410398877
0.00000000031654650822
0.00000022056629898205
0.00000000017502376184
0.00000028648074764936
0.00000000140183984711
0.00000058029948451822
0.00000000018871307694
0.00000191350349404125
0.00000000000000000000
0.00000000000000000000
0.00000000376030570790
0.00000578555977901715
0.00000000544205262712
0.00002470502604286348
0.00000004165227709069
0.00000122023815473273
0.00000072917932906563
0.00017596493694145236
0.00000009059291215447
0.00006257194251651668
0.00000084283441165131
0.00000000000000000000
0.00000001143634742255
0.00000035123155742003
0.00000003820347662746
0.00000867118836259835
0.00000400576659818750
0.00185212905876184184
0.00000053142101016110
0.00000000000048901121
0.00000000207817545663
0.00000000000031367510
0.00000000277648903617
0.00000000000097325848
0.00000000084927216932
0.00000000000025268763
0.00000000075644550929
0.00000000000036371491
0.00000000006465127401
0.00000000000093057743
0.00000000070733713664
0.00000000000118613052
0.00000001259964336208
0.00000000001184081771
0.00000003324074202282
0.00000000346578048626
0.00000040583210662813
0.00000000092340957321
0.00000011513735803109
0.00000001098641733151
0.00000569508359182107
0.00000000326757174678
0.00000326757174678248
0.00000000058606995545
0.10000000000000000000
0.00000000000233553470
0.00000000233553470754
0.00000000000431857357
0.00000000162637448252
0.00000000000017783998
0.00000000099369430228
0.00000000000110075208
0.00000000088018227835
0.00000000000009002807
0.00000000012915310875
0.00000000000017416733
0.00000000070047292721
0.00000000000017622691
0.00000000033687307630
0.00000000000016749587
0.00000000012877580240
0.00000000001163518283
0.00000000000000000000
0.00000000000000000000
0.00000000362832714241
0.00000000011948091712
0.00000009220304173025
0.00000000003676144856
0.00000006482590625105
0.00000037038731693188
0.00000635901106255022
0.00000000174253955904
0.00000189669029353690
0.00000000023587886718
0.00000479708863406525
0.00000000000000000000
0.00000004206742615765
0.00000000000012090323
0.00000006638158745210
0.00000000002348820923
0.00000196313840863785
0.00000000193629935174
0.00000171391345562522
0.15395890309487304484
0.00005074663701144960
0.09062697403105310420
0.00000067594213764006
0.00230370732542513440
0.00000191727443645596
0.00375545342223073762
0.00001527705243311018
0.00001468115853033300
0.00000123000974158547
0.00023824336800822844
0.00000014617389366157
0.00000017974024634098
0.00000015012149650656
0.00105206503697610320
0.00000217116084133866
0.00000254067608028180
0.00000000353691933917
0.00000824940673452142
0.00000000470114184179
0.00000319422395051277
0.00000000070018355320
0.00001187318688400068
0.00000001187318688400
0.00000456472032578134
0.00000000004969494920
2.00000000000000000000
0.00199999999999999968
0.01809468423237087684
0.00001837744880010220
0.01461268803891657824
0.00000469113248380760
0.02894538266273495682
0.00000105396089495386
0.00322166247018200724
0.00000163972280652644
0.00261179571043190442
0.00000729641952586966
0.00701093331618221528
0.00000030007481439461
0.00051811935525218258
0.00000024978159840996
0.00083524291871903258
0.00000000000000000000
0.00000000000000000000
0.00000984388059771232
0.00948263545246227840
0.00000003657355300503
0.00085451133449318224
0.00000044617018605986
0.00000002455325775976
0.00000000666934684662
0.00000215491458405551
0.00000001826404963857
0.00000664755199794303
0.00000004019407350890
0.00000000000000000000
0.00000008105314686084
0.00001331941170412479
0.00000072650364654992
0.00000725485386284013
0.00000000318887285450
0.00001358565392700138
0.00000000187406192317
0.00015395890309487302
0.05074663701144960000
0.00009062697403105310
0.00067594213764006826
0.00000230370732542513
0.00191727443645596580
0.00000375545342223073
0.01527705243311018024
0.00000001468115853033
0.00123000974158547104
0.00000023824336800822
0.00014617389366157020
0.00000000017974024634
0.00015012149650656278
0.00000105206503697610
0.00217116084133866442
0.00000000254067608028
0.00000353691933917327
0.00000000824940673452
0.00000470114184179880
0.00000000319422395051
0.00000070018355320727
0.00000001187318688400
0.00001187318688400068
0.00000000456472032578
0.00000004969494920721
0.00199999999999999968
2.00000000000000000000
0.00001809468423237087
0.01837744880010220062
0.00001461268803891657
0.00469113248380760640
0.00002894538266273495
0.00105396089495386368
0.00000322166247018200
0.00163972280652644000
0.00000261179571043190
0.00729641952586966568
0.00000701093331618221
0.00030007481439461632
0.00000051811935525218
0.00024978159840996676
0.00000083524291871903
0.00000000000000000000
0.00000000000000000000
0.00984388059771232640
0.00000948263545246227
0.00003657355300503615
0.00000085451133449318
0.00044617018605986192
0.00000000002455325775
0.00000666934684662181
0.00000000215491458405
0.00001826404963857479
0.00000000664755199794
0.00004019407350890288
0.00000000000000000000
0.00008105314686084595
0.00000001331941170412
0.00072650364654992522
0.00000000725485386284
0.00000318887285450438
0.00000001358565392700
0.00000187406192317924
0.00827287443168131042
0.00001754249142197569
0.00783110656604606404
0.00000308568030213618
0.00980828547806304808
0.00000032467334391227
0.01250418384732082402
0.00000320788140915646
0.00408333474532755604
0.00000136676231350269
0.00372109490446133046
0.00000010952270821077
0.00028059291805100656
0.00000155266717472533
0.00000209513714806433
0.00000644706658298710
0.00000076694619795332
0.00000000355388170356
0.00000777648070604760
0.00000000488059020009
0.00000293418203358367
0.00000000710380360676
0.00001519959859865582
0.00000001519959859865
0.00000584284691536993
0.00000000005729267500
0.01128194192931359842
0.00001128194192931359
2.00000000000000000000
0.00011223500425727098
0.02108867406078512840
0.00000568093856796512
0.02582886284307361848
0.00000328332521737372
0.00699815761123909860
0.00000432655934309633
0.00563633034605612580
0.00000630104296313341
0.00000060431147212644
0.00000056608619323470
0.00084186754063468192
0.00000018034250110362
0.00044657650567019472
0.00000000000000000000
0.00000000000000000000
0.00000039901187299904
0.00107637178531789024
0.00000093503659403300
0.00159141492457413108
0.00000001216839660291
0.00000006184233120893
0.00000001466116508725
0.00000521324049031488
0.00000001013673728066
0.00000395425758187157
0.00000004588094819228
0.00000000000000000000
0.00000009407563726550
0.00004202459095740601
0.00000007022333914978
0.00000225706258782021
0.00000001822509772379
0.00000611736614182821
0.00000000382205318377
0.00000544458399345560
0.09085498251615240082
0.00001785940491014305
0.00220253081751527242
0.00000811581521371307
0.00214475265278831780
0.00002254463989301762
0.00508304480578622006
0.00000086891042561219
0.00743153681077423842
0.00000247012117642520
0.00010614999038517186
0.00000009415610594209
0.00185352162330060564
0.00000123364950773081
0.00038016287851048098
0.00000000010045960334
0.00000339427613288695
0.00000000071575413832
0.00000464084299077883
0.00000000088987787597
0.00000199176637147124
0.00000000388522582328
0.00000388522582328417
0.00000000021546325299
0.00000003717022942057
0.00001973940173809872
0.01973940173809872002
0.00019335002855776720
2.00000000000000000000
0.00000291940112791477
0.01922315150239050440
0.00000139671771957602
0.06418692756598481846
0.00000968201009804413
0.01458606572747612260
0.00000460607023143445
0.00605729980158908800
0.00000418419572668369
0.00187406849177504404
0.00000005240887990203
0.00021561277808499504
0.00000062547671100256
0.00000000000000000000
0.00000000000000000000
0.00105150455357081520
0.00000114326295644612
0.00133937974563575706
0.00000035599783013437
0.00013879453944196876
0.00000000004092819726
0.00000298119083809102
0.00000000196746921406
0.00001251982383023575
0.00000000150673890281
0.00001324344103511629
0.00000000000000000000
0.00004283533442864605
0.00000003292898170341
0.00056721604835748064
0.00000001440813550095
0.00000871120057489131
0.00000000375394585111
0.00000622918097350570
0.03184786518352473868
0.00001267725141514781
0.01031235727408260266
0.00002278630553307459
0.00548551206429694720
0.00001037634351020945
0.00035963935666025698
0.00000230897818428341
0.00192429900240924960
0.00000623114124731963
0.00176967493567410902
0.00000011828791154103
0.00103215363549188362
0.00000003249495948621
0.00047797652001828120
0.00000070775670037806
0.00000013880959010015
0.00000000141107930704
0.00000087229174599623
0.00000000161845763782
0.00000012089933487599
0.00000000207907801453
0.00000185176961800141
0.00000000185176961800
0.00000167469639637549
0.00000000000337945932
0.01305034480213474404
0.00001305034480213473
0.03020704877133671242
0.00000242737503221448
2.00000000000000000000
0.00014853077138558030
0.06958378874466914680
0.00005543592416138218
0.00191981232506976768
0.00001717347770498136
0.00637285796498636988
0.00000068881715306590
0.00049246348348492880
0.00000213540562050504
0.00027531808006011844
0.00000178886355595876
0.00064610153369658746
0.00000000000000000000
0.00000000000000000000
0.00000003426351057864
0.00047110449796254418
0.00000001414691378584
0.00024530967474576432
0.00000002703340995824
0.00000000574958363572
0.00000000305857693727
0.00000103768999672229
0.00000000328507119759
0.00000120720591466715
0.00000001024497642689
0.00000000000000000000
0.00000000888168007329
0.00001679043698403012
0.00000011453834804287
0.00000263109905530170
0.00000000299483129148
0.00000172668169326806
0.00000000132000150614
0.00000802219079539385
0.00829058733456433548
0.00001040943877805023
0.04101523230708587220
0.00000210594854472762
0.01624321068108823040
0.00000497998248533889
0.00239819338239410048
0.00000840604088683044
0.00072554168095332746
0.00000060912854683298
0.00028457223712235156
0.00000004927807865790
0.00049139210745824472
0.00000034084549459247
0.00000497238232575641
0.00000000153767327667
0.00000125064089319906
0.00000000167600788876
0.00000050931421251494
0.00000000254998000551
0.00000310405847618251
0.00000000494235208856
0.00000494235208856782
0.00000000282331646534
0.00000001655519345156
0.00000367310406688524
0.00367310406688524968
0.00000713415887237361
0.01401300765048346880
0.00013022072168455580
2.00000000000000000000
0.00001179687077804766
0.05064924957740136084
0.00000982581580435722
0.01098691378325714020
0.00001028215950767432
0.00120704481252683504
0.00000146698496515328
0.00029581475318139152
0.00000012845502812738
0.00005013171413247724
0.00000004971976183310
0.00000000000000000000
0.00000000000000000000
0.00050247832107258384
0.00000069690898349986
0.00069508336964666000
0.00000026559929021064
0.00003642071180533843
0.00000000000112270476
0.00000245739917761018
0.00000000131188366194
0.00000833175558537901
0.00000000044855325594
0.00001073284793475888
0.00000000000000000000
0.00004926636904616326
0.00000002128171524225
0.00004696546358471894
0.00000002122439827015
0.00000191130690999878
0.00000000855432725561
0.00000582013524466091
0.02635769320288231242
0.00002749091206734944
0.04707809213633905840
0.00000462256017251128
0.00407960353000811604
0.00000546479710890948
0.02067503093977838080
0.00000569190829481071
0.00063261894643390640
0.00000065342166593472
0.00021436376493590712
0.00000000956598486652
0.00064179309450714952
0.00000117973798345251
0.00016385651278310744
0.00000003825013626329
0.00000057667478180679
0.00000000034007092138
0.00000267503282154149
0.00000000259168495617
0.00000303998847222186
0.00000000178195270138
0.00000388837305078006
0.00000000388837305078
0.00000649901987010207
0.00000000002594385251
0.03206256908283105848
0.00003206256908283105
0.04588718937220922604
0.00000144038603217567
0.08630485378636642680
0.00001668899982832199
2.00000000000000000000
0.00001072494235826881
0.00993054584985658408
0.00000249175647192739
0.00136677782509388128
0.00000167727934540166
0.00334898939968675782
0.00000025025810765245
0.00058762494131100480
0.00000120891924410427
0.00033336760110987004
0.00000000000000000000
0.00000000000000000000
0.00000052054125288284
0.00545857283686616404
0.00000211438033167280
0.00225115587507048042
0.00000003299582484487
0.00000002075470727627
0.00000001256859839980
0.00000807408357869576
0.00000000260872477295
0.00000118758738095640
0.00000000512515858081
0.00000000000000000000
0.00000006536380105508
0.00021528702929309778
0.00000014631255867829
0.00001859340926472129
0.00000001228106669711
0.00000478087030651650
0.00000000010996647893
0.00001804482700460464
0.03719575459384850462
0.00003111563381655320
0.00346046646057203402
0.00000800475993996178
0.02764007915065420068
0.00000103371493357959
0.00365958298594665768
0.00000250471179764622
0.00084673553049094064
0.00000170545372704779
0.00009278416261420948
0.00000080902328861940
0.00009312941589349462
0.00000051045347564620
0.00064446535018106266
0.00000000012861838264
0.00000229028908027069
0.00000000047184953449
0.00000174717000536485
0.00000000590030692485
0.00000172458902266777
0.00000000234062703563
0.00000234062703563898
0.00000000255081425919
0.00000001841622751653
0.00000103639813675699
0.00103639813675699840
0.00000517825194462481
0.05876245739545424062
0.00006103817561852382
0.06360915207018436044
0.00000952090145085358
2.00000000000000000000
0.00001200829727737013
0.04249441541540656008
0.00000072327008448678
0.00329290236155383780
0.00000237928678899020
0.00100589855422790640
0.00000025799968590220
0.00152174147720220502
0.00000242884916420266
0.00000000000000000000
0.00000000000000000000
0.00141181947892983786
0.00000067475911770502
0.00138670128545647706
0.00000143617710027004
0.00014332479184142704
0.00000000003143487171
0.00000215451574384016
0.00000000400808493352
0.00000108644808391066
0.00000000308210658132
0.00000043789783927089
0.00000000000000000000
0.00002341320948027678
0.00000000291287460081
0.00010116316633935274
0.00000002050368020395
0.00000211949667326319
0.00000000423270618433
0.00000341331964090061
0.00266274202244460608
0.00001522952669643132
0.01460200265105873066
0.00003964855867546592
0.02156301334633147622
0.00002389901931869540
0.00060487148869249466
0.00000381354847011452
0.00088653482400726320
0.00000457102385560232
0.00077149788153959680
0.00000019051835682053
0.00109864357428183226
0.00000032752386404967
0.00053824241750659320
0.00000267458675154578
0.00000038562211915667
0.00000000061903384521
0.00000135248650240667
0.00000000168618560542
0.00000113342066181108
0.00000000015764911475
0.00000195662375226131
0.00000000195662375226
0.00000019850471943499
0.00000000000199236701
0.00335077682538143124
0.00000335077682538143
0.01167390979729654402
0.00000937523649808269
0.00223579699017825162
0.00001305204459243906
0.00932437139249076008
0.00001270120044621529
2.00000000000000000000
0.00009973869978209338
0.00604211074224261120
0.00000420749527298868
0.00532845211852501204
0.00000123037541544895
0.00094112696919762560
0.00000234654858636326
0.00074103217250781888
0.00000000000000000000
0.00000000000000000000
0.00000356186331835192
0.00124649194554028784
0.00000054246687352812
0.00014347106951818410
0.00000021516923213913
0.00000000900266424702
0.00000000015389983067
0.00000091449565235979
0.00000000503089025148
0.00000313832517346895
0.00000001056139745416
0.00000000000000000000
0.00000008557193389818
0.00005832805007116188
0.00000089417406542677
0.00010156735914779358
0.00000000090543367926
0.00000364076758420796
0.00000000298939451995
0.00001326044703416208
0.00006451449720973420
0.00000043345576534347
0.00681714684518882986
0.00000646920013130138
0.01987977672838813640
0.00005792864025161805
0.01713656521038030280
0.00002354896678752456
0.01383947521196869064
0.00000833267780248086
0.00204402245436925568
0.00000119186203713708
0.00453161176627156260
0.00000115508122538159
0.00004297712916970887
0.00000000137426181603
0.00000454261458460529
0.00000000172357491420
0.00000020997544727101
0.00000000033328168853
0.00000189195043582626
0.00000000289910060608
0.00000289910060608572
0.00000000652430466660
0.00000000240209900849
0.00000143327838511283
0.00143327838511283306
0.00000606554637900210
0.01186996712151589064
0.00001680840451476040
0.01226535989353750086
0.00000196628599691462
0.03777372788422569602
0.00008382206417108458
2.00000000000000000000
0.00000840857324763794
0.00040581038481261344
0.00001068327139098497
0.00086065933265299386
0.00000708057124282681
0.00052407828932223626
0.00000049477697301397
0.00000000000000000000
0.00000000000000000000
0.00060751371470306458
0.00000039792459152650
0.00025938393830277676
0.00000070337921257462
0.00005230174469119156
0.00000000000725711774
0.00000949789332292006
0.00000000416597769059
0.00001691493292744827
0.00000000078862751585
0.00000483684082954167
0.00000000000000000000
0.00027973553852023476
0.00000003619110245073
0.00018972356123472524
0.00000005365426757980
0.00000177059940338018
0.00000001272592900716
0.00000977129785379475
0.01233884198324336008
0.00000992321109582638
0.00443006148458077608
0.00000169985526631579
0.00918762562515181068
0.00000845670063649441
0.00870634016977081442
0.00003664259817318330
0.00945308227874119464
0.00004125553701166961
0.00787427363272620160
0.00000216232412899133
0.00053800269797634880
0.00000140641077305062
0.00337657817207941928
0.00000221741370013370
0.00000150421060556086
0.00000000309705676880
0.00000605687420663743
0.00000000007078218944
0.00000140530785834889
0.00000000012268881983
0.00000044682175214350
0.00000000044682175214
0.00000603646707497521
0.00000000000430129987
0.00303142126497911124
0.00000303142126497911
0.01049229944136659468
0.00000497724340357864
0.00828227133497633064
0.00001524178708188092
0.00143214169815103168
0.00000085370036082931
0.00674264514908817448
0.00001116527144762109
2.00000000000000000000
0.00003249624897348776
0.00720139794755354586
0.00002261048590484135
0.00444773819669500642
0.00000277090033179346
0.00540290131653188648
0.00000000000000000000
0.00000000000000000000
0.00000051653750043289
0.00005565403480949312
0.00000061848691942689
0.00078542299966152624
0.00000007886804122724
0.00000000696467042428
0.00000001335767787097
0.00000114518088202752
0.00000000432284835249
0.00000003206824857081
0.00000000107358725459
0.00000000000000000000
0.00000023081327228368
0.00001448464755527302
0.00000009653344791782
0.00016230087739100562
0.00000000721903281329
0.00000610683014661534
0.00000000678096767413
0.00000321819833092309
0.00035403176945707496
0.00000007988303435349
0.00171990396734064800
0.00000795884063654733
0.00525095504033374180
0.00001591375531246471
0.00975926670320849448
0.00000111891783498358
0.00396824360085073060
0.00000578178356911368
0.00000261687565411559
0.00000278639126077387
0.00326933536774931042
0.00000020102652527199
0.00566376756765204580
0.00000000332159915500
0.00000399753401315980
0.00000000041234094061
0.00000112899693706193
0.00000000064686246657
0.00002168287636377327
0.00000000341197697641
0.00000341197697641491
0.00000000355348056614
0.00000001283327849974
0.00000628246583898198
0.00628246583898198006
0.00000870161628786328
0.00485568654818728640
0.00000066409837702618
0.00132735838613138208
0.00000130378720610030
0.00288334803074190602
0.00000348320079208610
0.00039974531381122632
0.00002410718406387314
2.00000000000000000000
0.00007145145422406488
0.00107040499264362000
0.00004276552719152546
0.00505105050036238400
0.00000143736775023636
0.00000000000000000000
0.00000000000000000000
0.00031382000596033738
0.00000004588192894082
0.00011332417671894676
0.00000151604495247092
0.00117676620290619722
0.00000000004129806615
0.00002369879770079629
0.00000000139066620844
0.00002109301859479653
0.00000000269406063513
0.00000405719222318709
0.00000000000000000000
0.00075153942904723066
0.00000006691617144667
0.00161561394652288448
0.00000028268954184722
0.00000208497163001334
0.00000000677931879138
0.00000382608589821776
0.00007764348475767998
0.00000039463775562840
0.00124722468842452640
0.00000230426375316681
0.00590321230442750988
0.00001411542959303362
0.00625470601037502404
0.00000119310219323948
0.01879424526269055268
0.00000839528640350684
0.00449864267287933786
0.00001119426374328155
0.00425452347160001920
0.00000519233007791006
0.00270420385497261248
0.00000593428630100765
0.00000126881238584136
0.00000000019300319344
0.00000044448816872008
0.00000000175479013765
0.00000042966701474123
0.00000000522307257477
0.00001008477408592620
0.00000001008477408592
0.00000722840270933941
0.00000000000401243917
0.00750215690951661126
0.00000750215690951661
0.00000103714217368145
0.00000416843980170810
0.00059005496109421360
0.00000200484330657194
0.00323522922445872184
0.00000258913666072817
0.00548208682122943842
0.00001307839511306334
0.00663926539013033522
0.00008879756162616265
2.00000000000000000000
0.00004047353583841671
0.02144462343597683200
0.00000369873466434833
0.00819725120292545862
0.00000000000000000000
0.00000000000000000000
0.00000013665717949952
0.00004054279848347615
0.00000093673953874403
0.00005796548934271452
0.00000204195040358064
0.00000001664414806962
0.00000000271063157610
0.00000284384895586244
0.00000000773364419747
0.00000228160780204488
0.00000000329273079337
0.00000000000000000000
0.00000058731548962388
0.00005905563771651132
0.00000237013220435923
0.00220314149400316800
0.00000000945373879793
0.00000181940017029409
0.00000000394008823820
0.00000021368782718198
0.00040636938810529786
0.00000156457868681204
0.00026803281126135944
0.00000352972182941538
0.00117821507627964800
0.00000159872784692669
0.03041660841020490440
0.00000582543356726778
0.01093358400573702242
0.00000619939827887962
0.00153890801486386902
0.00000146957126594916
0.05143012154520282608
0.00000019035547907508
0.00022302014174890504
0.00000000699055836414
0.00002630019319394435
0.00000000017977734310
0.00001080757272125302
0.00000000320988223430
0.00002063336326914467
0.00000000383594141963
0.00000383594141963896
0.00000003498402702959
0.00000000758624799312
0.00000031758819702050
0.00031758819702050578
0.00000096091399577459
0.00184659434902616246
0.00000253059890387501
0.00039985184341168978
0.00000023911341446246
0.00108264697202220128
0.00000125200766351235
0.00104209179345821408
0.00002061757649794657
0.00131571732923645482
0.00004003092702299747
2.00000000000000000000
0.00003846523253532717
0.02528852663534030406
0.00000139658105607141
0.00000000000000000000
0.00000000000000000000
0.00003848118801826030
0.00000007058387344122
0.00144815520572966208
0.00000131216169225649
0.00023901400338655204
0.00000000007662722496
0.00000897659725322964
0.00000002987750027261
0.00000194452010658164
0.00000002563167697596
0.00000958860820586839
0.00000000000000000000
0.00028184611493529792
0.00000017039998603257
0.00088511310887995242
0.00000025631618183574
0.00001184864754656064
0.00000000398729758114
0.00002286318618340328
0.00045076600350463760
0.00000002761113863449
0.00094861707539865706
0.00000029654153989605
0.00243303104569757844
0.00000023819024797068
0.00018771117785754360
0.00002253750576591156
0.00130903590734718906
0.00000177235197693638
0.11367001348518656000
0.00002639161526155877
0.03183350583598438068
0.00000649326437076346
0.00059315452151748040
0.00000424516185761176
0.00000956758759022406
0.00000000699612592985
0.00000119081503196983
0.00000000812840809215
0.00000143182270787545
0.00000000455378467068
0.00000312836303327229
0.00000000312836303327
0.00001384005036492248
0.00000000000360478147
0.00052405722218657760
0.00000052405722218657
0.00136571414595821584
0.00000004935202844520
0.00031181123035761360
0.00000016593747136238
0.00053657457726900480
0.00000026537862854352
0.00091523295140970880
0.00000819326641496128
0.00387597548360361526
0.00005023684830094098
0.02027015229517367240
0.00003676058793510797
2.00000000000000000000
0.00005091142124965753
0.00859236849578119040
0.00000000000000000000
0.00000000000000000000
0.00000013741432058520
0.00008000066038994619
0.00000338182893003028
0.00486495078901272640
0.00000048738500230725
0.00000000507971845297
0.00000000097475076261
0.00000191759084574526
0.00000000244088798860
0.00000631640736806961
0.00000000120427432687
0.00000000000000000000
0.00000051972475018059
0.00005056974435832089
0.00000089482515885752
0.00003685481693069581
0.00000000072445240778
0.00000773255661643036
0.00000000335529354880
0.00000001715160236246
0.00055197153735959058
0.00000022799356518280
0.00080200567797336608
0.00000419618619662217
0.00364961630579857526
0.00000161408331620499
0.00793881068129493602
0.00001708750919327849
0.01705113237406088860
0.00004036911862380064
0.00192216244535934804
0.00000659716079598818
0.01257343047120130028
0.00000029995116791884
0.00175042345074189504
0.00000000147565438224
0.00000426025944191844
0.00000000029259788324
0.00000094038971509353
0.00000000245533578999
0.00000153460260722837
0.00000000039076728962
0.00000039076728962159
0.00000000401108615096
0.00000000246992401396
0.00000022515616499947
0.00022515616499947264
0.00000026072858015273
0.00018094606095090640
0.00000180554678114706
0.00005771389993358125
0.00000098378833915123
0.00139496128488553904
0.00000203370280754919
0.00054045489792662720
0.00000215197498438412
0.00528791875789973860
0.00000311577632505985
0.02153833472371650460
0.00004537218867628094
2.00000000000000000000
0.00000229824686487239
0.00000000000000000000
0.00000000000000000000
0.00056526198730328144
0.00000059916070557689
0.00433994712146510248
0.00000300223153454890
0.00028902669856335304
0.00000000002931247064
0.00001080989961669352
0.00000000852191673222
0.00000027160430290499
0.00000000070699599416
0.00000062090962282915
0.00000000000000000000
0.00020793663593708996
0.00000010062181536528
0.00085487191478608624
0.00000061185252055223
0.00000263322830118075
0.00000000074917286188
0.00000469014968606375
0.00015172344439802578
0.00000013068254649356
0.00015374031795568984
0.00000065456913872563
0.00194863635014947040
0.00000095773402922644
0.00071795524788494826
0.00000273527303191538
0.00166949142162248022
0.00001431701386486975
0.00060417129147618458
0.00002659616392214950
0.02032870705323247686
0.00003740096103645309
0.00991375283357477446
0.00000426009982027599
0.00002764990300874631
0.00000001109074494786
0.00002569227712785568
0.00000005252338914848
0.00000101944374121891
0.00000002497738857454
0.00001684307970820448
0.00000001684307970820
0.00003342721036525391
0.00000000018341439634
0.00061879541277731792
0.00000061879541277731
0.00053063672401532992
0.00000043141641200015
0.00053597333236729120
0.00000004704438419068
0.00022296600390894376
0.00000182992252259027
0.00052784435536227112
0.00000041935676008683
0.00344869057344333002
0.00000123674977726238
0.00567534439043301204
0.00000097760997081939
0.00629358762509386802
0.00000188889386968531
2.00000000000000000000
0.00000000000000000000
0.00000000000000000000
0.00000180299286817832
0.00021199789146336288
0.00000028436209132999
0.00119733846047757248
0.00000092998948339757
0.00000001719134056149
0.00000000798737395971
0.00005050021251226694
0.00000015714342973202
0.00000103130718672156
0.00000008761269596781
0.00000000000000000000
0.00000019707762424000
0.00003685907849839568
0.00000278593774521081
0.00007254735222803430
0.00000000311523367365
0.00017560178701191422
0.00000002394980869099
0.00000000000000000000
0.00000000000000000000
0.00000000000000000000
0.00000000000000000000
0.00000000000000000000
0.00000000000000000000
0.00000000000000000000
0.00000000000000000000
0.00000000000000000000
0.00000000000000000000
0.00000000000000000000
0.00000000000000000000
0.00000000000000000000
0.00000000000000000000
0.00000000000000000000
0.00000000000000000000
0.00000000000000000000
0.00000000000000000000
0.00000000000000000000
0.00000000000000000000
0.00000000000000000000
0.00000000000000000000
0.00000000000000000000
0.00000000000000000000
0.00000000000000000000
0.00000000000000000000
0.00000000000000000000
0.00000000000000000000
0.00000000000000000000
0.00000000000000000000
0.00000000000000000000
0.00000000000000000000
0.00000000000000000000
0.00000000000000000000
0.00000000000000000000
0.00000000000000000000
0.00000000000000000000
0.00000000000000000000
0.00000000000000000000
0.00000000000000000000
0.00000000000000000000
0.00000000000000000000
0.00000000000000000000
2.00000000000000000000
0.00000000000000000000
0.00000000000000000000
0.00000000000000000000
0.00000000000000000000
0.00000000000000000000
0.00000000000000000000
0.00000000000000000000
0.00000000000000000000
0.00000000000000000000
0.00000000000000000000
0.00000000000000000000
0.00000000000000000000
0.00000000000000000000
0.00000000000000000000
0.00000000000000000000
0.00000000000000000000
0.00000000000000000000
0.00000000000000000000
0.00000000000000000000
0.00000000000000000000
0.00000000000000000000
0.00000000000000000000
0.00000000000000000000
0.00000000000000000000
0.00000000000000000000
0.00000000000000000000
0.00000000000000000000
0.00000000000000000000
0.00000000000000000000
0.00000000000000000000
0.00000000000000000000
0.00000000000000000000
0.00000000000000000000
0.00000000000000000000
0.00000000000000000000
0.00000000000000000000
0.00000000000000000000
0.00000000000000000000
0.00000000000000000000
0.00000000000000000000
0.00000000000000000000
0.00000000000000000000
0.00000000000000000000
0.00000000000000000000
0.00000000000000000000
0.00000000000000000000
0.00000000000000000000
0.00000000000000000000
0.00000000000000000000
0.00000000000000000000
0.00000000000000000000
0.00000000000000000000
0.00000000000000000000
0.00000000000000000000
0.00000000000000000000
0.00000000000000000000
0.00000000000000000000
0.00000000000000000000
0.00000000000000000000
0.00000000000000000000
0.00000000000000000000
0.00000000000000000000
0.00000000000000000000
0.00000000000000000000
2.00000000000000000000
0.00000000000000000000
0.00000000000000000000
0.00000000000000000000
0.00000000000000000000
0.00000000000000000000
0.00000000000000000000
0.00000000000000000000
0.00000000000000000000
0.00000000000000000000
0.00000000000000000000
0.00000000000000000000
0.00000000000000000000
0.00000000000000000000
0.00000000000000000000
0.00000000000000000000
0.00000000000000000000
0.00000000000000000000
0.00000000000000000000
0.00000000000000000000
0.00000164047498927594
0.00876028581869534404
0.00000052267720905947
0.00629913741168450660
0.00000004472419439736
0.00003668066793483154
0.00000112832108316568
0.00036978427595941008
0.00000029524795596247
0.00186376004462230646
0.00000010730549517644
0.00048097431012283680
0.00000023112813232572
0.00341211955526341928
0.00000355637916653060
0.00912211820413427626
0.00000000244405365893
0.00000987194521749651
0.00000000231734819344
0.00000029820663459382
0.00000000674814061382
0.00001594123285503249
0.00000000506733554450
0.00000506733554450064
0.00000007293014851423
0.00000006350087585220
0.00000809680517790962
0.00809680517790963042
0.00000052638113938453
0.00080521108614654240
0.00000003155639159863
0.00052784832381807192
0.00000038653024548715
0.00118093065401435984
0.00000281682026912898
0.00057166726569911386
0.00000036605144064656
0.00029978344065440996
0.00000010504357608985
0.00002990618504195031
0.00000011174560551951
0.00051579096559676992
0.00000200173728228814
0.00000000000000000000
0.00000000000000000000
2.00000000000000000000
0.00003212879269694042
0.00105704561316018944
0.00000236512076311845
0.00049446984594850666
0.00000000009478422744
0.00007237562765530530
0.00000004119719000276
0.00004065590720577741
0.00000000249338641451
0.00004122008186967251
0.00000000000000000000
0.00164171540805713802
0.00000098689970242418
0.00093135703299732522
0.00000000593498891602
0.00002344041195442343
0.00000005576547564456
0.00002160420956646121
0.00197384980568060320
0.00000793888587593902
0.00128363901729680160
0.00000766148620725849
0.00072070559479501818
0.00000022254991301768
0.00082044193277330784
0.00000023088817137591
0.00006675552924151356
0.00000159498267093413
0.00027904336336710744
0.00000037869608072389
0.00010427967231632300
0.00000182497070887435
0.00390780756757934584
0.00000830396533430911
0.00008509311243312838
0.00000000482474529707
0.00030848997273089320
0.00000007218884510719
0.00039746231346311224
0.00000005553678935441
0.00093011496290049066
0.00000093011496290049
0.00014242054635250796
0.00000000265408693146
0.00989964737923692484
0.00000989964737923692
0.00180227112367718484
0.00000111118926710758
0.00055070123165145866
0.00000092920427351354
0.00514458986024066806
0.00000071636986140320
0.00125116527351796240
0.00000047526007852026
0.00005005877726091284
0.00000005563037654717
0.00003955433490329901
0.00000006962438153682
0.00008257248379617268
0.00000069392189627330
0.00029873625253967938
0.00000000000000000000
0.00000000000000000000
0.00004077910825802355
2.00000000000000000000
0.00000129212016377233
0.00025967419455816380
0.00000148716607391076
0.00000074834098233008
0.00000010806644987150
0.00014290264288682764
0.00000065887259234339
0.00011735760133138820
0.00000198071052705985
0.00000000000000000000
0.00000003368100027763
0.00156334748864897846
0.00000290765457999841
0.00026747657049673236
0.00000015418032598631
0.00085544397735714922
0.00000011384832996029
0.00000021745126592905
0.00632422602148901524
0.00000020453739423423
0.00231524575815488608
0.00000093035424941164
0.00036842661821009624
0.00000011365556641401
0.00279666251908713920
0.00000200580431970360
0.00718687705416756186
0.00000249613825568017
0.00023060273580473344
0.00000056138594626425
0.00499208073363973120
0.00000011227949679272
0.00416855022585704404
0.00000005577102181918
0.00001134027947686523
0.00000008755641412547
0.00010034101849257200
0.00000052317437244941
0.00001115721311919709
0.00000066172568482124
0.00066172568482124120
0.00000011902601737116
0.00000181975846061012
0.00000003392420867825
0.00003392420867825751
0.00000139103587285449
0.00115663821188597104
0.00000001469306523039
0.00082342478732060928
0.00000177054374241566
0.00130804704935652000
0.00000048378269630440
0.00027524886642308004
0.00000049427199428275
0.00012208008052250304
0.00000081199081770149
0.00126917899378690528
0.00000310131096203732
0.00446584462299454988
0.00000035602458563581
0.00000000000000000000
0.00000000000000000000
0.00119203484082533306
0.00000114803414887240
2.00000000000000000000
0.00003215988572043992
0.00120192841838322282
0.00000000090158720542
0.00050329855331760346
0.00000058800309454417
0.00057829693881217104
0.00000006227628280821
0.00028192141305699196
0.00000000000000000000
0.00252770456186082240
0.00000002118256237976
0.00308887376416370402
0.00000096332919904646
0.00047603402234207858
0.00000098350742791636
0.00092025639615774528
0.00115580112850915808
0.00000001418731884808
0.00034848477147850524
0.00000098361689189668
0.00077041742791508448
0.00000044424895092682
0.00012183956721815570
0.00000120172830030756
0.00209253909210623242
0.00000258108163362936
0.00110363027381535360
0.00000008720461663143
0.00006280448652092248
0.00001404565590465124
0.00231462168960385568
0.00000418820375632074
0.00005108197894942562
0.00000012158701250291
0.00003039721401646202
0.00000005596809216993
0.00011787763039747660
0.00000000245097039416
0.00044937419636420304
0.00000044937419636420
0.00043674071919236560
0.00000000058643558964
0.00064064819209327904
0.00000064064819209327
0.00191360524450137482
0.00000024848510659445
0.00020593235230880252
0.00000025431568862997
0.00152366089674287306
0.00000109498368639726
0.00010341907471197628
0.00000060329703672451
0.00050733906396021960
0.00000132005953099319
0.00004061261712195879
0.00000092951055179409
0.00360604659982814720
0.00000249702308311552
0.00121167020012037424
0.00000000000000000000
0.00000000000000000000
0.00000215579641607288
0.00018648328028122996
0.00002599403508123680
2.00000000000000000000
0.00000551493626009075
0.00000067125515874540
0.00000051157589302868
0.00002194775977555370
0.00000016971470604672
0.00005304023769389320
0.00000000988229843104
0.00000000000000000000
0.00000136719613176913
0.00480324388158538722
0.00000590189790249586
0.00024077667445219738
0.00000040541792524170
0.00003923284629233165
0.00000027301266235564
0.00000011717418499402
0.00001277587369461897
0.00000000784573529901
0.00003136194573243452
0.00000005440912768299
0.00011597978058590712
0.00000006282317346616
0.00367104424560387468
0.00000002656988025024
0.00117312829660795706
0.00000031523616935396
0.00034738359085042298
0.00000032012396264140
0.00062842657439900200
0.00000186210743092737
0.00142558888594986624
0.00000023118645785434
0.00061128195463787226
0.00000002157577810314
0.00000942082436979897
0.00000015666813301072
0.00008074024010400561
0.00000016225604692174
0.00016225604692174684
0.00000072768007822945
0.00000102197357652718
0.00000033057171533648
0.00033057171533648676
0.00000001445991199215
0.00009573897212013238
0.00000002242715072459
0.00003446339354351542
0.00000002207014119149
0.00010799019827129232
0.00000015327800869787
0.00004433239631030315
0.00000005034532063092
0.00101259316769867242
0.00000141383922800656
0.00016732224516516422
0.00000035701660168462
0.00023756349422195472
0.00000093005557213410
0.00000000000000000000
0.00000000000000000000
0.00044540758120700720
0.00000105544095840949
0.00096006618900929568
0.00000545009239593371
2.00000000000000000000
0.00000000077722590111
0.00002856952549441860
0.00000020391816400349
0.00013288535545366584
0.00000004780180417477
0.00009289515885252952
0.00000000000000000000
0.01172951722970558082
0.00000071917431923630
0.02932259552348172068
0.00008557561430514872
0.00012437946313419344
0.00000052930996244436
0.00011358799530773580
0.00000000580576632036
0.00000000001560054703
0.00000000300749153209
0.00000000003810131324
0.00000001927175438823
0.00000000000742658132
0.00000001692226982415
0.00000000001111771423
0.00000000183856161325
0.00000000001447014129
0.00000002344596094833
0.00000000001914807724
0.00000002012212454226
0.00000000026965528567
0.00000005813625396687
0.00000000031692109343
0.00006978293495027244
0.00000000916200886853
0.00004395185769973817
0.00000004561984294189
0.00011452279735541672
0.00000005800915899895
0.00003825096932151165
0.00000003825096932151
0.00002353235449944003
0.00000644564261942128
0.00000002008136883879
0.00000000002008136883
0.00000008112172760831
0.00000000003116434772
0.00000000526536778793
0.00000000000117271970
0.00000001532434001847
0.00000000002614530763
0.00000000707929122059
0.00000000000679028878
0.00000000490769620570
0.00000000003922776515
0.00000001272141597425
0.00000000005921510180
0.00000000410747508437
0.00000000002659580944
0.00000001897840238919
0.00000000000000000000
0.00000000000000000000
0.00000000009424816694
0.00000058626376010886
0.00000000079496746787
0.00000073226798845482
0.00000000085795855715
2.00000000000000000000
0.00000002394647295375
0.00000492388268638532
0.00000000351542000336
0.00000418445971635881
0.00000000759624023306
0.00000000000000000000
0.00000000239728860754
0.00000000279553025770
0.00000000078458430985
0.00000017457892670950
0.00000005418657897780
0.00001568486148629224
0.00000001635144529726
0.00000000880427473018
0.00000618545585294548
0.00000000153049590697
0.00000420706157030550
0.00000000066077445391
0.00001943346314217209
0.00000000472268308957
0.00007471625936745215
0.00000000710182123517
0.00002940324030012457
0.00000000209878061999
0.00000941297836706495
0.00000000066628802606
0.00002749576806433771
0.00000016234404228178
0.00000101881755893777
0.00002916329442337919
0.01031612287866859846
0.00000555873178954692
0.01090943544994232262
0.00000356619294599886
0.01433418657275589862
0.00003555951782054816
0.03555951782054816004
0.00001436373742461183
0.00011303476169742716
0.00000000557159860560
0.00000557159860560746
0.00000001964410061097
0.00000231866245883974
0.00000000286104081262
0.00000262190342466290
0.00000000947903973620
0.00000183039180661659
0.00000000012361443662
0.00000907744633864549
0.00000000961436032486
0.00002299336280057076
0.00000000211619996692
0.00000708554808874820
0.00000000080508402026
0.00001001831714049275
0.00000000900671150273
0.00000000000000000000
0.00000000000000000000
0.00007350916807919770
0.00000008647622664428
0.00045329364015605466
0.00000057003931680839
0.00003221323935694644
0.00000002445985526589
2.00000000000000000000
0.00000265595903677589
0.01809169283889531206
0.00004675808986089438
0.03411912096623797660
0.00000000000000000000
0.00008459065386210842
0.00000000084113249388
0.00026734560470106660
0.00000000785452110548
0.00972804163830621866
0.00004631719112204618
0.00799236314039983044
0.00000136616709333051
0.00000000899947316787
0.00000028114571762479
0.00000000064780354298
0.00000085908006660667
0.00000000153998312292
0.00000183522163433035
0.00000001304001071280
0.00000110016302904410
0.00000000634916169444
0.00000000711840496778
0.00000000495040723888
0.00000781654306089264
0.00000003073216325324
0.00008011391018808136
0.00000001280471844892
0.01798351032827728840
0.00001253043697859422
0.00775465343244800000
0.00000409913836963060
0.00366064324847569448
0.00000044645340541354
0.00947812982671893062
0.00000947812982671893
0.00257188722748417802
0.00000002298252617723
0.00000133573175915981
0.00000000133573175915
0.00000518279582394793
0.00000000113539864804
0.00000072021962054327
0.00000000103855375512
0.00000451817876011123
0.00000000252652722080
0.00000054501113042742
0.00000000295424165503
0.00000061158410890315
0.00000000100113294854
0.00000164734822017398
0.00000001749841221774
0.00000117515795677162
0.00000000586007366872
0.00004225208202565078
0.00000000000000000000
0.00000000000000000000
0.00000003104627027222
0.00008484744755720010
0.00000039293999034506
0.00001814586237198964
0.00000017060036625927
0.00000373175135302984
0.00000197067064431051
2.00000000000000000000
0.00000865313003687923
0.00948696586540490024
0.00000375763203538542
0.00000000000000000000
0.00000071822720872355
0.00000003224197414298
0.00000010865034855354
0.00010436808252866918
0.00002709190503412765
0.00482413390399521526
0.00000864447131240257
0.00000000757664094587
0.00004672791284777056
0.00000000344500181402
0.00000038882340002837
0.00000001516580961806
0.00001716798008196565
0.00000000731051390173
0.00005037804731999246
0.00000000035152637489
0.00002550977810284252
0.00000000322007784460
0.00000728405648089643
0.00000000150795348320
0.00005345714744147506
0.00000048991100634516
0.00052927231902874624
0.00004547800023372468
0.02137862669168260040
0.00000874832483914119
0.00109185644864384928
0.00000338384028733237
0.01343639221655118080
0.00000216479714569020
0.00216479714569020480
0.00000197085733664441
0.00003723460262705386
0.00000001685083612247
0.00001685083612247547
0.00000001499994669491
0.00001075409403262610
0.00000000339373001290
0.00000981760065703943
0.00000000217286935917
0.00000101936854563624
0.00000000446276228674
0.00001785395936480682
0.00000000343627006051
0.00002260178674022191
0.00000000666804092836
0.00000169512608421502
0.00000000222650324479
0.00000027799540643216
0.00000019569796995069
0.00000000000000000000
0.00000000000000000000
0.00004560376303372086
0.00000058228439040557
0.00057521830271083386
0.00000020885365273965
0.00016547651039459564
0.00000000396567761519
0.01998053279504692480
0.00001287977910378157
2.00000000000000000000
0.00001174766169684347
0.00184815587828217440
0.00000000000000000000
0.00073728998731553226
0.00000001508165972086
0.00077539582595741658
0.00000049378907274773
0.00175340859413587626
0.00000510863463193054
0.03107073732857224422
0.00000040842669237449
0.00000000618166666955
0.00000018856271128896
0.00000000359737354044
0.00000489211848808339
0.00000000514202061108
0.00000032163792121518
0.00000000050676795961
0.00000412268444519319
0.00000000682077504427
0.00000721683248414937
0.00000000779862378219
0.00000491275952907708
0.00000007117719141923
0.00003615536241545830
0.00000000559012414987
0.02439602916381074462
0.00002974331340843090
0.00025760337728126524
0.00000102676567244520
0.00012733877139578544
0.00000112903709006341
0.00299151247784067604
0.00000299151247784067
0.00143889402375935360
0.00000000489471645096
0.00000648297463776822
0.00000000648297463776
0.00000618507092636900
0.00000000136804951531
0.00000131826299318969
0.00000000055869020597
0.00000104558448641040
0.00000000305673722857
0.00000294269366786123
0.00000000087988191454
0.00000002694515785610
0.00000000305140326587
0.00000207942502312272
0.00000002361863491402
0.00000609023171935386
0.00000000076490258761
0.00000135758284188378
0.00000000000000000000
0.00000000000000000000
0.00000000295634297103
0.00010963093886135410
0.00000006547759032794
0.00006899478472475801
0.00000006292043595991
0.00000498962354984044
0.00005458493829145148
0.01492625049263631044
0.00001241765628802490
2.00000000000000000000
0.00000237181287506850
0.00000000000000000000
0.00000013591455272915
0.00000614290339429619
0.00000057005684030609
0.00027707972761385684
0.00000985547050020070
0.01311694134571982828
0.00000458526548948987
0.00000001114537192455
0.00004013802508985014
0.00000000346476738480
0.00001200107870245752
0.00000000524778115630
0.00000495230040587964
0.00000000541789054451
0.00002249253073844490
0.00000000145021751270
0.00000590642878228099
0.00000000466612911541
0.00002955643078071904
0.00000001021121732673
0.00022485778421791056
0.00000016984936657977
0.00026401236095165804
0.00000271831592371689
0.00349731983920477002
0.00000231688221243609
0.01243088884041055046
0.00001937558283747387
0.00251812264411708768
0.00001023186807183324
0.01023186807183323844
0.00001754373881437431
0.00009010460161439090
0.00000003548177396732
0.00003548177396732825
0.00000006495952429060
0.00001088417160057766
0.00000001012657054433
0.00001210048405989150
0.00000000408443122263
0.00000039310989787210
0.00000000896394584150
0.00000488477972285508
0.00000000081653266087
0.00000415957106000180
0.00000000271637184742
0.00000799768083102671
0.00000000105104143250
0.00000060806259786313
0.00000010439412624357
0.00000000000000000000
0.00000000000000000000
0.00004423894894482482
0.00000167484122334200
0.00026830501648483236
0.00000001163588686884
0.00011068053236924390
0.00000000819894179882
0.03605326652113862406
0.00000535141165884988
0.00176830642239000566
0.00000214689668436385
2.00000000000000000000
0.00000000000000000000
0.00002111488011653244
0.00000000157877140263
0.00009243970780249762
0.00000026413091544684
0.00324249494640060608
0.00006762209369523460
0.00118635775191921706
0.00000000000000000000
0.00000000000000000000
0.00000000000000000000
0.00000000000000000000
0.00000000000000000000
0.00000000000000000000
0.00000000000000000000
0.00000000000000000000
0.00000000000000000000
0.00000000000000000000
0.00000000000000000000
0.00000000000000000000
0.00000000000000000000
0.00000000000000000000
0.00000000000000000000
0.00000000000000000000
0.00000000000000000000
0.00000000000000000000
0.00000000000000000000
0.00000000000000000000
0.00000000000000000000
0.00000000000000000000
0.00000000000000000000
0.00000000000000000000
0.00000000000000000000
0.00000000000000000000
0.00000000000000000000
0.00000000000000000000
0.00000000000000000000
0.00000000000000000000
0.00000000000000000000
0.00000000000000000000
0.00000000000000000000
0.00000000000000000000
0.00000000000000000000
0.00000000000000000000
0.00000000000000000000
0.00000000000000000000
0.00000000000000000000
0.00000000000000000000
0.00000000000000000000
0.00000000000000000000
0.00000000000000000000
0.00000000000000000000
0.00000000000000000000
0.00000000000000000000
0.00000000000000000000
0.00000000000000000000
0.00000000000000000000
0.00000000000000000000
0.00000000000000000000
0.00000000000000000000
0.00000000000000000000
0.00000000000000000000
0.00000000000000000000
0.00000000000000000000
2.00000000000000000000
0.00000000000000000000
0.00000000000000000000
0.00000000000000000000
0.00000000000000000000
0.00000000000000000000
0.00000000000000000000
0.00000000000000000000
0.00000011215594781436
0.00044396263772223472
0.00000000243866906817
0.00012238008523183500
0.00000064762866246244
0.00070255627958087504
0.00000005795630099631
0.00001852419387952992
0.00000094168876180398
0.00129869658233198880
0.00000001358934927744
0.00000320853851339865
0.00000008104346004646
0.00206437529603704566
0.00000251948876411901
0.00218408637355448768
0.00000019357575495064
0.00036509192674836978
0.00000051735855834354
0.00015992843688293900
0.00000004019563699549
0.00008034987389865518
0.00000001527796715186
0.00001527796715186064
0.00000020314873859051
0.00000067431382628481
0.00000006106046101161
0.00006106046101160999
0.00000011366703084289
0.00003004302059806406
0.00000000749192549864
0.00004740075061508298
0.00000004445375736740
0.00001793696757023134
0.00000006198064336249
0.00024108918449824756
0.00000014981106370931
0.00065753917087992080
0.00000041347699001495
0.00020061686671688988
0.00000038709245214836
0.00017377920623658810
0.00000020039793088094
0.00000000000000000000
0.00000000000000000000
0.00150362909258544960
0.00000002430437785866
0.00205292903472547562
0.00000137378649219358
0.01192628520419639040
0.00000000220813860030
0.00007628094470951410
0.00000087289671657687
0.00060201062731835104
0.00000010498894674927
0.00001801920041093692
0.00000000000000000000
2.00000000000000000000
0.00000003701971570807
0.02053366193024220486
0.00001098397497980347
0.00011054514678653556
0.00000018786167215529
0.00148370145253540244
0.00000113917557485968
0.00000015538407821659
0.00002665855419023906
0.00000017647426381788
0.00000372579854285886
0.00000001956722225594
0.00002236042978116810
0.00000000147032094855
0.00007382414383599455
0.00000001617426412114
0.00003250200136639947
0.00000002968739243946
0.00000152199322172218
0.00000008002714362409
0.00229620197516714324
0.00000174033570052638
0.00000095296201663766
0.00000000994015757167
0.00000149480075339857
0.00000000090972708327
0.00000003770056719758
0.00000000139867636912
0.00000033511266003740
0.00000000033511266003
0.00000442276816442120
0.00000000000137381391
0.00000711293920752882
0.00000000711293920752
0.00003599438000908184
0.00000001637169291772
0.00001004001078539146
0.00000001451493671771
0.00010379176468008518
0.00000000158191708453
0.00002994856698467107
0.00000002211086598104
0.00000666445895315091
0.00000004150255177245
0.00002947237337189685
0.00000008598026927810
0.00002669967148511133
0.00000005961187740458
0.00002656894096660748
0.00000000000000000000
0.00000000000000000000
0.00000064075162961534
0.00079970332830503056
0.00000001219551021836
0.00342134535565577408
0.00000051836190807003
0.00000000182534121933
0.00000000053768998478
0.00000002777771305473
0.00000000872948886462
0.00000336376122261500
0.00000000095508055323
0.00000000000000000000
0.00000002624260447728
2.00000000000000000000
0.00000051789468655989
0.00012373091527156960
0.00000000030325314930
0.00000118468664466718
0.00000000288364704744
0.00000015812263889670
0.00002635335997498900
0.00000003691177716890
0.00003097730836379670
0.00000005223985163060
0.00002489176529386938
0.00000016650339299325
0.00756521929389144802
0.00000006888576548116
0.00040073791613168944
0.00000098974170405331
0.00034973979701066824
0.00000062482103465653
0.00436618548172002660
0.00000329875892973839
0.00577244732274738660
0.00000007012000266492
0.00046559798131596560
0.00000011288805879140
0.00007586959794565701
0.00000002376329745415
0.00001328450733508217
0.00000002272134604965
0.00002272134604965164
0.00000066181626516151
0.00000103769928470969
0.00000053374738028688
0.00053374738028688192
0.00000008274591889705
0.00038796960568033360
0.00000009422301557421
0.00004406776619962105
0.00000009704217915054
0.00007558197672525385
0.00000063161809322710
0.00015946269946397802
0.00000006110386587381
0.00137852679644758784
0.00000162727226475958
0.00061441516047680480
0.00000064996092798047
0.00069674779807870186
0.00000276270861622652
0.00000000000000000000
0.00000000000000000000
0.00083189172450182720
0.00000204620951536410
0.00244655816149662560
0.00000578346182246053
0.02907603767342771200
0.00000000070477970066
0.00023511183407103004
0.00000012877747045240
0.00061744324057935520
0.00000042944103393381
0.00007693309767880198
0.00000000000000000000
0.02002507573724884806
0.00000071248439958856
2.00000000000000000000
0.00000220989569274989
0.00072278308544900288
0.00000011629514881788
0.00015821690164818524
0.00003068904423553453
0.00000001643055991882
0.00000088541268908217
0.00000000846981490196
0.00000420600217014248
0.00000001074861547270
0.00006042274815036480
0.00000089764963773387
0.00013426859251845992
0.00000007798646835996
0.00000756021887026791
0.00000000989343456883
0.00009947304050170250
0.00000070101319214296
0.00065712582868186898
0.00000004995000104771
0.00017820104829980922
0.00000017938697647107
0.00008790594139647010
0.00000003779286477571
0.00014931695409390612
0.00000007865158876991
0.00015542231041806390
0.00000015542231041806
0.00010463516159127624
0.00000000025576332521
0.00000371271066814357
0.00000000371271066814
0.00000185256386229509
0.00000000686469833066
0.00000150767510031380
0.00000001387210249188
0.00000859018354033062
0.00000001067068085096
0.00004997480780455734
0.00000003141279599026
0.00007156096959784810
0.00000016801646392550
0.00105364550900902826
0.00000012393776344273
0.00001864694978990240
0.00000034736478470586
0.00005011292131915406
0.00000000000000000000
0.00000000000000000000
0.00000000369262322690
0.00013111654985940316
0.00000053148937641031
0.00016435202968393612
0.00005910814333867949
0.00000010923707595286
0.00000000481155695738
0.00008616699549726182
0.00000027389211903691
0.00014539672012986304
0.00000015312227441214
0.00000000000000000000
0.00000746159674153518
0.00011857048848102540
0.00000153934602550381
2.00000000000000000000
0.00000067093035738165
0.00007875469022864956
0.00000055051339403790
0.00000000675982898475
0.00001602479045794855
0.00000000349691357082
0.00000050667268740857
0.00000000368755677538
0.00000785842659415116
0.00000000155222763858
0.00006557033692798101
0.00000000341260855982
0.00000782914175337589
0.00000000063376622982
0.00000188586445302675
0.00000001673859655959
0.00002249547389386410
0.00000026203587478046
0.00021731155699557360
0.00000367652762119349
0.00841613333995912006
0.00000992131342020609
0.00196664522226204244
0.00000536829455187749
0.00025626837127505204
0.00000205751419854844
0.00205751419854844186
0.00008519228290535181
0.00003767513951267665
0.00000000287617447138
0.00000287617447138089
0.00000002636422674137
0.00000731488112323159
0.00000000302453428835
0.00000220167351812413
0.00000000999988696232
0.00000194405540004134
0.00000000078517995394
0.00000182699863533518
0.00000000560983323373
0.00000218402615347578
0.00000000796840346278
0.00001009745664301386
0.00000000064600962659
0.00000263477258129063
0.00000000379257666918
0.00000000000000000000
0.00000000000000000000
0.00002570371583372578
0.00000013320370745383
0.00046288535798449658
0.00000048772968958859
0.00015141243951704730
0.00000005975655700724
0.01050284430212930402
0.00003942106713097847
0.00171410246046923446
0.00000911470897395920
0.00331294349752461804
0.00000000000000000000
0.00013235108509277450
0.00000000051217607739
0.00088733588714301280
0.00000118247789024327
2.00000000000000000000
0.00003322654986952791
0.01126282040795132800
0.00000320766091967168
0.00000003294103539282
0.00000069841065148623
0.00000000837195643973
0.00001141320479066156
0.00000001724739237954
0.00000308309556748515
0.00000003781229248508
0.00000047241069716839
0.00000001033942187506
0.00000675942724075898
0.00000000695835411102
0.00002048963332669881
0.00000007843724129318
0.00026785577421036756
0.00000042455754537686
0.00679689571402123048
0.00000075153798961029
0.00741009436341064420
0.00003341862682485214
0.03360734847193149808
0.00000638135786487651
0.01034164094508556002
0.00001034164094508556
0.04138662421271655242
0.00000003904366627110
0.00001287456943555793
0.00000001287456943555
0.00000929787686054475
0.00000000331200821850
0.00000183219872860189
0.00000001035338805853
0.00000409015820020170
0.00000000407913579395
0.00000331726110769895
0.00000001379690101000
0.00000498609924628618
0.00000000746135810353
0.00000161127656470554
0.00000000357022846347
0.00000724479966640262
0.00000000078760923729
0.00022461916805798320
0.00000000000000000000
0.00000000000000000000
0.00000006424956991894
0.00077652075646978922
0.00000100481760919714
0.00004959069627079170
0.00000067701312733361
0.00001817392218678344
0.00005254094301688999
0.00737534480274743040
0.00000524726059812793
0.01274594862014747206
0.00007259345673922980
0.00000000000000000000
0.00000023631982261910
0.00000210228506615164
0.00000015000847887664
0.00014583647442819012
0.00003491076701929519
2.00000000000000000000
0.00000878978455842739
0.00000000010762036984
0.00002003303175176463
0.00000000244406993292
0.00000290249679839452
0.00000000437828905979
0.00001600413464155945
0.00000000739207086772
0.00006112242991453935
0.00000000348811124527
0.00000809383541762186
0.00000000108694490582
0.00000930089955563053
0.00000001553240197502
0.00016305189262796638
0.00000007085074799109
0.00026901750279555680
0.00000025004997002318
0.02067360375251515206
0.00000072049113702576
0.00618678285515070808
0.00000882524549664045
0.03198612005781925824
0.00000076158021974189
0.00076158021974189088
0.00001288833961433858
0.00003750908525386032
0.00000000192754975003
0.00000192754975003086
0.00000000630500643027
0.00000596490928291997
0.00000000152021219614
0.00000764538219753374
0.00000000010210874907
0.00000357023244969377
0.00000000295623822354
0.00001149777476491488
0.00000000600905590756
0.00000457041920802589
0.00000000378719179952
0.00002221895372842662
0.00000000341195493913
0.00000535161620515253
0.00000003324982964873
0.00000000000000000000
0.00000000000000000000
0.00002701547999433363
0.00000011216507549232
0.00102044107243390986
0.00000037454385148698
0.00015768447960787220
0.00000002056333804436
0.00984011899530258884
0.00001434402074948842
0.03463768372837305862
0.00000483585829567129
0.00138227364935536128
0.00000000000000000000
0.00202571331596367040
0.00000000555392112804
0.00022150145160014658
0.00000110643807343582
0.01284371897864015686
0.00000953998568865432
2.00000000000000000000
