18
25
100.0
8.0
0.00100000000000000000
10.00000000000000000406
10.00000000000000000406
10.00000000000000000406
10.00000000000000000406
10.00000000000000000406
10.00000000000000000406
10.00000000000000000406
10.00000000000000000406
10.00000000000000000406
10.00000000000000000406
10.00000000000000000406
10.00000000000000000406
10.00000000000000000406
10.00000000000000000406
10.00000000000000000406
10.00000000000000000406
10.00000000000000000406
10.00000000000000000406
10.00000000000000000406
10.00000000000000000406
10.00000000000000000406
10.00000000000000000406
10.00000000000000000406
10.00000000000000000406
10.00000000000000000406
0.50000000000000000000
0.50000000000000000000
0.50000000000000000000
0.50000000000000000000
0.50000000000000000000
0.50000000000000000000
0.50000000000000000000
0.50000000000000000000
0.50000000000000000000
0.50000000000000000000
0.50000000000000000000
0.50000000000000000000
0.50000000000000000000
0.50000000000000000000
0.50000000000000000000
0.50000000000000000000
0.50000000000000000000
0.50000000000000000000
0.50000000000000000000
0.50000000000000000000
0.50000000000000000000
0.50000000000000000000
0.50000000000000000000
0.50000000000000000000
0.50000000000000000000
0.50000000000000000000
0.50000000000000000000
0.50000000000000000000
0.50000000000000000000
0.50000000000000000000
0.50000000000000000000
0.50000000000000000000
0.50000000000000000000
0.50000000000000000000
0.50000000000000000000
0.50000000000000000000
0.10000000000000000000
0.00069203492332007800
0.00030985719925218640
0.00019958778677499472
0.00057865148598954698
0.00002244518907041767
0.00014529543388070216
0.00000102609988746414
0.00000060584952187420
0.00000037450707636462
0.00000829442483149135
0.00000001887581399550
0.00000119608147535129
0.00000050987365553721
0.00001322730518924992
0.00000000000000000000
0.00000000000000000000
0.00000000000000000000
0.00226386624474994180
0.00022638662447499418
0.00230967839093582980
0.00000048393849929838
0.00004318114313756525
0.00000505892827443208
0.00013032463708924576
0.00000113741121315466
0.00002274160000311900
0.00000677088644705179
0.00004653099178899087
0.00000103083231272007
0.00000421661048067548
0.00000352471002703119
0.00000717447411240251
0.00000120260419301452
0.00000286350217509737
0.00000126504110109623
0.00000391540056944149
0.00000004529002700949
0.00000000000000000001
0.00000000000000000000
0.00000000000000000000
0.00000000000000000000
0.00056819345311987584
0.00058385560530697018
0.10000000000000000000
0.00003215442168861838
0.00085566934879633904
0.00008513775053014235
0.00012138822070432562
0.00000787952638722918
0.00016251556744661564
0.00000006752589885053
0.00000738113493275786
0.00000607203170939867
0.00000045127946747956
0.00000047308967101526
0.00001741059891846397
0.00000324228854614144
0.00000000000000000000
0.00000000000000000000
0.00000000000000000000
0.00082640692148357280
0.00826406921483572806
0.00023236455387176704
0.00126003171384191882
0.00001653418686941760
0.00014667214769038456
0.00001653192730732761
0.00002247329883846720
0.00000149944111943038
0.00007645395615195782
0.00000134949792995295
0.00002462881107799880
0.00000009458953868578
0.00004606629561935569
0.00000002539366543352
0.00005500687368897951
0.00000014789082029720
0.00001246258405901836
0.00000004891359971054
0.00001351103770686516
0.00000000000000000000
0.00000000000000000000
0.00000000000000000000
0.00000000000000000000
0.00000173823771963418
0.00028393282294898560
0.00003492346044079171
0.10000000000000000000
0.00037211422900778376
0.00027993992990929440
0.00017974643388173284
0.00014281221369519560
0.00003572178215191955
0.00015241062633152828
0.00000071796229250136
0.00000963501893151584
0.00000005975709568172
0.00000199900066093811
0.00000379910858454601
0.00001169609690136170
0.00000000000000000000
0.00000000000000000001
0.00000000000000000000
0.00033024732442786140
0.00003302473244278614
0.00133525514743611562
0.00003627320649903149
0.00030149441025890660
0.00028072900978400516
0.00179954060395211446
0.00000506804726717501
0.00051842652638884784
0.00003014467448407588
0.00010742841630884728
0.00000061569891337810
0.00003704785216211313
0.00000159380756155353
0.00000976077268073803
0.00000143609512091067
0.00000890991716341476
0.00000049860946086586
0.00001285982476940405
0.00000009980102201894
0.00000000000000000000
0.00000000000000000000
0.00000000000000000000
0.00000000000000000000
0.00172437211580996628
0.00015222523715546344
0.00077353724581274624
0.00030972407509557240
0.10000000000000000000
0.00001911987515202141
0.00077704291713154528
0.00000392621868659268
0.00015437423074395752
0.00001031327170516821
0.00001889086048882356
0.00000084898396531192
0.00000094044801815515
0.00000120911800568321
0.00000665997275956057
0.00000576057165907507
0.00000000000000000000
0.00000000000000000000
0.00000000000000000000
0.00000433314144694200
0.00004333141446942001
0.00059108854845039066
0.00317702190096393784
0.00003083888847759414
0.00022128077397235880
0.00003669330086136115
0.00004992139322881457
0.00002851003422790355
0.00071751257039186280
0.00001134505311616114
0.00001024733226355066
0.00000060072710800974
0.00005423939376057078
0.00000083248691595143
0.00002642872695365792
0.00000052706246169219
0.00000976038895590277
0.00000030438084816261
0.00000109617573482635
0.00000000000000000000
0.00000000000000000000
0.00000000000000000000
0.00000000000000000000
0.00000373972870042280
0.00047757813015046624
0.00008328601577970535
0.00025213793886124680
0.00002068996296059109
0.10000000000000000000
0.00013507326413913824
0.00014132029133208876
0.00001670101348091232
0.00014982543501703650
0.00000724602526962428
0.00006009061638155789
0.00000017473566660799
0.00001443081288130920
0.00002665251712525308
0.00014030732285898572
0.00000000000000000000
0.00000000000000000000
0.00000000000000000000
0.00066462733498139760
0.00006646273349813976
0.00287557010441583444
0.00003730833248095397
0.00001538915227722951
0.00032398318995825620
0.00010800986892819464
0.00000539031244121041
0.00030120608677208392
0.00006969763594748614
0.00022659522822239940
0.00001647002376781272
0.00053892950863840712
0.00000479840334022268
0.00004917684244967514
0.00003409614886906949
0.00005049032272751020
0.00000065114135630632
0.00009340659480062076
0.00000103193868522303
0.00000000000000000000
0.00000000000000000000
0.00000000000000000000
0.00000000000000000000
0.00210424166204428042
0.00001359371608535988
0.00008713929263779858
0.00011880130207350722
0.00061703135853817466
0.00009911901189400928
0.10000000000000000000
0.00003402425683350349
0.00003840670500637888
0.00002561682205659780
0.00000453121714774954
0.00000519460461140372
0.00001279056672905983
0.00000206864039691105
0.00048248854410062552
0.00001829428456891582
0.00000000000000000000
0.00000000000000000000
0.00000000000000000000
0.00001847374698229260
0.00018473746982292600
0.00069545480795668600
0.00332796768780082188
0.00004145621250708686
0.00325284175562068406
0.00015269513915664278
0.00011768427088095758
0.00006115646709645330
0.00082718813964954304
0.00000080037734963778
0.00002383224460094729
0.00000436818136730178
0.00020400982534955538
0.00003347153098855774
0.00046863168522708512
0.00000319751640684590
0.00002770445672444077
0.00000085506728642737
0.00002214165854639457
0.00000000000000000000
0.00000000000000000000
0.00000000000000000000
0.00000000000000000000
0.00006542791295205414
0.00012687943518663988
0.00000815571314552494
0.00013609764560914030
0.00000449532462398248
0.00014952590391042910
0.00004905835611981251
0.10000000000000000000
0.00009885575579429802
0.00028821367127891624
0.00000001199469796337
0.00004271469495387009
0.00000044291871731889
0.00013171128569278642
0.00006992830354325945
0.00036341430475263824
0.00000000000000000000
0.00000000000000000000
0.00000000000000000000
0.00010491292954551682
0.00001049129295455168
0.00039849459265733496
0.00000596517250080890
0.00065994553237987752
0.00000375680420986248
0.00028387091573817418
0.00001568603287005743
0.01619504001855710088
0.00014890073267725510
0.00000287142938892707
0.00000759652919383558
0.00249412856999781802
0.00014350054016864744
0.00075493904083816800
0.00011334312708477388
0.00031250417104464560
0.00000610986817686508
0.00024058319158495756
0.00004702264747045584
0.00000000000000000000
0.00000000000000000000
0.00000000000000000000
0.00000000000000000000
0.00005991239620367961
0.00000073094131659574
0.00013721778270284744
0.00002776975060703901
0.00014418330644834836
0.00001441479065938105
0.00004517363035967731
0.00008064093627912039
0.10000000000000000000
0.00014364402477046824
0.00000304192953503368
0.00000049880226937164
0.00000016049230315517
0.00000275011921018395
0.00011188018236818752
0.00000976602432942843
0.00000000000000000000
0.00000000000000000000
0.00000000000000000000
0.00001885005563621999
0.00018850055636220004
0.00000466870813464254
0.00037873831301180072
0.00001952271831972033
0.00061689437964622352
0.00000928160728218955
0.00581739099594238808
0.00015370612973090588
0.00071415846497172480
0.00000006627395355676
0.00000895835458342395
0.00006323394617451264
0.00032853486544626712
0.00001178758021852301
0.00015814865506975640
0.00000732721800258832
0.00000996250329268798
0.00000646111237081568
0.00011378215205201528
0.00000000000000000000
0.00000000000000000000
0.00000000000000000000
0.00000000000000000000
0.00001995408830640773
0.00000092816471136813
0.00000012261771381641
0.00025481296517931700
0.00002071591143181600
0.00027811119577297418
0.00006479934375134170
0.00050563320936678472
0.00030892636699102244
0.10000000000000000000
0.00000012791670130442
0.00002290966747609509
0.00000024048198587873
0.00002071777143017700
0.00004022338985910494
0.00014476926023011084
0.00000000000000000000
0.00000000000000000000
0.00000000000000000000
0.00008579264464337731
0.00000857926446433773
0.00009565182604019244
0.00000446280494807861
0.00063997397516969146
0.00000182033613367901
0.00098681418538573306
0.00005635879418363181
0.01288928876962269606
0.00011176306494812394
0.00001915946450957644
0.00000115711677758451
0.00005844732564165254
0.00000900671372614830
0.00016580670445501462
0.00002735973182600038
0.00001862136463889103
0.00000154998931699002
0.00001075367573650249
0.00000178120589833761
0.00000000000000000000
0.00000000000000000000
0.00000000000000000000
0.00000000000000000000
0.00013118483516998472
0.00000048710135176711
0.00001137902387888723
0.00000101907684284105
0.00003221501592198715
0.00001141909780678196
0.00000973103993384835
0.00000001786526047811
0.00000555412417352095
0.00000010859911219198
0.10000000000000000000
0.00010812014819119188
0.00003566084466770611
0.00000003689063736188
0.00053663929141576912
0.00037617943713405226
0.00000000000000000000
0.00000000000000000000
0.00000000000000000000
0.00000157028124196323
0.00001570281241963237
0.00000091015947806310
0.00001204735724876882
0.00000397899714562011
0.00005872834383289890
0.00000174884780699816
0.00000098487986244084
0.00000028643139799685
0.00000101333989014407
0.00001139213182669753
0.00041452540670295352
0.00005916705570013121
0.00015029744748194444
0.00001065691814922937
0.00002242536204524597
0.00003870713444714952
0.00008802543946388924
0.00000078134281265739
0.00002502453014777434
0.00000000000000000000
0.00000000000000000000
0.00000000000000000000
0.00000000000000000000
0.00000652767702164306
0.00000732632623762109
0.00000635706374606633
0.00000928749388867312
0.00000098321109074899
0.00006431011389343162
0.00000757595781401068
0.00004320539865201122
0.00000061849405212215
0.00001320865146016020
0.00007342556611377924
0.10000000000000000000
0.00000108028621404499
0.00005101311543334916
0.00000501365926314464
0.00028919675204855296
0.00000000000000000000
0.00000000000000000000
0.00000000000000000000
0.00003030831772716384
0.00000303083177271638
0.00003120459010590869
0.00000259609843025534
0.00020670137709124784
0.00000903200401375114
0.00014967908439998204
0.00000041272946962633
0.00007715498254884905
0.00000054511356759324
0.01450178036786245662
0.00040202985481571640
0.00040642714970938018
0.00006722251066201040
0.00039057817288987504
0.00000095461158112349
0.00036248308854784128
0.00000185285713369487
0.00002805654410315323
0.00000378973798841284
0.00000000000000000000
0.00000000000000000000
0.00000000000000000000
0.00000000000000000000
0.00057370438596633904
0.00000001866787979449
0.00000052900215155441
0.00000006449481168645
0.00000121947079863688
0.00000020938400844462
0.00002088642771899778
0.00000050161910580344
0.00000022281819147636
0.00000015524283786889
0.00002711575028378189
0.00000120956207836577
0.10000000000000000000
0.00015680972507593870
0.00164032528838410122
0.00000510565619411995
0.00000000000000000000
0.00000000000000000000
0.00000000000000000000
0.00000071290761696169
0.00000712907616961689
0.00000022112722223325
0.00000005502499396605
0.00000051547951112922
0.00000242762809307235
0.00000019738632683215
0.00000051639948267474
0.00000012865831303288
0.00000134386834421036
0.00000056444930449663
0.00000771874452715893
0.00001021691351413753
0.00008830102657906340
0.00000429367270055051
0.00060567039565628400
0.00018526590644906280
0.00169424849000394368
0.00037073483171019898
0.00726759334714061540
0.00000000000000000000
0.00000000000000000000
0.00000000000000000000
0.00000000000000000000
0.00000088157069796306
0.00000122615679838735
0.00000057484567734136
0.00000223637266172598
0.00000162517913427231
0.00001792456742263989
0.00000350150959408858
0.00015462117343421800
0.00000395770933058033
0.00001386334402232576
0.00000002907649798145
0.00005920619013057168
0.00016254324772625350
0.10000000000000000000
0.00010297133655412158
0.00037501854488102944
0.00000000000000000000
0.00000000000000000000
0.00000000000000000000
0.00002009378900795256
0.00000200937890079525
0.00001642012240811589
0.00000023180851369777
0.00000048681996841767
0.00000084669374424310
0.00001419179571192843
0.00000117375739500272
0.00005470870812568318
0.00000330392839661061
0.00000384122544971786
0.00000674829727564791
0.00004421210683974299
0.00004060691541395769
0.00204326272879741380
0.00110400605167400240
0.00530729745560924186
0.00025276509265367764
0.00130403460582775226
0.00070064836952720880
0.00000000000000000000
0.00000000000000000000
0.00000000000000000000
0.00000000000000000000
0.00001323128888760087
0.00000049891525545213
0.00002019298296946519
0.00000405687762759109
0.00000854444711958111
0.00003159912693592118
0.00077953620354560992
0.00007835702387163565
0.00015368253122545820
0.00002569109385573429
0.00040372660652057698
0.00000555416845788749
0.00162294904322415168
0.00009828682681992592
0.10000000000000000000
0.00094586888362310784
0.00000000000000000000
0.00000000000000000000
0.00000000000000000000
0.00000186292112055177
0.00001862921120551772
0.00001218548693859316
0.00002480692973178236
0.00000355732072951425
0.00007093092213428615
0.00002030847920290687
0.00000437597186683263
0.00000877294476485030
0.00008997459611156472
0.00000775984742439042
0.00006467317679536251
0.00030919451146203820
0.00293361391615081566
0.00011902883236798048
0.00210598556593828244
0.00028035587801626032
0.00324485471548246400
0.00003146872972688745
0.00015104865589028812
0.00000000000000000000
0.00000000000000000000
0.00000000000000000000
0.00000000000000000000
0.00007394586112583858
0.00001501245513137428
0.00000436168771490169
0.00001448662762499547
0.00000857221854843246
0.00019294491104080320
0.00003428316048305416
0.00047232735211637360
0.00001555984545445295
0.00010724978258385836
0.00032825858575336076
0.00037159835394587200
0.00000585925782397997
0.00041519091941684672
0.00109710217630030624
0.10000000000000000000
0.00000000000000000000
0.00000000000000000000
0.00000000000000000000
0.00009273366728982184
0.00000927336672898218
0.00033046531279453496
0.00000678348775723035
0.00000305791101754239
0.00000081090321004690
0.00000079036071157629
0.00000020526298892106
0.00008016902386046112
0.00000228498857089708
0.00013446482591210062
0.00022148627841369704
0.00115244563201323882
0.00014099313776161878
0.00375624761645821282
0.00028373370378649560
0.00030479866163506352
0.00000445742773233280
0.00051240701196426240
0.00001015478463235763
0.00000000000000000000
0.00000000000000000000
0.00000000000000000000
0.00000000000000000000
0.00048619647506767192
0.00000000000000000000
0.00000000000000000000
0.00000000000000000000
0.00000000000000000000
0.00000000000000000000
0.00000000000000000000
0.00000000000000000000
0.00000000000000000000
0.00000000000000000000
0.00000000000000000000
0.00000000000000000000
0.00000000000000000000
0.00000000000000000000
0.00000000000000000000
0.00000000000000000000
0.10000000000000000000
0.00001946517987329593
0.00140722445386511360
0.00000000000000000000
0.00000000000000000000
0.00000000000000000000
0.00000000000000000000
0.00000000000000000000
0.00000000000000000000
0.00000000000000000000
0.00000000000000000000
0.00000000000000000000
0.00000000000000000000
0.00000000000000000000
0.00000000000000000000
0.00000000000000000000
0.00000000000000000000
0.00000000000000000000
0.00000000000000000000
0.00000000000000000000
0.00000000000000000000
0.00000000000000000000
0.00000000000000000000
0.00006517407392017750
0.00004640681452289762
0.00001724302470070168
0.00092269404104651424
0.00000000000000000000
0.00000000000000000000
0.00000000000000000000
0.00000000000000000001
0.00000000000000000000
0.00000000000000000000
0.00000000000000000000
0.00000000000000000000
0.00000000000000000000
0.00000000000000000000
0.00000000000000000000
0.00000000000000000000
0.00000000000000000000
0.00000000000000000000
0.00000000000000000000
0.00000000000000000000
0.00001590360074403512
0.10000000000000000000
0.00003796354049875354
0.00000000000000000000
0.00000000000000000000
0.00000000000000000000
0.00000000000000000000
0.00000000000000000000
0.00000000000000000000
0.00000000000000000000
0.00000000000000000000
0.00000000000000000000
0.00000000000000000000
0.00000000000000000000
0.00000000000000000000
0.00000000000000000000
0.00000000000000000000
0.00000000000000000000
0.00000000000000000000
0.00000000000000000000
0.00000000000000000000
0.00000000000000000000
0.00000000000000000000
0.00000303070592377998
0.00007637368958906606
0.00023186668363995056
0.00000074193924386649
0.00000000000000000000
0.00000000000000000000
0.00000000000000000000
0.00000000000000000000
0.00000000000000000000
0.00000000000000000000
0.00000000000000000000
0.00000000000000000000
0.00000000000000000000
0.00000000000000000000
0.00000000000000000000
0.00000000000000000000
0.00000000000000000000
0.00000000000000000000
0.00000000000000000000
0.00000000000000000000
0.00116426932496757360
0.00003844321911217412
0.10000000000000000000
0.00000000000000000000
0.00000000000000000000
0.00000000000000000000
0.00000000000000000000
0.00000000000000000000
0.00000000000000000000
0.00000000000000000000
0.00000000000000000000
0.00000000000000000000
0.00000000000000000000
0.00000000000000000000
0.00000000000000000000
0.00000000000000000000
0.00000000000000000000
0.00000000000000000000
0.00000000000000000000
0.00000000000000000000
0.00000000000000000000
0.00000000000000000000
0.00000000000000000000
0.00003931860530084944
0.00015884355386998724
0.00004723302228955848
0.00036899629611710792
0.00000000000000000000
0.04116528886904687266
0.01781135282953848862
0.00655338528728940584
0.00010330719560646802
0.01464303985209118088
0.00055465185207102346
0.00218459103499800566
0.00048117180197018506
0.00101828694474839306
0.00002195323566391140
0.00062393917842994026
0.00001310763536962133
0.00035641583826270418
0.00003461869235186347
0.00148572177964150368
0.00000000000000000000
0.00000000000000000010
0.00000000000000000000
2.00000000000000000000
0.20000000000000000000
0.05141682112574032002
0.00011311994279203322
0.00402288580642852800
0.00003891115841293115
0.00279382079185221380
0.00016529188328410680
0.00306078082758781608
0.00005742080869719618
0.00014005529460811078
0.00008650660957414001
0.00197396354033667242
0.00022575651195007544
0.00006228867186198978
0.00011546042276959576
0.00034029394346865098
0.00008817729814461015
0.00017912901597472244
0.00002023168372074520
0.00000000000000000003
0.00000000000000000000
0.00000000000000000006
0.00000000000000000000
0.00434155212575844480
0.00411652888690468726
0.17811352829538488620
0.00065533852872894058
0.00103307195606468106
0.00146430398520911808
0.00554651852071023460
0.00021845910349980056
0.00481171801970185060
0.00010182869447483936
0.00021953235663911404
0.00006239391784299400
0.00013107635369621336
0.00003564158382627041
0.00034618692351863476
0.00014857217796415036
0.00000000000000000004
0.00000000000000000001
0.00000000000000000000
0.20000000000000000000
2.00000000000000000000
0.00514168211257403200
0.00113119942792033200
0.00040228858064285280
0.00038911158412931152
0.00027938207918522138
0.00165291883284106806
0.00030607808275878160
0.00057420808697196186
0.00001400552946081107
0.00086506609574140016
0.00019739635403366724
0.00225756511950075604
0.00000622886718619897
0.00115460422769595760
0.00003402939434686509
0.00088177298144610154
0.00001791290159747224
0.00020231683720745204
0.00000000000000000000
0.00000000000000000001
0.00000000000000000000
0.00000000000000000000
0.00043415521257584448
0.02067187472122164480
0.00246502194459560448
0.01304183209748061224
0.00693630532326761206
0.03118350694047343266
0.01027737823639043624
0.00408424245404059520
0.00005865866932584112
0.00055880635362949698
0.00000626305957217202
0.00031618907305741820
0.00000200115743586007
0.00014335719583624438
0.00011145691835336976
0.00260599684371103444
0.00000000000000000000
0.00000000000000000000
0.00000000000000000000
0.02530772883574223260
0.00253077288357422326
2.00000000000000000000
0.01465417543295478402
0.03671836454629000866
0.00422870864561089060
0.02299283439709272420
0.00006842879812383995
0.00228142239108037568
0.00033744213318095724
0.00002808517554924503
0.00005327350715073225
0.00102960406891969024
0.00012126319274971512
0.00038083150168293504
0.00002277953356947281
0.00004794493757547491
0.00000321718948221966
0.00005284508403468316
0.00001388233612515893
0.00000000000000000002
0.00000000000000000000
0.00000000000000000004
0.00000000000000000000
0.01165863297410293062
0.00000583115496500832
0.01799568751537794460
0.00047697580394149160
0.05019170182764664022
0.00054468183265360498
0.06621076162692871282
0.00008230915559652930
0.00640635172607059042
0.00003510039732063838
0.00011160840253182688
0.00003541486464776587
0.00000067040169965835
0.00000272463634689789
0.00030547327121995096
0.00007201734503986108
0.00000000000000000000
0.00000000000000000001
0.00000000000000000000
0.00007495889627381200
0.00074958896273812000
0.01972865339507651624
2.00000000000000000000
0.00128606440039068906
0.00760065560447674408
0.00045926490528742640
0.00585134090700761206
0.00038392838593228552
0.00366274715664749524
0.00019412778117773264
0.00016544361027644520
0.00010113421423449598
0.00023626285097299120
0.00000076855799393589
0.00002579730655731377
0.00001479207704732927
0.00000013109551624489
0.00000944725323961284
0.00010296716158726498
0.00000000000000000000
0.00000000000000000015
0.00000000000000000001
0.00000000000000000000
0.00061598918146711552
0.00070500123233157658
0.00031996401670832098
0.00537181436501461440
0.00066014868162152944
0.00030442693826751020
0.00111755893649111840
0.01233856244965492480
0.00044744860442995498
0.00682021037937340642
0.00004994707519420099
0.00382066652145277860
0.00000850977039146579
0.00000775316235644635
0.00005935462336049580
0.00004398860972190991
0.00000000000000000000
0.00000000000000000001
0.00000000000000000000
0.00361204408642654988
0.00036120440864265504
0.06698085963029064080
0.00174258530689278282
2.00000000000000000000
0.00156953320370911626
0.08584805954276814484
0.00000837504473795769
0.00679380444286052648
0.00056117625364924538
0.00374555008009392184
0.00011763960054301290
0.00076298677633448266
0.00032240406036354538
0.00036174511549983146
0.00004924165135949879
0.00127905880363642368
0.00000296812307764111
0.00012453620821793764
0.00005092660561459640
0.00000000000000000002
0.00000000000000000000
0.00000000000000000001
0.00000000000000000000
0.02441373084636420046
0.00006808546052121658
0.00233973173762195520
0.00412315006716354980
0.00390469253436032724
0.00528312609585282240
0.07228428116195305662
0.00005789954471130410
0.01165504083992453602
0.00001599142494613177
0.00060769309883423058
0.00013761950811298716
0.00003303609492091704
0.00001111570370953556
0.00097558980376354144
0.00000961578022109156
0.00000000000000000001
0.00000000000000000000
0.00000000000000000001
0.00002879980944355949
0.00028799809443559496
0.00635880149662824262
0.00848950761313323204
0.00129381035928103360
2.00000000000000000000
0.00228482227827207008
0.00303347428553031006
0.00035325703361572696
0.00006822199348381978
0.00040913756245943386
0.00004099225589029757
0.00007577134496921885
0.00066000406802169584
0.00011451091646514422
0.00035462432291091860
0.00001792722431605332
0.00053878630002975706
0.00000945547765816421
0.00000732240952955447
0.00000000000000000000
0.00000000000000000002
0.00000000000000000000
0.00000000000000000000
0.00702580957734371524
0.00235449764554237366
0.00035401183463994380
0.03547965410985717660
0.00086917218775842112
0.00236432849950985248
0.00455493329526036984
0.00587291025698982242
0.00023539761261361896
0.01163715548358971046
0.00002429206566401664
0.00306149021822201920
0.00000360578223697090
0.00025010584477820780
0.00037495998945193656
0.00001258104545365054
0.00000000000000000000
0.00000000000000000001
0.00000000000000000000
0.00277581090765096580
0.00027758109076509658
0.04641259962505792008
0.00068860565772552320
0.09499625365668532204
0.00306710259673792202
2.00000000000000000000
0.00096527054354297424
0.00784091451212174406
0.00221691034120078560
0.00447592855523719460
0.00033618994856923400
0.01239552164475032802
0.00000734545402423093
0.00076339308611298240
0.00023514418566744338
0.00038091547255266266
0.00004204453415002786
0.00028029982980633352
0.00001700895046254427
0.00000000000000000003
0.00000000000000000000
0.00000000000000000001
0.00000000000000000000
0.05014667563845542408
0.00002639512936165824
0.00061815256229092858
0.00012834913223176592
0.00151893884813984768
0.00015156288742413464
0.00450930678868865526
0.00041685032037592440
0.18951416337622076840
0.00085370475211374624
0.00001757236600639492
0.00001084355760122588
0.00001211721409261326
0.00002657047905326259
0.00010378070106006918
0.00000419697700289292
0.00000000000000000001
0.00000000000000000000
0.00000000000000000000
0.00021094897231496548
0.00210948972314965482
0.00017742583115106640
0.01126930884084675624
0.00001190413063508802
0.00523059085186824184
0.00123989128227028304
2.00000000000000000000
0.00097933543767381248
0.08003263651900625620
0.00000077028728218755
0.00018362495932010424
0.00005361561423562036
0.00014108997890271748
0.00006480994827540592
0.00056909819858567800
0.00002535200058249181
0.00017751437184801504
0.00001211926204870738
0.00031828032775240760
0.00000000000000000000
0.00000000000000000001
0.00000000000000000000
0.00000000000000000000
0.00084327677516446922
0.00034594676392012976
0.00002703586255016043
0.00860639870543948160
0.00056863462053896440
0.00555168276504895124
0.00153608666108604106
0.28211813935713096480
0.00328236272467654602
0.12798436748172152022
0.00000335003675508856
0.00132877746824475082
0.00000197895902414995
0.00081181948196613306
0.00013638588947111602
0.00107451999930860240
0.00000000000000000000
0.00000000000000000000
0.00000000000000000000
0.00256059023461215808
0.00025605902346121580
0.00387762317509064588
0.00048470117135660986
0.00633002691657173602
0.00039928520321932040
0.00660211733513671040
0.00064196808275461498
2.00000000000000000000
0.00306520597541131402
0.00017949201437883784
0.00002252876393447687
0.00297551346376683200
0.00002306682116570528
0.00008357431952343374
0.00001180279286336085
0.00106720448495370640
0.00004115943688753607
0.00105093351248577024
0.00013590412021856196
0.00000000000000000000
0.00000000000000000000
0.00000000000000000002
0.00000000000000000000
0.00021098646363683952
0.00013069810747899460
0.00174922747137689024
0.00063500969774199344
0.01815936197557029668
0.00163010079097691028
0.02636411154094058024
0.00329140506276536768
0.01935198352846261228
0.00140819172738837840
0.00001503902221886303
0.00001191271583109341
0.00002622957090318883
0.00006221128170874395
0.00177492278229538304
0.00003886220624896192
0.00000000000000000002
0.00000000000000000000
0.00000000000000000000
0.00006095546798875782
0.00060955467988757858
0.00072777096195795008
0.00586767834700469208
0.00066347920126488224
0.00009784808194400612
0.00236864601302443040
0.06657092681336766424
0.00388951254175261282
2.00000000000000000000
0.00000571375847422284
0.00041735563150924224
0.00060883957414887560
0.00355631374837521526
0.00023143329094510344
0.00352400227788269962
0.00007245394374559394
0.00031776089457511872
0.00006600533256451219
0.00111219733687303104
0.00000000000000000000
0.00000000000000000000
0.00000000000000000000
0.00000000000000000000
0.00316764087431825206
0.00045099688267257818
0.00001550336639022180
0.00113630886466630000
0.00014417337565776956
0.00266105978919948202
0.00001280887812230277
0.00003187058983484112
0.00000090173979995754
0.00012121442737894992
0.00008489398608890986
0.15913018803466262448
0.00000553180504670082
0.00003631748634540077
0.00007686350812738982
0.00114831113486294640
0.00000000000000000000
0.00000000000000000000
0.00000000000000000000
0.00007465353179404592
0.00000746535317940459
0.00003041445370506760
0.00015615450269619702
0.00222357149460671840
0.00029464883390641996
0.00240127909501654006
0.00000032171971010560
0.00011436367593042050
0.00000286899202075412
2.00000000000000000000
0.00254244827129308960
0.00227348615735867604
0.00027621337125360404
0.00253980926577349568
0.00000691172942332211
0.00210183286499262762
0.00000836173032231924
0.00045410763332850112
0.00004229268630913574
0.00000000000000000000
0.00000000000000000000
0.00000000000000000000
0.00000000000000000000
0.00524242846114490660
0.00002292198935870108
0.00064912791802626480
0.00001494096542683706
0.00029875996792429320
0.00044374262770173432
0.00087501259340573680
0.00019343730089205164
0.00027964023614604240
0.00001679504572409608
0.00708689715667772260
0.01012098101201131462
0.00017354881129795160
0.00014637713500982860
0.00146968501740235702
0.00433941074888250660
0.00000000000000000000
0.00000000000000000000
0.00000000000000000000
0.00010578721182875512
0.00105787211828755120
0.00013235709249829576
0.00030531621646036256
0.00016022197589673780
0.00006772831091223629
0.00041378740893370872
0.00017595017624315650
0.00003293164244532724
0.00048078044194477786
0.00583290869027920188
2.00000000000000000000
0.00195005778724618442
0.00157969314420994102
0.00009916679197996382
0.00001223168183517221
0.00022498683956693152
0.00012219573428502242
0.00006924083244547960
0.00032600541683841580
0.00000000000000000000
0.00000000000000000000
0.00000000000000000000
0.00000000000000000000
0.00037829569354917848
0.00006676346834553290
0.00000177517458344425
0.00064015395329640240
0.00001247096152184697
0.01033903514926124800
0.00011419869503241972
0.04522254221872499200
0.00140550637643361440
0.00060405956716974346
0.00072027121313668698
0.00728547948694376960
0.00016357081465767316
0.00068285952368398880
0.00500314364182415842
0.01607738841188955080
0.00000000000000000000
0.00000000000000000000
0.00000000000000000000
0.00171883476746141504
0.00017188347674614160
0.00182145020606827126
0.00013289514062036950
0.00073994029159987360
0.00008914244568674185
0.01086346771383623680
0.00003658140676389587
0.00309705608426485524
0.00049940686858247280
0.00371395373902952262
0.00138854066944069040
2.00000000000000000000
0.00553327139543220322
0.00099722791156524320
0.00160693564286908406
0.02727611830541945606
0.00010339004555617912
0.01220302164062521284
0.00352560328016096768
0.00000000000000000000
0.00000000000000000000
0.00000000000000000000
0.00000000000000000000
0.00155972604262372480
0.00006334999691961522
0.00098136158090620906
0.00003126115917150373
0.00127816032855025962
0.00010449429897487236
0.00605423620857183606
0.00295350336133602442
0.00828918434959030186
0.00010566454325908676
0.00207689959890000886
0.00136784836239230848
0.00160472142179650282
0.00071193108954983658
0.05388426343662255264
0.00223275377044567808
0.00000000000000000000
0.00000000000000000000
0.00000000000000000000
0.00022314290731224712
0.00223142907312247040
0.00024351395234691424
0.00035241487784259040
0.00035491795125655596
0.00088140185295525018
0.00000730752168249983
0.00010927305455232928
0.00002725352590724601
0.00331130743476727562
0.00051219657741612418
0.00127682581425912288
0.00628101412248314004
2.00000000000000000000
0.00712850570317876008
0.01243147161261826404
0.00443103946455345122
0.00860215319393198248
0.00119818772940495024
0.02512691270395158086
0.00000000000000000000
0.00000000000000000000
0.00000000000000000000
0.00000000000000000000
0.00127431001155922784
0.00012682912299059180
0.00000053207991739743
0.00018830380933519076
0.00001929539333180734
0.00105332453064927584
0.00097698875913733146
0.01528275077976581020
0.00029252346332227540
0.00191324558929022762
0.00014484424356597872
0.00781694233097781120
0.00007674826133422530
0.03523448137228325824
0.00215038825486055562
0.05850631995198149828
0.00000000000000000000
0.00000000000000000000
0.00000000000000000000
0.00006055605628573885
0.00000605560562857388
0.00075220017227503520
0.00000112756386837633
0.00039168401807849344
0.00015041112156742716
0.00074697385726268080
0.00004937013354296844
0.00009712108147741564
0.00021194880822300124
0.00463232252185356642
0.00007883714668093910
0.00111339158820644560
0.00701139143530715520
2.00000000000000000000
0.00035996180890073944
0.06994652801318901886
0.00035796450058842096
0.00389160962522085786
0.00052904419466524680
0.00000000000000000000
0.00000000000000000000
0.00000000000000000000
0.00000000000000000000
0.00982588368256121868
0.00003051199106032275
0.00165419747975579008
0.00003976280671630972
0.00087916700719641424
0.00104815571156238442
0.01963200050565360008
0.00329309117196702208
0.00563274987347180984
0.00045310555628084426
0.00043744956733716192
0.00002742044859852216
0.01553799132218053862
0.02732335611701537602
0.05460583022597812044
0.00634276196994247040
0.00000000000000000000
0.00000000000000000000
0.00000000000000000000
0.00016110186748701780
0.00161101867487017782
0.00006457498423614540
0.00005431975338779659
0.00007652171639898061
0.00066852937843073264
0.00033022529972362596
0.00062219820841884760
0.00001968540545413236
0.00463191143265319124
0.00001809269793125217
0.00001395628172461371
0.00257496252179356042
0.01754878984879580486
0.00051662491141854978
2.00000000000000000000
0.00733795133967051462
0.03715046151342528000
0.00350490781303333760
0.03854810721087886486
0.00000000000000000000
0.00000000000000000000
0.00000000000000000000
0.00000000000000000000
0.00056628748553741218
0.00005031377447637028
0.00000308001730652746
0.00017084766141569662
0.00001214223881927673
0.00107490521524629226
0.00009276565939916150
0.00628790438692176404
0.00018073223668349912
0.00021357017462239452
0.00052290295462731920
0.00721069544868886568
0.00329151304365649802
0.09096567871174056086
0.00503425067523671848
0.00471869697473020580
0.00000000000000000000
0.00000000000000000000
0.00000000000000000000
0.00032882376504715040
0.00003288237650471504
0.00009412473917717392
0.00002157019801685991
0.00137652515374438480
0.00002340488851605652
0.00037046421100940512
0.00001919531874914007
0.00123267550849467008
0.00006595195023706704
0.00381027507147064960
0.00017777971825118044
0.03026889317839027642
0.00433183389709855040
0.06952269948508701862
0.00508178602041970980
2.00000000000000000000
0.00047078799453826240
0.04158709587614694400
0.00427657064566316984
0.00000000000000000000
0.00000000000000000000
0.00000000000000000000
0.00000000000000000000
0.00374117313092117602
0.00002242758254476394
0.00026188371072760272
0.00000964682351388465
0.00022687793239124996
0.00001398703783203933
0.00081098447237153904
0.00012404246772122970
0.00024794390371235276
0.00001793685302767202
0.00119984935713995706
0.00003718945241574906
0.03037145712379904442
0.00437129059433432184
0.05879073284929445824
0.00006962765843271381
0.00000000000000000000
0.00000000000000000000
0.00000000000000000000
0.00008597144213461915
0.00085971442134619152
0.00000637273874847698
0.00000019288624396553
0.00000322302736291939
0.00070973874578808458
0.00004125870917628109
0.00013561416630040264
0.00004796881570661840
0.00029184651300262256
0.00001529476308202247
0.00009742481511387868
0.00011576603217992500
0.00848519439230012800
0.00035899538948555900
0.02595937346086746022
0.00047502211157416472
2.00000000000000000000
0.01888421162679536424
0.05706106069952110482
0.00000000000000000000
0.00000000000000000000
0.00000000000000000000
0.00000000000000000000
0.00020603672420973058
0.00009115007531043048
0.00000134968684459428
0.00032670958328052660
0.00000929063627675562
0.00263469904457536202
0.00003286746403975835
0.00641367344136280184
0.00021115202719577904
0.00016340956947320544
0.00001398502178096055
0.00073946058402365904
0.00872679786732536588
0.02961315655273003220
0.00074867931461504554
0.01051031053821821608
0.00000000000000000000
0.00000000000000000000
0.00000000000000000000
0.00022933290321700818
0.00002293329032170081
0.00013745390163967288
0.00001825248413009056
0.00017757455287784444
0.00001635567407587512
0.00036118684977315376
0.00001215768029885129
0.00160830279779988788
0.00007960421924104211
0.00109070776210954762
0.00007249012183989252
0.01794208077026379620
0.00155196704743716448
0.00512485030751864986
0.00321595228838884406
0.05509980277741738604
0.02479715536388516040
2.00000000000000000000
0.01466958549410876260
0.00000000000000000000
0.00000000000000000000
0.00000000000000000000
0.00000000000000000000
0.00298006822249920320
0.00000091881304332590
0.00032488961959443018
0.00000220955873966075
0.00002915761916666469
0.00002536594856693512
0.00074168550941576352
0.00109242688238446266
0.00324045387885129526
0.00002358730992769929
0.00039032934022162106
0.00008704298563529315
0.14908223128116820220
0.01386562471684829606
0.00313167890275735404
0.00018151601176791304
0.00000000000000000000
0.00000000000000000000
0.00000000000000000000
0.00002257231986302629
0.00022572319863026296
0.00003146724883226171
0.00017336399384426452
0.00006328103322510480
0.00001103780530511642
0.00001909986739607488
0.00027824545513240956
0.00018124621239835380
0.00116891425333962384
0.00008852350736284178
0.00029743022891237444
0.00451733821338272640
0.02836223811955051208
0.00060713826984815480
0.03082334700319264004
0.00493776982389396186
0.06529600108687649888
0.01278384753456348004
2.00000000000000000000
0.00000000000000000000
0.00000000000000000000
0.00000000000000000000
0.00000000000000000000
0.00020091321117878780
0.00000000000000000017
0.00000000000000000001
0.00000000000000000010
0.00000000000000000000
0.00000000000000000000
0.00000000000000000000
0.00000000000000000000
0.00000000000000000000
0.00000000000000000000
0.00000000000000000000
0.00000000000000000000
0.00000000000000000000
0.00000000000000000000
0.00000000000000000000
0.00000000000000000000
0.00120569092732245482
0.00006862271220301978
0.00087916248212474058
0.00000000000000000003
0.00000000000000000000
0.00000000000000000005
0.00000000000000000000
0.00000000000000000002
0.00000000000000000000
0.00000000000000000003
0.00000000000000000000
0.00000000000000000000
0.00000000000000000000
0.00000000000000000000
0.00000000000000000000
0.00000000000000000000
0.00000000000000000000
0.00000000000000000000
0.00000000000000000000
0.00000000000000000000
0.00000000000000000000
0.00000000000000000000
0.00000000000000000000
2.00000000000000000000
0.00010821597452875288
0.00314611428384231606
0.00010507859418244024
0.00000000000000000001
0.00000000000000000002
0.00000000000000000002
0.00000000000000000001
0.00000000000000000004
0.00000000000000000000
0.00000000000000000000
0.00000000000000000000
0.00000000000000000000
0.00000000000000000000
0.00000000000000000000
0.00000000000000000000
0.00000000000000000000
0.00000000000000000000
0.00000000000000000000
0.00000000000000000000
0.00079160920812501408
0.00159454142962677844
0.00327497954838993004
0.00000000000000000000
0.00000000000000000001
0.00000000000000000001
0.00000000000000000020
0.00000000000000000000
0.00000000000000000002
0.00000000000000000000
0.00000000000000000000
0.00000000000000000000
0.00000000000000000000
0.00000000000000000000
0.00000000000000000000
0.00000000000000000000
0.00000000000000000000
0.00000000000000000000
0.00000000000000000000
0.00000000000000000000
0.00000000000000000000
0.00000000000000000000
0.00000000000000000000
0.00009978363705612424
2.00000000000000000000
0.00037389825057270576
0.00439423179739332186
0.00000000000000000000
0.00000000000000000002
0.00000000000000000000
0.00000000000000000010
0.00000000000000000000
0.00000000000000000000
0.00000000000000000000
0.00000000000000000000
0.00000000000000000000
0.00000000000000000002
0.00000000000000000000
0.00000000000000000000
0.00000000000000000000
0.00000000000000000000
0.00000000000000000000
0.00000000000000000000
0.00028477141251142040
0.00468688444836936986
0.00094284128878058426
0.00000000000000000005
0.00000000000000000000
0.00000000000000000007
0.00000000000000000001
0.00000000000000000001
0.00000000000000000000
0.00000000000000000001
0.00000000000000000000
0.00000000000000000002
0.00000000000000000000
0.00000000000000000000
0.00000000000000000000
0.00000000000000000000
0.00000000000000000000
0.00000000000000000000
0.00000000000000000000
0.00000000000000000000
0.00000000000000000000
0.00000000000000000000
0.00000000000000000000
0.00280864150584320320
0.00036199893537808760
2.00000000000000000000
0.00061133264380527992
0.00000000000000000001
0.00000000000000000000
0.00000000000000000000
0.00000000000000000000
0.00000000000000000000
0.00000000000000000000
0.00000000000000000000
0.00000000000000000000
0.00000000000000000000
0.00000000000000000000
0.00000000000000000000
0.00000000000000000000
0.00000000000000000000
0.00000000000000000000
0.00000000000000000000
0.00000000000000000000
0.01583083464202579626
0.00001558035671807149
0.00765205392241312426
0.00000000000000000000
0.00000000000000000000
0.00000000000000000000
0.00000000000000000000
0.00000000000000000000
0.00000000000000000000
0.00000000000000000000
0.00000000000000000000
0.00000000000000000000
0.00000000000000000000
0.00000000000000000000
0.00000000000000000000
0.00000000000000000000
0.00000000000000000000
0.00000000000000000000
0.00000000000000000000
0.00000000000000000000
0.00000000000000000000
0.00000000000000000000
0.00000000000000000000
0.00009745390060907006
0.00441977315939128246
0.00063509799899105080
2.00000000000000000000
0.00000000000000000000
0.01166481281497860266
0.00004229736140929180
0.03863300860631403220
0.00010066278670258030
0.05234193883436959264
0.00221783732884203520
0.00140850686419320704
0.00057506980837290480
0.00175794344629457984
0.00010303408062083660
0.01333428523138222406
0.00001829992831754522
0.00026497106680426656
0.00155142651301122708
0.00879453752216417064
0.00000000000000000000
0.00000000000000000000
0.00000000000000000000
0.00490169365160469440
0.00049016936516046920
0.02674242743344317808
0.00104951880312157264
0.03069869825963662086
0.01071721803412206406
0.05698387257532032000
0.00074601128791692202
0.00028473960993759378
0.00336894342941208000
0.01110408636294778240
0.00034925984997745240
0.00202234137013901120
0.00145557115212754122
0.01141101433452403042
0.00045821645195471392
0.00437119291616088262
0.00023858786849267378
0.00262800945274013120
0.00020331315120410080
0.00000000000000000002
0.00000000000000000000
0.00000000000000000001
0.00000000000000000000
2.00000000000000000000
