30
24
10.0
8.0
0.00010000000000000000
10.00000000000000000406
10.00000000000000000406
10.00000000000000000406
10.00000000000000000406
10.00000000000000000406
10.00000000000000000406
10.00000000000000000406
10.00000000000000000406
10.00000000000000000406
10.00000000000000000406
10.00000000000000000406
10.00000000000000000406
10.00000000000000000406
10.00000000000000000406
10.00000000000000000406
10.00000000000000000406
10.00000000000000000406
10.00000000000000000406
10.00000000000000000406
10.00000000000000000406
10.00000000000000000406
10.00000000000000000406
10.00000000000000000406
10.00000000000000000406
0.50000000000000000000
0.50000000000000000000
0.50000000000000000000
0.50000000000000000000
0.50000000000000000000
0.50000000000000000000
0.50000000000000000000
0.50000000000000000000
0.50000000000000000000
0.50000000000000000000
0.50000000000000000000
0.50000000000000000000
0.50000000000000000000
0.50000000000000000000
0.50000000000000000000
0.50000000000000000000
0.50000000000000000000
0.50000000000000000000
0.50000000000000000000
0.50000000000000000000
0.50000000000000000000
0.50000000000000000000
0.50000000000000000000
0.50000000000000000000
0.50000000000000000000
0.50000000000000000000
0.50000000000000000000
0.50000000000000000000
0.50000000000000000000
0.50000000000000000000
0.50000000000000000000
0.50000000000000000000
0.50000000000000000000
0.50000000000000000000
0.50000000000000000000
0.50000000000000000000
0.50000000000000000000
0.50000000000000000000
0.50000000000000000000
0.50000000000000000000
0.50000000000000000000
0.50000000000000000000
0.50000000000000000000
0.50000000000000000000
0.50000000000000000000
0.50000000000000000000
0.50000000000000000000
0.50000000000000000000
0.50000000000000000000
0.50000000000000000000
0.50000000000000000000
0.50000000000000000000
0.50000000000000000000
0.50000000000000000000
0.50000000000000000000
0.50000000000000000000
0.50000000000000000000
0.50000000000000000000
0.50000000000000000000
0.50000000000000000000
0.10000000000000000000
0.00036309630527671578
0.00001302435591769646
0.00007603622862056464
0.00816213895288007208
0.00002648409665867575
0.00002157443467737928
0.00032767399554973196
0.00109781093945013440
0.00000960379673736867
0.00000003526466410819
0.00000393455387607315
0.00000419589436439441
0.00000069552822741269
0.00000013557605748967
0.00000033483063482391
0.00101828471485689626
0.00017845258543993716
0.00000197482710735010
0.00002669429935419878
0.00001200713642718678
0.00000408995257782951
0.00000026259895109882
0.00001343848710603882
0.00005329463521940212
0.00001581345253131845
0.00000591312076666646
0.00007235909704923088
0.00372015705837333288
0.00000486969709317430
0.00000411931147342606
0.00054171889672961098
0.00749673802828127460
0.00015038279698749312
0.00000006740321467228
0.00000731802534725627
0.00005342113506366834
0.00000427885816008728
0.00000021430002499686
0.00000015298077696429
0.00003134209385416425
0.00000174395524658286
0.00000059986112218086
0.00003078092761423628
0.00119072151467229440
0.00001358508120503325
0.00000101563808617593
0.00004731704004665570
0.00008554058904747268
0.00000628033209397980
0.00000004381828239219
0.00000800774139772869
0.00049340648812830480
0.00024568312807867304
0.00036248001125197408
0.10000000000000000000
0.00024924873318504524
0.00000647107633210869
0.00034299540849456780
0.00457038261916466240
0.00004212951515042328
0.00000157128877540451
0.00001293590805658542
0.00016621963577931776
0.00000239294045710730
0.00000001252373235399
0.00000020977994163265
0.00000408309302954326
0.00000026339959012624
0.00000015961641216110
0.00000170861338581198
0.00011231551729587210
0.00000549215196158193
0.00000001017169749036
0.00000001259534273014
0.00000065077924507216
0.00000025580596788581
0.00000002347574638404
0.00000010042143353843
0.00000323915238534806
0.00002204998420634076
0.00000085799431493751
0.00028067447673816098
0.00000860993505664733
0.00017638851593279312
0.00005172327889502109
0.00020691714350553452
0.00246224567535754180
0.00000170473761265541
0.00000005982285009260
0.00000020415353653954
0.00000112993369925361
0.00000022503003758215
0.00000002672138327985
0.00000066800432639226
0.00006659635792406961
0.00000039045335725314
0.00000003432240005480
0.00000429898672001936
0.00008454952851178102
0.00000363294799609195
0.00000006162474797470
0.00000982063202085642
0.00000473558551632283
0.00000035632453991378
0.00000000787783005398
0.00000158567966863001
0.00055481421585789912
0.00000577094981106336
0.00011062716126704722
0.10000000000000000000
0.00000042777600780168
0.00000895725353572966
0.00011427657450624648
0.00035908989842123840
0.00000003907275766917
0.00000172593745109032
0.00002218717522029914
0.00012637591458145022
0.00000000054195402175
0.00000000048878968177
0.00000008007412394667
0.00000529639114556384
0.00000000698416884124
0.00000078746890169664
0.00001082418233734539
0.00017427148763559462
0.00000002382902114105
0.00000013749650102512
0.00000242142509786620
0.00004092704728244894
0.00000001343126616794
0.00000013047887214662
0.00000714728107649155
0.00009389031922238720
0.00000015052583029386
0.00005490496943087112
0.00000072798842726986
0.00719020992852951208
0.00000012060787114807
0.00000676739233206942
0.00004894206093662843
0.00002584040848599283
0.00000000585355756354
0.00000006752504440121
0.00000004535157468098
0.00001278021608609405
0.00000000044258348516
0.00000006253110433613
0.00000095777835473072
0.00012043311361757052
0.00000001225133383522
0.00000091010990287120
0.00000186776523824519
0.00171384117502822442
0.00000005829567849146
0.00000032068305868887
0.00000603643884569463
0.00001928123044899233
0.00000001324493986500
0.00001308935088712087
0.00000266900651224792
0.00007408899828792222
0.00000631607742302978
0.00000094071601290162
0.10000000000000000000
0.00048641060542761306
0.00000115872197820764
0.00000003847495440109
0.00025169293574306912
0.00001855295281741867
0.00000010896732341033
0.00000000128743430642
0.00002228580226841362
0.00000040709970926850
0.00000012501383424008
0.00000000141148865493
0.00002734870950780621
0.00000042114817284025
0.00000038128463192837
0.00000000490911971352
0.00008420205211690930
0.00000017566262576452
0.00000003622164239478
0.00000000093942318644
0.00000764076861644733
0.00000091696497809430
0.00000030378222741525
0.00000002832070933279
0.00036195890236618600
0.00035344645542018658
0.00000000388733122163
0.00000063221352740218
0.00520495948046766326
0.00023234160289601860
0.00006844763004383828
0.00000000481127087718
0.00006054777955390328
0.00000002447986642430
0.00000000209843251540
0.00000000060845257257
0.00000912092169929606
0.00000134561810703018
0.00000001573021260755
0.00000000342695441682
0.00010465523146516044
0.00000360645975067444
0.00000010037918746009
0.00000001128817691815
0.00012276838166947336
0.00000615126028828363
0.00000008857380727365
0.00000000309463880743
0.00001388589588119082
0.00043521124397237866
0.00000534295024572132
0.00455642729405273868
0.00019179908643410472
0.00001128507075224675
0.00027867007922740418
0.10000000000000000000
0.00080064904214775328
0.00001526090623765075
0.00038187113569695858
0.00658255950202979200
0.00000545801162399403
0.00000019757832191670
0.00000001502666715804
0.00002299147024062378
0.00001003831253410711
0.00000044242438130011
0.00007134467964114094
0.00068464318459254840
0.00006777229822876830
0.00000804147621356854
0.00016595120922252810
0.00003921981935139675
0.00000725085043858489
0.00000005467424437735
0.00000958976876892009
0.00029688291921772578
0.00014443531728426396
0.00001221223816868911
0.00030001558151754660
0.00750467198026648646
0.00001397337264548239
0.00000559368071775161
0.00004546257432129394
0.00509161359038639460
0.00004475373136032347
0.00000054910802034515
0.00000488612693662870
0.00017677744473379202
0.00000887424464185153
0.00000009708822989686
0.00000236995273316980
0.00013083456706817502
0.00002558454527390531
0.00000097550183632457
0.00007065871229897998
0.00715857053727261528
0.00004666755587133341
0.00002336085495988145
0.00028049664522025544
0.00010698631327373220
0.00000873571981119945
0.00000064593602484665
0.00001610208785964490
0.00051480425689315018
0.00093324858713009360
0.00000986177784181895
0.00170474873620791124
0.00009603647759337172
0.00000044280869491988
0.00053406212355664586
0.10000000000000000000
0.00052198791502046112
0.00002623545502972367
0.00012948065823102264
0.00094561673155973520
0.00000995154972170890
0.00000004877467852380
0.00000253957398842708
0.00008861057837548142
0.00000789385441656052
0.00000374746032101301
0.00005248592718872402
0.00353555191393631386
0.00001746782248760142
0.00000442878470897443
0.00001783155254739821
0.00062164130639200106
0.00000210736700769817
0.00000206365692056958
0.00004784586347456356
0.00058280523325768746
0.00006553532779965211
0.00000326720976573063
0.00005744126794994774
0.00064600509502586680
0.00023150613866644484
0.00000104974246989094
0.00013202169788416370
0.00090163688617507504
0.00000994835279649784
0.00000067165722595767
0.00001381402154112402
0.00014033644840908676
0.00000302459159469771
0.00000032565310536241
0.00000493553446671578
0.00084731156860535866
0.00000609648141698079
0.00000366618374670685
0.00031718326923565244
0.00115644675231409088
0.00041068403064873424
0.00003756858440394449
0.00001430732684054195
0.00088321178568975104
0.00004433760141543087
0.00000372959584098803
0.00001829174897932102
0.02208703456998053668
0.00001743218241516647
0.00003409860133898254
0.00065482384227018560
0.00000003190489325288
0.00002208880394876209
0.00113266827127321482
0.10000000000000000000
0.00000396210766346173
0.00001542403485936684
0.00000916731816601461
0.00002145014243905491
0.00000000213070576721
0.00000010819719227444
0.00000145806558130617
0.00001918145076074602
0.00000000030944489575
0.00000334805289202099
0.00017455209353696020
0.00014098406830958288
0.00000006075917025895
0.00000071920648889179
0.00002486154956804134
0.00021906785918396032
0.00000010393676646577
0.00000133394020363826
0.00025573723722814460
0.00040329302596641752
0.00000075244775981641
0.00000345839368511112
0.00001165242426384886
0.00032708558255237340
0.00000016804069471970
0.00000126723447598971
0.00029716244890069032
0.00006611516609408110
0.00000003896786725192
0.00000021457772196515
0.00001443208130023952
0.00003481436274068656
0.00000004957080317101
0.00000088315607925370
0.00000253525276677557
0.00008467167175044285
0.00000039037497096257
0.00000353078113414523
0.00004292144201735362
0.00150079155563306442
0.00000017388602089941
0.00000201807265502977
0.00003127686796192261
0.00037979264778665226
0.00000014334921334924
0.00000208671072301289
0.00108011462792345626
0.00012638895254732742
0.00000060710095074384
0.00000003401340889648
0.00009963341333317236
0.00026385389516518676
0.00002717600965961756
0.00000189138993277372
0.10000000000000000000
0.00033509701972792480
0.00000018703822306331
0.00000002254484280252
0.00001362561063921335
0.00000347746941859683
0.00000056597162703648
0.00000000245428596812
0.00046279396009762058
0.00005970308660081460
0.00000833320071676519
0.00000043058677043036
0.00000955649454245187
0.00002505242188984212
0.00000289903415400367
0.00000005415320597246
0.00191724682008362586
0.00004767103884656394
0.00000533082606077506
0.00000034540408355079
0.00177015616934658166
0.00000538426790009875
0.00000113103781376993
0.00000010161903419487
0.00001272922292453868
0.00011937542541771624
0.00000471405833003763
0.00000000108837549977
0.00008393920702727148
0.00001011012810714212
0.00000038639487839492
0.00000000104968490164
0.00023324756294700564
0.00000453673320919656
0.00000162340650342731
0.00000005353461313876
0.00016032065550107124
0.00006154743900739264
0.00000216259782768754
0.00000034714056626346
0.00524819689189558804
0.00000156604070882252
0.00000390812211056853
0.00000008373716830205
0.00207369248761167040
0.00002920138582157288
0.00007362033198571790
0.00034885373151382858
0.00000411766021125496
0.00000123779815100207
0.00000605056183402144
0.00374705572155435766
0.00011049704566995944
0.00000606598705909103
0.00027607001966229978
0.10000000000000000000
0.00001121532494167194
0.00000027211805686141
0.00000145519655869512
0.00000726993854181237
0.00000532599409789660
0.00000083911763977224
0.00002455769561918817
0.00087476123604714384
0.00002364967028458076
0.00000038834655804676
0.00002318537679188148
0.00003061352068485004
0.00000210090294482686
0.00000039080640808858
0.00000388080065326834
0.00004342700149952944
0.00001116774536536745
0.00000998911752709689
0.00029543146735942676
0.00002016600198268901
0.00000037995758874282
0.00000034755349805227
0.00003562571553733332
0.00023956970350514640
0.00000626202835801876
0.00000023458774570919
0.00001458446661979563
0.00000378525421815925
0.00000545560907957987
0.00000023304362851747
0.00000001212272615674
0.00020600323850127196
0.00000013170247920763
0.00000139794096570564
0.00006543810456731996
0.00279522137337673120
0.00001852201922975797
0.00002408025496337372
0.00002015983347775201
0.00393234038230823040
0.00000510285651618123
0.00000033292203158888
0.00000150940481228915
0.00002014222805174642
0.00000313988304595459
0.00000460185671447932
0.00007978297487578488
0.00002399391433512764
0.00000005358623700896
0.00000468494102137204
0.00121684490980385280
0.00000543650885355640
0.00000023235571696699
0.00001691165750425764
0.10000000000000000000
0.00065563616072873984
0.00000166737331445564
0.00001314649884934183
0.00055284687888849360
0.00000116718350556014
0.00000050029643873424
0.00008255957668093372
0.00002223288299760650
0.00009327039303935424
0.00000060814794856923
0.00001545134356412158
0.00013906875899674580
0.00000301248252996971
0.00000028123907594898
0.00000069481600224556
0.00319091630926035244
0.00001174960004755889
0.00000026970629224822
0.00000259285019174057
0.01518914103175409066
0.00000557026484998979
0.00000000626558468142
0.00001742180057275566
0.00022589455049700472
0.00038359898361820128
0.00000598637035733512
0.00067843609731863680
0.00046917860922239120
0.00000852914481151443
0.00000259250574844430
0.00008049097255288019
0.00040302956899128656
0.00011777266003741304
0.00000082866767704877
0.00008938585219634810
0.00146124231559166304
0.00004973208608831970
0.00000182163973745623
0.00001885376310885398
0.00004460194228311980
0.00000585071337608811
0.00000011592072382921
0.00000069436434904359
0.00048938607013284312
0.00000001938316046031
0.00000131751175522827
0.00015676824964891988
0.00000000072623430857
0.00000019453765262843
0.00001468944901003116
0.00001459159216383793
0.00000003212661087692
0.00000047068069044816
0.00075206885778314384
0.10000000000000000000
0.00000006062524967145
0.00000035468839557430
0.00003154036846924279
0.00022955723822316460
0.00000003250117681212
0.00000122330740759106
0.00000667839353609346
0.00091507585678156608
0.00000022113238313583
0.00000009346331846305
0.00000649141910206155
0.00016231464132499476
0.00000002135917256831
0.00000027014172842272
0.00001701532514506229
0.00008243740902567930
0.00000003872449085508
0.00000001537532136110
0.00003708845182245891
0.00008031211000662524
0.00000000191451868042
0.00000026820350401682
0.00000594838367684638
0.00285815447319543764
0.00000007053505271283
0.00000753347125439473
0.00001887317397389135
0.00040100321271232472
0.00000001996711843344
0.00000016287186488844
0.00000137001203242636
0.00467640394737119780
0.00000001394138815893
0.00000365118050315942
0.00000173338738947382
0.00073017626101745482
0.00000023870838567459
0.00000050039037719833
0.00001078124455132078
0.00014916750648349900
0.00000000148640221954
0.00000003411733497713
0.00000422803795810948
0.00000327870073420296
0.00000001045388759838
0.00000000101924287278
0.00001905905657253778
0.00000002243099236411
0.00000010915173577585
0.00000000219744202304
0.00002943710643606519
0.00000381603300077223
0.00000289967280527642
0.00000009191258532992
0.10000000000000000000
0.00006384544655233811
0.00000508618552124700
0.00000059307765633628
0.00527880934320508642
0.00001009428664722088
0.00000215614029000100
0.00000020092218255416
0.00151307299998203488
0.00002539859447738487
0.00000073585677074557
0.00000005238987266042
0.00136822787340971904
0.00000095460740727740
0.00000050130518318009
0.00000005695405095028
0.00001833442567118837
0.00000084586987121434
0.00000024977065762890
0.00000000429808000085
0.00000595603747096442
0.00000261634241174984
0.00000010906874491223
0.00000006986617015634
0.00008247453314638232
0.00001237490048511050
0.00003473525623693472
0.00000010253036273297
0.00879673760029343046
0.00076785823989674784
0.00000475293385322599
0.00000000166213407243
0.00764479744709977542
0.00001717645305040966
0.00000363488555271887
0.00000019311446372940
0.00112679406736057280
0.00000036677118258188
0.00000171934138229119
0.00000001920170513921
0.00034826804533815938
0.00000074825632762095
0.00000020251297731729
0.00000369315192367729
0.00000018495852563221
0.00000000097096508951
0.00000036773948589271
0.00003625090981583734
0.00000600293232194739
0.00000011786267163888
0.00000793539974424149
0.00002013666515168086
0.00002414863586301078
0.00000056798225536695
0.00006743669455820478
0.10000000000000000000
0.00118195394677368906
0.00003744194108719524
0.00114784741135060800
0.00099898981546785146
0.00000941058215502062
0.00000304485085696724
0.00003721349123223444
0.00008624920933204761
0.00000146984260701842
0.00000034866389314833
0.00001135787221017976
0.00019836305073315204
0.00000188865560903534
0.00000015925244491422
0.00000067495800420665
0.00001534185951012256
0.00001748405956136080
0.00000003137197021770
0.00000042079901863170
0.00001003620982704656
0.00000002903740109907
0.00000062652317811865
0.00004600251235669330
0.00064776472889740952
0.00012962348782461930
0.00000918862152995532
0.00056486799607308986
0.00601791718414740806
0.00027781218392572744
0.00000161778293853617
0.00000516420343153152
0.00022549473612932744
0.00006349013325688518
0.00000133874531348558
0.00000122220504909703
0.00007871734339928525
0.00000198946085340852
0.00000035746047326625
0.00000478861808974795
0.00002228819382514300
0.00000489615513312362
0.00000034038404691992
0.00000200161929754296
0.00000008844139651421
0.00000006278839149853
0.00000880024350696619
0.00011645816906715752
0.00000088311885701251
0.00000071809509357284
0.00000820236893303549
0.00056463678340426818
0.00002808253834193552
0.00000298703528678183
0.00065717701424858952
0.10000000000000000000
0.00064084149076871200
0.00000761976218425220
0.00003667289024821750
0.00046824886075316586
0.00005138134186784656
0.00000355849610413595
0.00000115638843054531
0.00003218681581346245
0.00000221261160405712
0.00000102134032819201
0.00000974535152993201
0.00010620358605616140
0.00000940047746794480
0.00000064805957817404
0.00000010964217842795
0.00266507055069650442
0.00000233021010351042
0.00000000147742038809
0.00000165567106748715
0.00002457242724088577
0.00001052730520480840
0.00000114908516083259
0.00000377107417298514
0.00002602036835134208
0.00002971181581686676
0.00000365053168359163
0.00018277834574861920
0.00018475203896273924
0.00001160183275140225
0.00000142823810921124
0.00006969592300001055
0.00272802007743379126
0.00010775684359347118
0.00000273463021238640
0.00000653981949269828
0.00002518775490004831
0.00000941645415087076
0.00000048088784781626
0.00000140269322920126
0.00024525314149365484
0.00000007769487122629
0.00000015120362824244
0.00000685012284408174
0.00000000083014429418
0.00000045417993318278
0.00001214866097331564
0.00001360437092844397
0.00000000364642577085
0.00000151326986187662
0.00000139591302543082
0.00023934011884895484
0.00000040786330291281
0.00002437783193838015
0.00075042196141323552
0.10000000000000000000
0.00000053412159940720
0.00001341380671566677
0.00000994842648884369
0.00012409212673226378
0.00000025277497532720
0.00000018950425462816
0.00000646056579043245
0.00009030330617538812
0.00000005001295122672
0.00000011277176530368
0.00000560385067234670
0.00057062210417313112
0.00000000333525487956
0.00000001498977579396
0.00003059517413849140
0.00002387006877784915
0.00000000203003081919
0.00000002572672116839
0.00000023335502753661
0.00015061828490459596
0.00000014958791960486
0.00000009471490281250
0.00018414928891460280
0.00702150162046164806
0.00000065429194431682
0.00006114738995562172
0.00025113016435874580
0.00193302117525304448
0.00000040133806744807
0.00000072268600413524
0.00000944271858495526
0.00035289988064951900
0.00000003041934541483
0.00000264905042672135
0.00000605672822244088
0.00000890929467849906
0.00000001402219894579
0.00000004233844529728
0.00000461748410185286
0.00000014112403766306
0.00000006738932694197
0.00000000664353910058
0.00001182985687525379
0.00005386627434113379
0.00000424172784066660
0.00000000016141607894
0.00050570395683207226
0.00003257223809613724
0.00000044006120761154
0.00000002492241101912
0.00266996459511071968
0.00054965140039542858
0.00000656240133619452
0.00000039283176420632
0.10000000000000000000
0.00022107156321817312
0.00000044034806651039
0.00000022445536869451
0.00025943836892137258
0.00000894690140811817
0.00000011655567524317
0.00000003698980588313
0.00037538292594590360
0.00004118214056393788
0.00000069756698634858
0.00000004584032160730
0.00001843892331033922
0.00000040126450009699
0.00000042466420042891
0.00000000310501000220
0.00000758134616322693
0.00000128329810725112
0.00000042072716737433
0.00000002337548442772
0.00008647005266227465
0.00003814380947973952
0.00000657122290483288
0.00000016309611630765
0.00827839507755688644
0.00063577728532680426
0.00000414719769254829
0.00000037655856557616
0.00087042912864330752
0.00007251984752664376
0.00000063149237796643
0.00000000407085171505
0.00614719469592721920
0.00000345888377288503
0.00000161353587179323
0.00000020212085323928
0.00012943568681704798
0.00000330093042765889
0.00000405539538872888
0.00047609483933550120
0.00000080021340200736
0.00000083093417162402
0.00000020208124778152
0.00057341371685517344
0.00006590176894956780
0.00000193733275913377
0.00007236922065666962
0.00128705753085245504
0.00008055668277633499
0.00000104057889983842
0.00000566361340455053
0.00053065551525179680
0.00003503603492904239
0.00001094376963710486
0.00024523436264292072
0.10000000000000000000
0.00007685937243358869
0.00000328675524105627
0.00016899218476824350
0.00036314448286963866
0.00002693615269126392
0.00000019347877931953
0.00004972191164968464
0.00064024522684130186
0.00042758698331296328
0.00000458188852250665
0.00004292308977785876
0.00035750300865852024
0.00006060836739386698
0.00000053788952547414
0.00000873168822367785
0.00048188269946531392
0.00001259479079083657
0.00000285498771516178
0.00002019642062390227
0.00012872399484786338
0.00002432327585697006
0.00000033294649243909
0.00012243828872886152
0.00106944162343337280
0.00023718667958213356
0.00000567420549140587
0.00035191751450828872
0.00113702091758670704
0.00003039062256878264
0.00000204835010375401
0.00038712728967412658
0.00287999459051527008
0.00001288431163395242
0.00000065579929090400
0.00001584401347052322
0.00003157541362373223
0.00007741498436596850
0.00011821629175446872
0.00007453015363418394
0.00001618298179496257
0.00000025922126966900
0.00008042410567694111
0.00628986979951545522
0.00014310908745883238
0.00001431196259224933
0.00004930191168274541
0.00003073690520679310
0.00000804899495764599
0.00000171405684678385
0.00000708269190690601
0.00063383582143333258
0.00001150004480201730
0.00000069210944232070
0.00010889979760531690
0.10000000000000000000
0.00021621681009483876
0.00004839759590961598
0.00002971504836200579
0.00058742370787962498
0.00000073479087048334
0.00000091133884064805
0.00008067772178793235
0.00941402279487807684
0.00014073944164413830
0.00000747681787450730
0.00002378845031724329
0.00082527568331636224
0.00000968738141787935
0.00000019285137900513
0.00001050883249590158
0.00014248096488839360
0.00000380946379693780
0.00000009914304915328
0.00006121961565803545
0.00046429885558346578
0.00000558726232360556
0.00000277319076700044
0.00000209051172924015
0.00512371359974890660
0.00004189544040172606
0.00000984377321464100
0.00011852074066238344
0.01238357003944729600
0.00021150055603504000
0.00001691531767208133
0.00003100000103469977
0.00064900114802927152
0.00005964696751706451
0.00000289889332466184
0.00005331743206192924
0.01715661390719182080
0.00000158766446348042
0.00000442292888428137
0.00031620223919224656
0.00000000405042049554
0.00001158097076058958
0.00003771363238595912
0.00014027728301527330
0.00000089747671287204
0.00000098250164430864
0.00015648882103947270
0.00133844922924203024
0.00000019384350320186
0.00000278114121771182
0.00008440742450604768
0.00017408627048180856
0.00000042813805786945
0.00000565161747327143
0.00026240047224851324
0.10000000000000000000
0.00000073017109460635
0.00000063015075655305
0.00003060418050041012
0.00000139022633216338
0.00000005355948218869
0.00000221226868801889
0.00047814629006054384
0.00533884687683961600
0.00000011206491126675
0.00000042760727752219
0.00000087058941236898
0.00196205398930685642
0.00000008159443593557
0.00000025887156642087
0.00003300302459087939
0.00018232432395413944
0.00000009787143360385
0.00000153627077056995
0.00006078206824285318
0.00010280078491947294
0.00000003989764200920
0.00000430528945211280
0.00021327361053426938
0.00684977646945033128
0.00000012860722834895
0.00002181583730884229
0.00008140290734932638
0.01094369087239691846
0.00000004713179361382
0.00001694014612206938
0.00008788935663796570
0.00031957218940413260
0.00000010101701888681
0.00000023484674662898
0.00004414068144715241
0.00001062796235682199
0.00000000405660464694
0.00000002141147775678
0.00003440495561441851
0.00011835631680242550
0.00000473528365557139
0.00000002993856486983
0.00000986422476346333
0.00002904890863192826
0.00000050530150851475
0.00000016017656945060
0.00072291141301184858
0.00001683291263617785
0.00000289496647338489
0.00000017561281607450
0.00024506984674557460
0.00014390432694221748
0.00002908712401361044
0.00000036159837769984
0.10000000000000000000
0.00001908649789193972
0.00000256054421392868
0.00000004416940959254
0.00038540698142187386
0.00003255609449930474
0.00000781082984306018
0.00000013974116529782
0.00046951520006409952
0.00000849908026643091
0.00000359574524650156
0.00000002439605055832
0.00002896026029230507
0.00000888477524185125
0.00000004225842372358
0.00000029598471971601
0.00022948574859291840
0.00027265494111255640
0.00000257829273234856
0.00000000010315234161
0.00146215590250227766
0.00008957521405286548
0.00001482182238621257
0.00000018022148659615
0.00330872994681623444
0.00024402597029036140
0.00001302565929714200
0.00000165174295640686
0.00230124609099692960
0.00019805089635756744
0.00000095163566686274
0.00000010887347326543
0.00060367504657785618
0.00002333220344307766
0.00000294350488922497
0.00001057428591595270
0.00000001111115895056
0.00000027328274335034
0.00000015876611540866
0.00006187236717790958
0.00004217263245649315
0.00000078388591968728
0.00005719975686288664
0.00008484164165411831
0.00002839799776505310
0.00000014975038969692
0.00002684200830793293
0.00008629668216540306
0.00000208094645047793
0.00000029122001382044
0.00001869426730311912
0.00068401685772847952
0.00003950331642868424
0.00000069028179794630
0.00004221884728119045
0.10000000000000000000
0.00014716729310302762
0.00000116041070547770
0.00011491182737743584
0.02562032911685039264
0.00002621892081950527
0.00000094814734472288
0.00000095590633183836
0.00004635752605418399
0.00006121036310385819
0.00000002412499564424
0.00000113403746848251
0.00010692982833645584
0.00000530387039640250
0.00000065193305691395
0.00002507542907940287
0.00007995945319892736
0.00000104874446118664
0.00000017743989580330
0.00000008642080310534
0.00021584225497655276
0.00000806074554369401
0.00000031626575674799
0.00001811212931424328
0.00020952028863065880
0.00001739446709227243
0.00000341967147844120
0.00008674708265109890
0.00059288708941412266
0.00030123492959462760
0.00003724160967081180
0.00006680073362154328
0.00001601872902429096
0.00003948927021639153
0.00000362476813602492
0.00000057774130735768
0.00000484330653807375
0.00000003294556367533
0.00001151146097069161
0.00147955724456824246
0.00002726954021817818
0.00000666113373530404
0.00000585938628459349
0.00025721802883022904
0.00001046686851858078
0.00000078261644209338
0.00000147999471239301
0.00005828885663715972
0.00000999132674348111
0.00000024508660534309
0.00005105911406995728
0.00078588489500299456
0.00003373751335603896
0.00000569984121364856
0.00014810225017638112
0.10000000000000000000
0.00098836434226968362
0.00003740424725840399
0.00063694392928755752
0.00074792692137025018
0.00000114382375613418
0.00000038085826687447
0.00000118599422093972
0.00025403473784812380
0.00000013425721790306
0.00000004083821354378
0.00000562224221854237
0.00010726020273888748
0.00000141097191807114
0.00000021824730126507
0.00000182232018652260
0.00005842124190035598
0.00000118636535881510
0.00000008706581914238
0.00000921809025953170
0.00037372934760740752
0.00001236900598059304
0.00000058382255992944
0.00002605069292070468
0.00013902044997279836
0.00000127418461019683
0.00000050205243534708
0.00000128438172596200
0.01393687341960644488
0.00017331402264865220
0.00005549506527245575
0.00000077332647982327
0.00232535619126205920
0.00000025927360191196
0.00000025299605740295
0.00009119786799929990
0.00000000095190461840
0.00000009670026024490
0.00000558773035031991
0.00026768968763406756
0.00000013861886833256
0.00000121425855414516
0.00000620725688143039
0.00029156686755250740
0.00000006207352026474
0.00000039111066767823
0.00000446391650195634
0.00015558209470071850
0.00000008665059696250
0.00000040857745938327
0.00000109515244740816
0.00000170734457913709
0.00000010953563418674
0.00000130096447314166
0.00110108392875286800
0.10000000000000000000
0.00000034848678910279
0.00000737766900992867
0.00000102087838076553
0.00041803999326831058
0.00000001160877888311
0.00000012410912065327
0.00001284867536464221
0.00004033397115889244
0.00000000546832908659
0.00000037608278736652
0.00000822357560916921
0.00002504346992398579
0.00000001691059063361
0.00000010493530963497
0.00000869602060795233
0.00000803986601259752
0.00000004682338619180
0.00000172414062672283
0.00001101480900446023
0.00055288507685261258
0.00000003126353532482
0.00000022618890141646
0.00000496678449220346
0.00126890866785945600
0.00000018430770416237
0.00000068380047562756
0.00059621169930457786
0.00020532013217310696
0.00000517714335996110
0.00000000713748023349
0.00001983081359233789
0.00001015317206706929
0.00000001776677258734
0.00000002290220413314
0.00000592454851819774
0.00001297893454015869
0.00000418715285069052
0.00000009718701235568
0.00375545234764112640
0.00000922692272454246
0.00000044344207443896
0.00000002935965530702
0.00124051928309762282
0.00000974935125892152
0.00000157676659558704
0.00000006593628880610
0.00067289929806910106
0.00008034797498804705
0.00000103938575312170
0.00000005033361150512
0.00073137390956925568
0.00009858355941415940
0.00003188675519471014
0.00000026666890170194
0.10000000000000000000
0.00024121439377987844
0.00000053242352736363
0.00000002366148026240
0.00008750114328267358
0.00000370338178070479
0.00000090957200184419
0.00000000189080650126
0.00006614648705385375
0.00001337532229529978
0.00000057685796079615
0.00000000631903099215
0.00033726318943385432
0.00002709146579261379
0.00000058747769112465
0.00000000004779725535
0.00040330298850927360
0.00000819041759734239
0.00000150378098923441
0.00000001066254484847
0.00064220099516919184
0.00003358666927664512
0.00000034140632856563
0.00000023292191207768
0.00120894993467986602
0.00006914924892575440
0.00000329295443324993
0.00000161340993011010
0.01582255259676019626
0.00000074985563848391
0.00000668106534107118
0.00002864244411366124
0.00000005406183269789
0.00000015826166586081
0.00000050576197460994
0.00028581915529036258
0.00006905592173975085
0.00000088725939169879
0.00006642232278118572
0.00007344641554073106
0.00000077930284201157
0.00000026413953881340
0.00000061566589860450
0.00012111968475487960
0.00001070211596466048
0.00000010575906646168
0.00005251213668625816
0.00073595062868174208
0.00006545242151970251
0.00000147888637789534
0.00004394681441399619
0.01563506463420507628
0.00038624762688061592
0.00000401587728687668
0.00017158464976817810
0.10000000000000000000
0.00003562036801812312
0.00000023395613724963
0.00000090365269688862
0.00000492292086068409
0.00000051791686331391
0.00000002086878437307
0.00000013849549063175
0.00004500213948737462
0.00000257660132982692
0.00000006679364367238
0.00000692313280147591
0.00011278021359546780
0.00001425485839681697
0.00000011592003423319
0.00000040690215300448
0.00022064909742498612
0.00003384382168780789
0.00000015446390129646
0.00000375104213314242
0.00183098422987663882
0.00001982589372904655
0.00000155208733988848
0.00004386864934537194
0.00026641408967238392
0.00056966011244591298
0.00006683391561569624
0.00146439887743956906
0.00002073052904331593
0.00007617268986076611
0.00001030760440990237
0.00000211495041723221
0.00001051431208107975
0.00000020321710040705
0.00016864908233352280
0.00102019792434714368
0.00020630638785405338
0.00000900862310701955
0.00002290765995857846
0.00434066555136037440
0.00002017838743257340
0.00000039212718973988
0.00000139865688858674
0.00014145418063845850
0.00000637394404718703
0.00000107880053910661
0.00059611667456014640
0.00926300292620847202
0.00038766999584400266
0.00001278782661434123
0.00001940592066397700
0.00055008303374974624
0.00000067396871300431
0.00000045934280106464
0.00004320190177217569
0.10000000000000000000
0.00007119499712344331
0.00000635839932891074
0.00002460512565953055
0.00147458611800383104
0.00001223658159065666
0.00000031087537642868
0.00001906053547915866
0.00093722756440019066
0.00006408748066164465
0.00000264313674111892
0.00014298194662514402
0.00000405057141232110
0.00000029458638421720
0.00000007903365604039
0.00000901105295369790
0.00100402796946501802
0.00027065574002805264
0.00000315609860948933
0.00019054971325959800
0.00286697034880066602
0.00043158627169941440
0.00000247085028367515
0.00005914521711609086
0.00069014786737247424
0.00002209038120736810
0.00000125571677401361
0.00005303586980856620
0.00864387113587804586
0.00000390540939406228
0.00001458800379026273
0.00013995215548620398
0.00000001919644412757
0.00001444856188542470
0.00011623990413273878
0.00032965388046536500
0.00000059143925696889
0.00002076161445407088
0.00001619506773857060
0.00009905794449057064
0.00000004514068609656
0.00000011949873245964
0.00001268660134735787
0.00065764126789815712
0.00000007183261327446
0.00000647247061005049
0.00014031727878115140
0.00438599001369713206
0.00000023181562064036
0.00000071107276837442
0.00000085240692810805
0.00027964195890027440
0.00000002068427775299
0.00000028751312798531
0.00007213868993334942
0.10000000000000000000
0.00000048091357474226
0.00000187243834596884
0.00001231941840757473
0.00064544769425142080
0.00000001435036247673
0.00000048632210295712
0.00005758689608591656
0.00074685093015414560
0.00000019154891176700
0.00000334535191206489
0.00000723412472206874
0.00000141435282962994
0.00000001666761482434
0.00000076033169895075
0.00000609057544071216
0.00259912854185293600
0.00000045852755845722
0.00000684039592349407
0.00015303078933528560
0.00697634638527991040
0.00000006732848337627
0.00000010977589228128
0.00000122342961372430
0.00012478257254311496
0.00000003619146548180
0.00000280756098031036
0.00009397104126981618
0.00003086993643631395
0.00000036666104660712
0.00000014493143299393
0.00015847789859151516
0.00022927988034075624
0.00000374325630154564
0.00000039728906597002
0.00195788438035390880
0.00039662814551854312
0.00000024012840860588
0.00000003005685065763
0.00000938649871866931
0.00000032714984650371
0.00000056494099820598
0.00000000248291741201
0.00001866389778421955
0.00003916600941597945
0.00000481509556194691
0.00000005946790018880
0.00050310747736908120
0.00000046306966396391
0.00000018333442646526
0.00000000501607269141
0.00004940887399557316
0.00000071732763961287
0.00000416159058833816
0.00000031064174336448
0.10000000000000000000
0.00000383687721799188
0.00000029789194595149
0.00000010892306140800
0.00184662464537185002
0.00008986339645326110
0.00000552696553176297
0.00000001618459439342
0.00034264281896760858
0.00001027640887175568
0.00000012343294541672
0.00000000844911906762
0.00003747719229751236
0.00000089178160315283
0.00000005208673271215
0.00000006644554802943
0.00007730049019144244
0.00031628087886463940
0.00000196169226469715
0.00000033816295912737
0.00193697632399382848
0.00003290295450335975
0.00000046485350228489
0.00000000592298320004
0.00001406834468617985
0.00001409431580104351
0.00001892263462484865
0.00327763544472164244
0.00024770801596326404
0.00010917419153232952
0.00031958754643467624
0.01184433346082160268
0.00013591060300650204
0.00000377104282430410
0.00001229869113168309
0.00005591178519537970
0.00000476745568365912
0.00000002464556248160
0.00000089432762693850
0.00001535694207011724
0.00000019738883805633
0.00000002304544817765
0.00000083879204737357
0.00067368181433526618
0.00003163814670361788
0.00000046861352160515
0.00001880787898526685
0.00004637757317291001
0.00000117901677947292
0.00000011074847547154
0.00000431863490319859
0.00000807041087774671
0.00003325783053431842
0.00000249779666227905
0.00000792382138629676
0.10000000000000000000
0.00000111326889736151
0.00001551115151465108
0.00075029523770140640
0.01779948736685200002
0.00002367467785411700
0.00000010204008196737
0.00000073563887082908
0.00000095327897758997
0.00000258251054919371
0.00000005265967244330
0.00000142316392938610
0.00002325125743788648
0.00000027491414003174
0.00000031958818478380
0.00002645398909752710
0.00025137055409961744
0.00000917890070431878
0.00000119797593412133
0.00003736370024261129
0.00012100774455532896
0.00000360157186777699
0.00000006408071070123
0.00000291776288865408
0.00494570338131674182
0.00001790673999452393
0.00000261467946844599
0.00000463078002699745
0.00000088216524265096
0.00000000214207612158
0.00001343993873646039
0.00093149901801755120
0.00000774319970555418
0.00000157444138097589
0.00000064200116035234
0.01702000137654708806
0.00003623017020857678
0.00000016093542254952
0.00001066562128052703
0.00292395565498160768
0.00002866553736918993
0.00000054098640656248
0.00006960250098861586
0.00066889980583162224
0.00000058143376128296
0.00000484924294504203
0.00003731898821042017
0.00015390320280107638
0.00000698730258949619
0.00000064640130562667
0.00000051742806412481
0.00121466245134252640
0.00001001513704809025
0.00000037491487674602
0.00000067844900915245
0.10000000000000000000
0.00000478450202111048
0.00000003483814350840
0.00000137658272068810
0.00006443500931020652
0.00003011757531667545
0.00000426700096413995
0.00013514251037605156
0.00008946104674396890
0.00001576310258962802
0.00000079518666193301
0.00001459047271352168
0.00004185713505909519
0.00004951340186173319
0.00000046563631496974
0.00006966263782003335
0.00518381451863572008
0.00019510834337397172
0.00000485783943808663
0.00002209238692459783
0.00008980500982140081
0.00000643531272976651
0.00000023279073536927
0.00000125329156745125
0.00035164979755189960
0.00007075120800814228
0.00303471073704225566
0.27871462413241444284
0.00001114396801443835
0.00017210220743907896
0.01067828944531383680
0.00695277686988055602
0.00000452498509584730
0.00001878516755896736
0.00019966178093447392
0.00250960530997423124
0.00000008858851899832
0.00000061217895324001
0.00008178052074146400
0.00071540759701238586
0.00000012653084962544
0.00001975959623062148
0.00025116616796175876
0.04191703326383157884
0.00000105243981972119
0.00000047050567678938
0.00000260186591837330
0.00070164090055011352
0.00000004298381391975
0.00000066692930258022
0.00032243211708602900
0.01678496592569939084
0.00000438517036657326
0.00030238058015165920
0.00015304863533792176
2.00000000000000000000
0.00003477420336692449
0.00010105314843110252
0.00651611251940936006
0.00046269357733634586
0.00000044956224164784
0.00000007647237726023
0.00001167290824104727
0.00022183510242009464
0.00000010655932802349
0.00000481478634964044
0.00013847985215976272
0.00336082265339893002
0.00000071526697139660
0.00001749725108582142
0.00014142904127882348
0.01279454266747562406
0.00000202007217218273
0.00007838016876718092
0.00002820536127718359
0.00050248985961574760
0.00000002032801082223
0.00001925101429084053
0.00161608430334780704
0.00658064063497448802
0.00062938734296623458
0.00000330657821199488
0.06489009162217326482
0.00098929941633026602
0.00003424576774387682
0.00000252636630655124
0.00040089343471630858
0.00136188979861566186
0.00000015884211500717
0.00000004231252653416
0.00008682510745929088
0.00000580759443400555
0.00000003667278059592
0.00000004303159761381
0.00021850667542339800
0.00022686534537354656
0.00000353640870192138
0.00000123289215696110
0.00088361925167805184
0.00001564263780341429
0.00000055975626919825
0.00000006727961820182
0.00106352966115781520
0.00000313042456081375
0.00000579361284484447
0.00000026394123409931
0.05258116697767264006
0.01034491692442961280
0.00000078819320162273
0.00002459473521226645
2.00000000000000000000
0.00078477751283888320
0.00067875575597434520
0.00000005248430734766
0.00001482116872079734
0.00001097388909343383
0.00000005871840977701
0.00000002242884440440
0.00091853632148845680
0.00000420934353175380
0.00000767376998658897
0.00000019857418889526
0.00108049721376846224
0.00008370914366562961
0.00000969576059371900
0.00000006446625018362
0.01699510634849828482
0.00167289613481579626
0.00000137755507531794
0.00000001610651804098
0.00046753005154951480
0.00060868647672903904
0.00006024301729785695
0.09354176664478094482
0.00258623196068661380
0.00019057395469725776
0.00297527462963251402
0.11380679926088044804
0.00442393254312631926
0.00001956941645046738
0.00386172218827752802
0.00940696026876899840
0.00045366590218186898
0.00000608853547918031
0.00003917613006772564
0.00014227557124935196
0.00004221364517536675
0.00000056015513554115
0.00003799137215943942
0.01286027686242840802
0.00019793984006755336
0.00000401779653978786
0.00027845062551928420
0.00151502743996051222
0.00007915545070101106
0.00000475282009939291
0.00022089511989423264
0.00104481599861610960
0.00036486926934383552
0.00000918771306730897
0.00262829110700862180
0.25208172122049004820
0.00003199035342359746
0.00007341314915580244
0.00080609382377550240
2.00000000000000000000
0.00380303192433684648
0.00000103654652843747
0.00006392056510254855
0.00125312908274952426
0.00000002983837280350
0.00000041000347674094
0.00000171843186465274
0.00121380402198994602
0.00000525319948312000
0.00000841081154733549
0.00004189764960811721
0.00685682818326571846
0.00002677325243691890
0.00009814312966636382
0.00100013219575085626
0.00084595571851677888
0.00021309297599789404
0.00000092882305812640
0.00017593663041232120
0.02390541970193751682
0.00128314069001706224
0.00179993074725212362
0.02952070930266632422
0.00132205294999426400
0.00084078101789557946
0.00095954738820493760
0.02898139310119894066
0.00440189044137982584
0.00014628016852247216
0.00023586138756428560
0.00564252197898650660
0.00012953041935695328
0.00000156657673265845
0.00000039485964785380
0.00060096787649855866
0.00000487377470016327
0.00001194764711878839
0.00032242176164498756
0.00257430498461912566
0.00049133956450426032
0.00000127039697255962
0.00007208400982716324
0.00144855267450147988
0.00009969032538488804
0.00000913850514822638
0.00005738234390834906
0.01720963452097183884
0.00104359380159059562
0.00015506072045396364
0.00032161947886833640
0.00143635908166809360
0.00454084821233807040
0.00066877029357536400
0.00364799618821010088
2.00000000000000000000
0.00000383545777783211
0.00000153871680811533
0.00006259227426857170
0.00007497441532317550
0.00000464161871479159
0.00000265732820255920
0.00006991686555143711
0.00151450488201400768
0.00027828724457372580
0.00000503504879921872
0.00071309365758776552
0.00183623070320904640
0.00181810304626934804
0.00000608726574877733
0.00006989980102289199
0.00315822568507448404
0.00002391993170904358
0.00000822212898400365
0.00254743933009458180
0.04480435229972480000
0.00000097765285409633
0.00002476848099877065
0.00084588708780272352
0.00000007161940621000
0.00001426728671564328
0.00038751203065643248
0.00118684175908521104
0.00000004092754377055
0.00001070763517706181
0.01161158158413935842
0.07542319408384398486
0.00000121608720300662
0.00001032448927119900
0.00031200879725064300
0.00381217132178905784
0.00000080443114216434
0.00008856947231739460
0.00008340909815396228
0.00328941773982697920
0.00001078305629492976
0.00001073730925138589
0.00002309194284190611
0.00036790293403660898
0.00000012131183739302
0.00000180265500020326
0.00142608764898227648
0.01640167383015212062
0.00000055025409845890
0.00000167986928432444
0.00081359366608050602
0.00039074039007960408
0.00000006266706326313
0.00000120492393379770
0.00000464797336839654
2.00000000000000000000
0.00001740726292847580
0.00067808731649537552
0.00097540569122366602
0.02781246295560878080
0.00000003256186215685
0.00007361891787227310
0.00162865038108896042
0.03357571372884059286
0.00000085853504580213
0.00003241085437156916
0.00297751953337435402
0.02013432398205456424
0.00000830656771691808
0.00008249605378327964
0.00004122641423144136
0.00079290135391461424
0.00000016484355356648
0.00000305018107031233
0.00007845721646121376
0.00008673803826056170
0.00000071026522709628
0.00000015658297423108
0.00073651356840505184
0.00010374327903519070
0.00002137929239442622
0.00000057162338314202
0.00257936861080753802
0.00054398937627131504
0.00014807752109015724
0.00000152102321270457
0.00117308443006424608
0.00061947617667709680
0.00002783001658380183
0.00000309387567418598
0.00243167540645471124
0.00051199514642273040
0.00000177387686634083
0.00000144291913168568
0.00683187521669525928
0.00033748343087780980
0.00000291878838468711
0.00000020300612831464
0.00529094517708654988
0.00015268338095066044
0.00004806226951264581
0.00000343752256329499
0.00951951284233204008
0.00000989648528330676
0.00009419371339308924
0.00000031023892458958
0.00001446118719007307
0.00006071878308623924
0.00000152376062239098
0.00001422466714542156
2.00000000000000000000
0.00038128014615374912
0.00003450911982343253
0.00000013245005885132
0.00398122259121724642
0.00045040462577131280
0.00002521480982723730
0.00000181213158895809
0.00396158410469301524
0.00160068090644052982
0.00000309961408904196
0.00001124950528132687
0.00312446956610258240
0.00011379713585448324
0.00000104443551538965
0.00000004922710916397
0.00233782252235586980
0.00003556068543208227
0.00000033965392247085
0.00075130033434622864
0.00000287604147944194
0.00000214325727950885
0.00000035332662029078
0.00445355542903988480
0.00052173569328885240
0.00000373484655570079
0.00036862941878148952
0.00016752502989461480
0.01991220182219695260
0.00019275726996132964
0.00020885068518431396
0.01035011415769982248
0.00010837050770375368
0.00000232439235325045
0.00127276647687005280
0.00387200340710865280
0.00129968043636303882
0.00002687438868586894
0.00963124347951367208
0.00127690527882522560
0.00002891766336479617
0.00000149470953504466
0.00050429145192947858
0.00295125545646278602
0.00308496778151791124
0.00007123484158311352
0.00033876555803079792
0.00001521672227823783
0.00353977733322025768
0.00000006261751577530
0.00001270477118752404
0.00141241736026915280
0.00007354676328835830
0.00065747921683099992
0.00045240664576091000
2.00000000000000000000
0.00055657152400346920
0.00000439707978703048
0.00037243033590981272
0.00405716242951992262
0.00108559258984325408
0.00006227197929831805
0.00000434536576032827
0.00689150319579860580
0.00189484634687956726
0.00007694159063616138
0.00133194446124520304
0.06544825052707481826
0.00000733927039541020
0.00002987609027267109
0.00006253583792684325
0.00012509990407474816
0.00027416110955621192
0.00008250456018171258
0.00002182432355093422
0.00000197356480931708
0.00000004152521742553
0.00030652154043283660
0.00726692192017220008
0.00034440281507991040
0.00001931587056990366
0.00033103772447765620
0.01887983238486558088
0.00066207953970177584
0.00080373760553789616
0.00283962596517995242
0.00102520110633807984
0.00619599072204813528
0.00030062178923644792
0.00100310842798034304
0.01351428858683681280
0.00145779310834521280
0.00012486789959930372
0.00002296191682831736
0.00127103903680946880
0.00016982644143526910
0.00001499305296548242
0.00051143022442528872
0.00011982165478486016
0.00021119626701839658
0.00000557877131518370
0.00005651878216519072
0.00321268044486892002
0.00001310448345622370
0.00000009320305740380
0.00000004610966489308
0.00012078291675746548
0.00129667544246609520
0.00005613946370233879
0.00076308088581915104
2.00000000000000000000
0.00412867718035180086
0.00000061669528809701
0.00335213655010526180
0.07005766969715330684
0.00254108717042692768
0.00010820954594446930
0.00229866968821430400
0.01676430177156589648
0.00092542527421282026
0.00002457923278039772
0.00030484057129520578
0.00395914834508033920
0.00078749857140656954
0.00000284202646263364
0.00000572727553930541
0.00392098444961785060
0.00000582110361003270
0.00000612295922704010
0.00078348423635424304
0.00000001696198536545
0.00000472421038605822
0.00022063773879208524
0.00117038627560282122
0.00000007392220628064
0.00001992069667644519
0.00048350220983532544
0.01981737467183792424
0.00000334217602954726
0.00028357036610280644
0.00164914128715640768
0.33281566344313124462
0.00001051116661142982
0.00001934342181875326
0.00022910136780586840
0.00347336076435581608
0.00000000703769947731
0.00000547296634603677
0.00003636131707093004
0.00022119056846565372
0.00000000171844129040
0.00000585888573346967
0.00001227622201902121
0.00005816892712254494
0.00000053796242372683
0.00000162353587259317
0.00079745888467057408
0.00035083599793418192
0.00000005015287296068
0.00000089255998778076
0.00001053403925475101
0.05208569877714937862
0.00000030354254923106
0.00000849272346681743
0.00581626213125431926
2.00000000000000000000
0.00000071711164942368
0.00059248525056238586
0.00462728128713048404
0.00027075437330867058
0.00000886467568779412
0.00021812174399090724
0.00023328570754760592
0.00664715233366792644
0.00000035742312550950
0.00001789303297902967
0.00005332056446267254
0.00340951098588480724
0.00000038900257871758
0.00000054793071613675
0.00004055676971938262
0.00000226127142165363
0.00000039565124372365
0.00000001476454250723
0.00013836345692212998
0.00006275308130957422
0.00001292709692362484
0.00000090683745642415
0.00893852396253484584
0.00000056389768026429
0.00007997337556700060
0.00000053696550381747
0.15603829199631528408
0.00948615406368931200
0.00011025988028669288
0.00001687633176610256
0.29032616230144556886
0.00387087220573963604
0.00006187868697420401
0.00000073355624167020
0.05428477379381074620
0.00000145051600715867
0.00000145211684413973
0.00000070099244236809
0.00789034339683265548
0.00001119126653530738
0.00000179224286844112
0.00000037302631480235
0.00129849500228596480
0.00002387653972953689
0.00002189114158428017
0.00000009170606884372
0.00111768127844235328
0.00000203570534026720
0.00000328173410756688
0.00000003318340921049
0.00496496973387748648
0.00039143568006106106
0.00000047275529172852
0.00000039022896472461
2.00000000000000000000
0.00426064088317941440
0.00031403442851869058
0.00000061474219193973
0.00732691651468417280
0.00075011489322414864
0.00015640202064259596
0.00000381178388343186
0.06778185781027070426
0.00057572924425108592
0.00000731838601354860
0.00000049603074508371
0.00219919868056040246
0.00003390459333083513
0.00001358629824973653
0.00038483774439737312
0.00000821611853087243
0.00000173282502280516
0.00001695658225862377
0.00287774093557854584
0.00016274729996816204
0.00001342068797186073
0.00014441947319319630
0.00795990496958085546
0.00206256049930960000
0.00000363840368953685
0.01131421484699963844
0.08395048955995456008
0.00458585120051011384
0.00131014157150146640
0.01852161507206799686
0.02808552119686837806
0.00003874786470219912
0.00006575402836423085
0.00276252379352204186
0.00300936260108577004
0.00012771110158790676
0.00002144159186889042
0.00013310805322292028
0.00504109902517171520
0.00016974389060870944
0.00001413523174485182
0.00002566643592592906
0.00032403858447996312
0.00033365874175967844
0.00000344205215344837
0.00000425470873474758
0.00119444179896969786
0.00007172556304126665
0.00006232108713661671
0.00046659148589219866
0.00354218776146731924
0.00213462352800302048
0.00026782066833010744
0.00353922972072828726
2.00000000000000000000
0.01229891179535224264
0.00001854559672055707
0.00303790686798328986
0.00089054637081009146
0.00107691236012979824
0.00004075217868766679
0.00042601473324586960
0.00062059103830208064
0.00014944622733394502
0.00002027420005676940
0.00006407482667070812
0.00024363673377962196
0.00002324692722775307
0.00001697788941109135
0.00064943637577522458
0.00002104371158292118
0.00000015716281603922
0.00044617538413815800
0.02215243392847528860
0.00003054620714860043
0.00004097401368445382
0.00000403484165911449
0.00818832632798106182
0.00002426542524261874
0.00005552695438072402
0.00307274857217653524
0.00367521852826486326
0.00426616742051626586
0.00009579157093818482
0.00493872006969949120
0.07529718196497882608
0.00258259223872217920
0.00036242528418293066
0.00008910703081411728
0.00410528779699961060
0.00010860755114053136
0.00001937677906166402
0.00061305746117458698
0.01499557531380161280
0.00008977530180250978
0.00000118859222209312
0.00000303770831891290
0.00075892936159553056
0.00007849206012060728
0.00000614982775922950
0.00000409863292388329
0.00123186014461004842
0.00109313089080008426
0.00002071039468103304
0.00075147539272722154
0.03537154165412403200
0.00165840713442922708
0.00020682822098016632
0.00975136466312727848
2.00000000000000000000
0.00276187089099114586
0.00001596280787582891
0.00023907697219945378
0.13153642122822596260
0.00030101934002351952
0.00034715094949608144
0.00315210115108523520
0.00645969112650205124
0.00041975072923246496
0.00002244505305078320
0.00002012651179890120
0.02131446171384643624
0.00000728302734161116
0.00000474862804629410
0.00330001639581703404
0.00000004270083792380
0.00002121626128555698
0.00019877896658723080
0.00127229266086919824
0.00000168511193896970
0.00005341143396480672
0.00298411514314390966
0.10329716531373536002
0.00000002421703645798
0.00002231561438417822
0.00028782823064675818
0.04095326066625695262
0.00001084720751198252
0.00014734725014777184
0.00076784488769601194
0.10344463696180456084
0.00000549586822902354
0.00000436015363806552
0.00016944707063828456
0.00679877671882472802
0.00000017134472084257
0.00000348948747602375
0.00504135665823126804
0.04777923208851114604
0.00000189096946507303
0.00000440405331319079
0.00111961183848253226
0.00237573279441433920
0.00000019846769802478
0.00000818400515020071
0.00028229090604604056
0.02810492402010162026
0.00000185624488359555
0.00005375927757094842
0.00160003957693979126
0.00012101901039602236
0.00000050493841710690
0.00001833801749377488
0.00344442103655757248
2.00000000000000000000
0.00000762300064181919
0.00019237548084152224
0.00435306087638581120
0.00082070484133590528
0.00000218646971845999
0.00016586273559172264
0.00005492429982504039
0.00781362190623477220
0.00000029661730143230
0.00000234335647928941
0.00010021553000715190
0.00029394065711503712
0.00000032831700189906
0.00000026404034379998
0.00102566549288986586
0.00120871306062374048
0.00009402040859844696
0.00000461368122981996
0.00396917547460183606
0.00196649501516820564
0.00001651460626287048
0.00000024221394143189
0.08760676803228858604
0.00005602845818508080
0.00002786917655469428
0.00000668773354735765
0.01972130120066914022
0.00718777691614235844
0.00014190087357975122
0.00000152761421728267
0.07936112181950319482
0.00019639745852871172
0.00000629066953263147
0.00000030237837598245
0.00811703771752118086
0.00006665048577453965
0.00004623783359186562
0.00000662969550616134
0.00173028486356800384
0.00028672776884041256
0.00000828148638055124
0.00000039768288475267
0.00084939053826364864
0.00003206523185524111
0.00000401720508167517
0.00000056523874379672
0.00319176678860664448
0.00000295055574659439
0.00005359119838152199
0.00000311643233015309
0.00473351075726937920
0.00236266832572499780
0.00001565809339769466
0.00000599573857722065
2.00000000000000000000
0.00159432352474061024
0.00001142724757484884
0.00000591602942752942
0.03875615908719831240
0.00243832049736930806
0.00001694058996102157
0.00000031374031224615
0.00320361242909993044
0.00022423722457000576
0.00003665788858876118
0.01454853811841294406
0.00005261541813673234
0.00002509643039709166
0.00004522276267141550
0.15668051969156776408
0.01040757084831749220
0.00005339094595986697
0.00194962912616901366
0.10747551758156076806
0.00227922819189028984
0.00008116291186571269
0.00025184675573846976
0.00313020612040858004
0.00174005145966537504
0.00001540811279119322
0.00210227841194483040
0.02971346918948225842
0.00218599429706112448
0.00033155180566710504
0.00748882570033145060
0.00290685678407761122
0.00035914223090690844
0.00000279907885000674
0.00054315618090358666
0.04162623952032989802
0.00357179406813496320
0.00012654371419222512
0.00905814974474504420
0.00348597433917034604
0.00158523101978228522
0.00001244714507969633
0.00008419530317097056
0.00671427600078838186
0.00072794420230124954
0.00002730206978548779
0.00165005429108066122
0.00598718457176949062
0.00145658442315785622
0.00009811265071628304
0.00062004200506048506
0.00088616795207724128
0.00030005339015997858
0.00019359656579809120
0.00203989424469117366
2.00000000000000000000
0.00391325296685254006
0.00084668918663904192
0.00485117628685404186
0.04674738976474049842
0.00033388839966023640
0.00015069079942998812
0.00118684626403349642
0.02079217648833426462
0.00213284190073445482
0.00010155644308385688
0.00063313190639269498
0.00003151203786375212
0.00000077011532126435
0.00062494218037921298
0.02321671836733281602
0.00039710669589458272
0.00004191349414301327
0.00043573029390160440
0.02279698171162769840
0.00002357523531175953
0.00003260841599890720
0.00053923596964163512
0.04167142654265460042
0.00012317794070116378
0.00001120050357001385
0.00048591531882887192
0.13974511005822312068
0.00075692964559905066
0.00024457579636589938
0.00014765384715650010
0.00117263262738176960
0.00003760583579532934
0.00000337804509519042
0.00027577280498084904
0.03288042337149590408
0.00173210511280622208
0.00003437427333822257
0.00007788190083589369
0.07217357001951128026
0.00006155659834216811
0.00000596668261121761
0.00001604032423652740
0.00114687173627151760
0.00153460214061630708
0.00000195495688167597
0.00100720708269280384
0.00649951049955177522
0.00006420225281744592
0.00007909914166515044
0.00065565586552916106
0.10100500630101294484
0.00268027131789100608
0.00000894558862010548
0.00239427488873791606
2.00000000000000000000
0.00201291227143311286
0.00048192410478177458
0.00289452447764347244
0.00586383045225451520
0.00049130712497794720
0.00000658259646289050
0.00007291666213604095
0.01529201479448923080
0.00000747710886257390
0.00002679116959663248
0.02847568999320793868
0.00000008528749868838
0.00030807963963111618
0.00811955990762394408
0.01367422638090243624
0.00000662571811196907
0.00055787896644484418
0.00076408428863958112
0.00977997163698703044
0.00000170609514198029
0.00001119747396446971
0.00162100796810709600
0.00453353409469401206
0.00000007110566479844
0.00003225333774515020
0.00235045397264167808
0.10021411559374098622
0.00003054257913089368
0.00002858692930652641
0.00001058437264390392
0.00946149524286472262
0.00000226962289930400
0.00002126103005451237
0.00487451379438714004
0.07776298865984952020
0.00000583550121805485
0.00001001021595824028
0.00267518646227039808
0.00548416186304757860
0.00000003906905845368
0.00005790571057592359
0.00111829293720574826
0.01021945452271977442
0.00000698734944140911
0.00004027684234189037
0.00035333447877962256
0.00180155385515906848
0.00000189848496911157
0.00002443407505046667
0.00022763590273253320
0.00049764597514243584
0.00000456086370136799
0.00051016373452530864
0.00198232258893172640
2.00000000000000000000
0.00000654314614280294
0.00010268984328416260
0.00008211290079998376
0.02473059244835077662
0.00000119759380629763
0.00000365365705451064
0.00131003053770914080
0.00026512543796616796
0.00000034588103749320
0.00000073718951467889
0.00070597155954151626
0.00281540605567772984
0.00056531252814464864
0.00000120583021495052
0.07623893337605425626
0.00035547163486265844
0.00002130130391995969
0.00000243341771930952
0.00757656057983072268
0.00000778046002579593
0.00003130963466437249
0.00000029742285866839
0.08172124813409112024
0.00463941655223486326
0.00014307359849083238
0.00000032848697424651
0.03238660410300630408
0.00055192123544907760
0.00000317410251256094
0.00000104595260301969
0.00896583575044872006
0.00045736351049569800
0.00002123974103674694
0.00000057119295707707
0.02543990853756352000
0.00023762073609686896
0.00005069445720814542
0.00000065900921562186
0.00783905166478818560
0.00044911545969617786
0.00000284969548248179
0.00000320886448860804
0.00147704743362386848
0.00053066381551121378
0.00000714253026349723
0.00000007372815571323
0.02569398499005409602
0.00019440561075848952
0.00019980383634808032
0.00000100905786538194
0.02274032161375422082
0.00222470141485998208
0.00036121621378090792
0.00000497995851468530
2.00000000000000000000
0.00033763384342682196
0.00000210327069968160
0.00000034202887865272
0.00228391248365985408
0.00001844909715921312
0.00022042172434443420
0.00081235667352673200
0.00009342255087726618
0.00000687320807464515
0.00005995224703146495
0.00182004563456939402
0.00036489084214946498
0.00002371914207384478
0.00003855763833759078
0.11751946360858916246
0.00037366500756923680
0.00000864566942652008
0.00000417987640368796
0.00084932188959003264
0.00012690707666234078
0.00004389907718405738
0.00007793538365973365
0.05849812401544399268
0.00044440786528318752
0.00020010688151072144
0.00472410832143385060
0.00639344458811971042
0.00001376279607269894
0.00000657716293210881
0.00086918178405096304
0.00470766038573097600
0.00086171390902085322
0.00000157845307008230
0.00073243116701409120
0.00130433248342005504
0.00039075149481461184
0.00004333826115965850
0.00130782400388333760
0.00064385624660157664
0.00005546165407093261
0.00005401366268260379
0.00009117802092569776
0.04419489306488201866
0.00015014027938027752
0.00000625569218284350
0.00036989373388101672
0.00047998798034836498
0.00307486672714415562
0.00012973648141145536
0.00242486379024272362
0.03633479603991575240
0.00367710896441343286
0.00013246687215148878
0.00057225112980331112
2.00000000000000000000
0.00032255086401918556
0.00006961246266190045
0.00017282706446379502
0.00079980595231132512
0.00200475064570209248
0.00013865675428651050
0.00010472970288216248
0.00030077946626516496
0.00000200692239147312
0.00034549093438474924
0.05236646114342116048
0.00085461269567325498
0.00022369661269250776
0.00035453242313759876
0.00205504842347722048
0.00043305442298557818
0.00004555271384045171
0.00004990237221125016
0.00113630113912082784
0.00023333890558190978
0.00008452034060997798
0.00060840866710118712
0.02162964532465778020
0.00241359869264629760
0.00005277128268427644
0.00755182897208619048
0.34718569071106500486
0.01333194767717469606
0.00009622607566350982
0.02340171315001633848
0.02337596388814752426
0.00004089663652794355
0.00002405647174502412
0.00009025081533071768
0.00369268682336329442
0.00003625608110754856
0.00000250364761431292
0.00037704598663499312
0.00582564403286988260
0.00006275233938727842
0.00000194546922836387
0.00001152154813235129
0.00453325482193269440
0.00004333811836384345
0.00001093094985246518
0.00026871612185036204
0.01464946649116356266
0.00009987613443834810
0.00003916597968545930
0.00060332399179406192
0.01731787427259562888
0.00024624934848073312
0.00000828742789399073
0.00074986332687770560
2.00000000000000000000
0.04559869093134835200
0.00163089286377225706
0.00001842509859321202
0.06963764837760366482
0.00000034918285151907
0.00000284433704373776
0.00034676979445676578
0.00000002530896408553
0.00000922075755407487
0.00094885467470038528
0.00374568949717670400
0.00000173001030472714
0.00000834880417944683
0.00009730076339122780
0.00216265352745533568
0.00000018362468859440
0.00000323633116814295
0.00015333119351437862
0.00012388865280576364
0.00000382149128092393
0.00001117748899357793
0.00071751574972650280
0.00316764782386588580
0.00000217915516106185
0.00033698796999717780
0.00155836541310135764
0.00165715746847630240
0.00001701731020380937
0.00099098683015034826
0.00027006588328322152
0.00150557250339533108
0.00000011063574423794
0.00000057959616735259
0.00009551040909482736
0.00023313937689032220
0.00000001056586436081
0.00000059319476895370
0.00001592574856965131
0.00043562485831695466
0.00000003309681511990
0.00001692859245162972
0.00032545973668844680
0.00100024535621109626
0.00000026741780602265
0.00001315805299430771
0.00034359010812283752
0.00512848069299678180
0.00000026181222686648
0.00009828226094456536
0.00052372749781028112
0.02676932081242887680
0.00000048643689104392
0.00005841307098682392
0.01645854773770788040
2.00000000000000000000
0.00005170516681914319
0.00000118926314477521
0.00104027117525857322
0.00007716595321805764
0.00000007604314330757
0.00000028805448061514
0.00013732715885801578
0.00027795687283778312
0.00009651779840983422
0.00000170961634971724
0.05180753180482344086
0.00004577260160320478
0.00000233123812860118
0.00000002605956677126
0.00402738392939045440
0.00005242678910505172
0.00000946902037241496
0.00000023578841316217
0.00295933350439731564
0.00032655522689730760
0.00004216901262408806
0.00000121082279784286
0.01461125192746462088
0.00073094603384501408
0.00060340387285374818
0.00005052898365505216
0.20180915614309056002
0.02625720486444570442
0.00001856420424884172
0.00000052804634050101
0.00031777233824810312
0.00003191290282713477
0.00000417796569050055
0.00000001140515891860
0.00037087796176833578
0.00013587473895462892
0.00000661976135779154
0.00000010951751762514
0.00190069108568287124
0.00004284934508247464
0.00000142034465065823
0.00000013800189764434
0.00143371992298448800
0.00005028673884977894
0.00002221713006195375
0.00000023542411172504
0.00323279152238518046
0.00093605420227414826
0.00000848530924821199
0.00000156758284349086
0.00392790806502794408
0.00017536903939716722
0.00071184050645994512
0.00006252476557213299
2.00000000000000000000
0.00002191163437692794
0.00011877535298331950
0.00701690309953063926
0.00002258883577187955
0.00042011451964880240
0.00635195737498970182
0.01311481871588043048
0.00069859553468514960
0.00003672742948814442
0.00107665595725057386
0.00090143063463583824
0.00002060809773390032
0.00000088273609110019
0.00001276981894824905
0.00036011637637401418
0.00004076138071698799
0.00000105066962964658
0.00011137845440823514
0.00096042934775583504
0.00114460426455215360
0.00000415427772649442
0.00083342187749711152
0.00025867655837461780
0.00001240913603251423
0.00000010280641799423
0.00001411454612363455
0.00054856036845739800
0.00115712233256028880
0.00006045329867077732
0.00046983138535674840
0.07983058596282549884
0.00003319527203179119
0.00001593987868018459
0.00071259059589765640
0.02724606341020022402
0.00302682167286688404
0.00000299062653282733
0.00004266729007163868
0.00012650192349981310
0.00000422414324813873
0.00000028686869809025
0.00003261995299904442
0.00028218487892701556
0.00002940090987549887
0.00000274484457823973
0.00033394148603248858
0.02420089461743079242
0.00013871459561907816
0.00000705787038202967
0.00004682544478938831
0.00119770741711002960
0.00001186839584448222
0.00000212236964778491
0.00003233699875650620
2.00000000000000000000
0.00083909416264316112
0.00182221886643319124
0.00412202435295603284
0.00004467697886090756
0.00004066990712672275
0.01239944042159121066
0.43993910416991640600
0.00991477165009518080
0.00141564982486771520
0.00007328631062209980
0.00757507046069131462
0.00005705309961995742
0.00000180248551372241
0.00004125795977864749
0.00371693826237371048
0.00005976146895843876
0.00007136456150542661
0.00122807810087533440
0.19208891175693952006
0.00040722515301832344
0.00005483508061144242
0.00033257738163163304
0.01946044348156072428
0.00014897055097600672
0.00006558727052121639
0.00105123041417085962
0.09835635961752118468
0.00105528417944461408
0.00032897599798117580
0.00015074480748164698
0.00485757001229558242
0.00069787877488756352
0.00003678220256890924
0.00076272195901112384
0.02776436668491597800
0.00004011936396237334
0.00000021254268081393
0.00014458744527709924
0.00150823933335261962
0.00001107402386275691
0.00000681727036816120
0.00001404239251085053
0.01623869820441561600
0.00006122080117487639
0.00002847178501119599
0.00129471659451000960
0.01517206422274744004
0.00131981147496713120
0.00029177345065905704
0.00156570901395692788
0.02339434455156301800
0.00096822036556431626
0.00009141887021776232
0.00043761810635080632
2.00000000000000000000
