22
24
10.0
8.0
0.00010000000000000000
10.00000000000000000406
10.00000000000000000406
10.00000000000000000406
10.00000000000000000406
10.00000000000000000406
10.00000000000000000406
10.00000000000000000406
10.00000000000000000406
10.00000000000000000406
10.00000000000000000406
10.00000000000000000406
10.00000000000000000406
10.00000000000000000406
10.00000000000000000406
10.00000000000000000406
10.00000000000000000406
10.00000000000000000406
10.00000000000000000406
10.00000000000000000406
10.00000000000000000406
10.00000000000000000406
10.00000000000000000406
10.00000000000000000406
10.00000000000000000406
0.50000000000000000000
0.50000000000000000000
0.50000000000000000000
0.50000000000000000000
0.50000000000000000000
0.50000000000000000000
0.50000000000000000000
0.50000000000000000000
0.50000000000000000000
0.50000000000000000000
0.50000000000000000000
0.50000000000000000000
0.50000000000000000000
0.50000000000000000000
0.50000000000000000000
0.50000000000000000000
0.50000000000000000000
0.50000000000000000000
0.50000000000000000000
0.50000000000000000000
0.50000000000000000000
0.50000000000000000000
0.50000000000000000000
0.50000000000000000000
0.50000000000000000000
0.50000000000000000000
0.50000000000000000000
0.50000000000000000000
0.50000000000000000000
0.50000000000000000000
0.50000000000000000000
0.50000000000000000000
0.50000000000000000000
0.50000000000000000000
0.50000000000000000000
0.50000000000000000000
0.50000000000000000000
0.50000000000000000000
0.50000000000000000000
0.50000000000000000000
0.50000000000000000000
0.50000000000000000000
0.50000000000000000000
0.50000000000000000000
0.10000000000000000000
0.00000221520431721795
0.00046221141467428978
0.00000056450100272938
0.00000400181339602281
0.00000000400181339602
0.00002642560196139914
0.00000002642560196139
0.00002080079827220288
0.00000001309047774650
0.00000061150300747309
0.00000000006663278717
0.00000020204405844657
0.00000000002869062873
0.00000088810840301580
0.00000000068278368857
0.00000682382492711972
0.00000001139890964640
0.00000314263370211916
0.00000015882935117425
0.00006951624799635874
0.00000426377221788218
0.00846583360377609286
0.00000831622028245023
0.00180916760640470762
0.00000110037153614970
0.00062639233511424440
0.00000006238140668994
0.00036922342842326106
0.00000008756932323002
0.00049471896012341824
0.00000000932312614001
0.00040788737938041960
0.00000000000000000006
0.00000050855237243323
0.00000003148278447459
0.00008582944917877732
0.00000000800299105051
0.00003067857183248701
0.00000000415824666039
0.00000006819682468418
0.00000000046363098680
0.00000061210186248692
0.00000000069531195115
0.00000288592717527684
0.00000004250600744862
0.00000152412846255221
0.10000000000000000000
0.00000038952840353044
0.00028407454441543858
0.00000000099883100437
0.00000099883100437029
0.00000000189951692630
0.00000189951692630574
0.00000000512208805703
0.00000402084375048994
0.00000000004981520329
0.00000000942641228361
0.00000000000689833995
0.00000000640736683342
0.00000000008975945342
0.00000016253885346014
0.00000000200683064554
0.00000898114580199412
0.00000000833924767751
0.00058046141669350512
0.00000014376118578459
0.00286474551367644768
0.00000132423010232845
0.00947988520788874024
0.00000106762934236415
0.00514203952335915048
0.00000052048482054761
0.00032851534256332576
0.00000000250723116084
0.00000605264023620975
0.00000000623838065988
0.00001049745161002353
0.00000001249451567212
0.00000000000000002357
0.00000000053815143904
0.00000004086434255054
0.00000005850484829567
0.00000975339664772290
0.00000000156362139852
0.00000012927454545426
0.00000000004762441913
0.00000004579726516748
0.00000000006276107546
0.00000007544782409160
0.00000000037010353355
0.00000310215652804775
0.00043494028234280224
0.00000053274614053134
0.10000000000000000000
0.00001250660956905171
0.00013845013142842030
0.00000013845013142842
0.00002200827404371644
0.00000002200827404371
0.00001476176464878777
0.00000000214284446630
0.00000005844732824001
0.00000000008030969433
0.00000000311778608160
0.00000000001093434073
0.00000001662394357289
0.00000000077593298660
0.00000101355300497000
0.00000000394997630239
0.00000851563669592511
0.00000109011516043841
0.00024699588813516578
0.00000002164510293965
0.00009680183784081676
0.00000026191744220672
0.00006029418953298936
0.00000061593210454812
0.00074022859731608106
0.00000024064342558939
0.00012786496637029784
0.00000020286341476783
0.00006317955570223174
0.00000001302255051363
0.00011974253338570050
0.00000000000000000003
0.00000003497329169311
0.00000000064599162444
0.00000381244279583114
0.00000004990200985277
0.00000478524602571766
0.00000000002337505610
0.00000037273395343744
0.00000000050149494652
0.00000003675046408689
0.00000000005226665450
0.00000187838170552275
0.00000000187445212855
0.00000136668731576326
0.00099960629075380448
0.00003217770551461860
0.10000000000000000000
0.00000002726340494958
0.00002726340494958322
0.00000000935712469505
0.00000935712469505105
0.00000001345746283044
0.00000467355287065546
0.00000000012900857726
0.00000004439044864465
0.00000000001082290446
0.00000002146636955449
0.00000000003911898638
0.00000061914397094499
0.00000000033590987257
0.00000921005839538469
0.00000000646741707532
0.00178252189375587648
0.00000066813488934964
0.00002561868071451468
0.00000010460334441669
0.00037049476936520720
0.00000004546083727681
0.00015357786130385276
0.00000033178807514852
0.00028047953952366044
0.00000002955196944771
0.00000355013740222761
0.00000000369813992052
0.00000363242010666047
0.00000000115907287924
0.00000000000000000018
0.00000000015220158982
0.00000031961120603310
0.00000000147377934311
0.00000285154688406336
0.00000000345324340426
0.00000037799065227806
0.00000000023563422869
0.00000040391292969493
0.00000000014397164520
0.00000009599057311317
0.00000000124472751856
0.00000044123391473975
0.00000705792691233288
0.00000000256038075057
0.00025949245204474456
0.00000001986076493655
0.10000000000000000000
0.00010000000000000000
0.00007298855203041549
0.00000007298855203041
0.00000152191930507071
0.00000000492632117322
0.00000006364246810622
0.00000000001151197053
0.00000001430713786600
0.00000000004515967351
0.00000006520076622632
0.00000000013016394800
0.00000036823939573655
0.00000000386639812697
0.00000468755706826896
0.00000037596266356523
0.00008294674690427631
0.00000000829409665977
0.00002118330024193645
0.00000000135966776898
0.00000057947287073828
0.00000003467314905594
0.00390782725214105526
0.00000013864483209234
0.00006964553950073642
0.00000010725773726504
0.00007056000384578340
0.00000001840909583117
0.00005330032506141068
0.00000000000000000000
0.00000001551365146181
0.00000000522926562419
0.00014192156483020236
0.00000000813083579565
0.00000568240991314470
0.00000000097317436541
0.00000004473967903013
0.00000000004524571122
0.00000009717119287485
0.00000000010350627889
0.00000032469284666883
0.00000000074179036269
0.00000000705792691233
0.00000256038075057961
0.00000025949245204474
0.00001986076493655727
0.00010000000000000000
0.10000000000000000000
0.00000007298855203041
0.00007298855203041549
0.00000000152191930507
0.00000492632117322331
0.00000000006364246810
0.00000001151197053205
0.00000000001430713786
0.00000004515967351044
0.00000000006520076622
0.00000013016394800315
0.00000000036823939573
0.00000386639812697310
0.00000000468755706826
0.00037596266356523128
0.00000008294674690427
0.00000829409665977522
0.00000002118330024193
0.00000135966776898814
0.00000000057947287073
0.00003467314905594111
0.00000390782725214105
0.00013864483209234776
0.00000006964553950073
0.00010725773726504518
0.00000007056000384578
0.00001840909583117076
0.00000005330032506141
0.00000000000000000332
0.00000000001551365146
0.00000522926562419310
0.00000014192156483020
0.00000813083579565010
0.00000000568240991314
0.00000097317436541946
0.00000000004473967903
0.00000004524571122955
0.00000000009717119287
0.00000010350627889291
0.00000000032469284666
0.00000074179036269238
0.00001732639910062554
0.00000000181016768761
0.00001533488220789173
0.00000000253408626918
0.00002713425173048258
0.00000002713425173048
0.10000000000000000000
0.00010000000000000000
0.00000965904095051923
0.00000001474243954912
0.00000145155651558166
0.00000000058088436866
0.00000014502937379231
0.00000000171439044407
0.00000042685967334208
0.00000000115312361950
0.00000669292848823639
0.00000022318803981726
0.00001456055079006130
0.00000000659078388929
0.00000535570573022537
0.00000000398483677734
0.00005212255318554840
0.00000000898855700664
0.00001038185875211763
0.00000006473863016489
0.00020705377932678764
0.00000086886027990109
0.00010237413978774118
0.00000002745106015538
0.00018557217589830044
0.00000007496965495554
0.00004987521885219574
0.00000000000000000003
0.00000074184778699854
0.00000000924393001717
0.00162267374037050004
0.00000006068087197559
0.00017718636050554512
0.00000000538111065934
0.00000034156694098196
0.00000000101028370387
0.00000319156993902780
0.00000000191768103424
0.00000577777175775600
0.00000001447216085575
0.00000001732639910062
0.00000181016768761524
0.00000001533488220789
0.00000253408626918155
0.00000002713425173048
0.00002713425173048258
0.00010000000000000000
0.10000000000000000000
0.00000000965904095051
0.00001474243954912204
0.00000000145155651558
0.00000058088436866712
0.00000000014502937379
0.00000171439044407133
0.00000000042685967334
0.00000115312361950707
0.00000000669292848823
0.00022318803981726880
0.00000001456055079006
0.00000659078388929947
0.00000000535570573022
0.00000398483677734015
0.00000005212255318554
0.00000898855700664986
0.00000001038185875211
0.00006473863016489611
0.00000020705377932678
0.00086886027990109696
0.00000010237413978774
0.00002745106015538600
0.00000018557217589830
0.00007496965495554414
0.00000004987521885219
0.00000000000000003798
0.00000000074184778699
0.00000924393001717393
0.00000162267374037050
0.00006068087197559656
0.00000017718636050554
0.00000538111065934590
0.00000000034156694098
0.00000101028370387086
0.00000000319156993902
0.00000191768103424587
0.00000000577777175775
0.00001447216085575457
0.00001445546153097787
0.00000000517358056170
0.00001090187684189626
0.00000000386287542796
0.00000059968510642588
0.00000000059968510642
0.00001023770338499840
0.00000001023770338499
0.10000000000000000000
0.00000002203074719466
0.00000038294397412834
0.00000000000197350178
0.00000007102696021077
0.00000000028052225105
0.00000014027608674648
0.00000000158577149823
0.00001928963022741552
0.00000001834080663878
0.00000076214828802888
0.00000000200052175606
0.00000007854994400245
0.00000000036764172424
0.00000302115279848056
0.00000000202213216995
0.00000089723962361797
0.00000000436146773633
0.00000122282690594586
0.00000003111323333629
0.00015032842136074744
0.00000001733124534305
0.00001152379020704154
0.00000001334133805121
0.00000339315299667824
0.00000000000000000002
0.00000959481764196696
0.00000299396330117434
0.00002247906156752317
0.00000000614129760076
0.00005087396164494952
0.00000000302462348558
0.00000024029680663155
0.00000000225948365808
0.00000007620781366234
0.00000000118222689669
0.00000072983473205343
0.00000001239580009022
0.00000000798263494252
0.00000356369218412149
0.00000000138864890617
0.00000117715455142336
0.00000000170330794202
0.00000170330794202715
0.00000001371123906040
0.00001371123906040170
0.00000001933161061906
0.10000000000000000000
0.00000000039464135695
0.00000127407175461814
0.00000000198225417465
0.00000144621655721028
0.00000000347457470008
0.00000128629681618373
0.00000066434725465440
0.00000535603649445648
0.00000000049186811982
0.00000149358750319169
0.00000000153771115852
0.00000012904406870960
0.00000000835412608913
0.00000283586905824120
0.00000000019431859174
0.00000315734981900126
0.00000002453672957103
0.00000712241454092986
0.00000012506893342554
0.00037266850776547176
0.00000004667772625474
0.00032789425768359898
0.00000021957032831999
0.00000000000000244984
0.00000577271834808946
0.00002557960130927310
0.00000000050205220142
0.00000004150126317072
0.00000003247348243819
0.00079618865018513786
0.00000000788893231656
0.00000266728637346972
0.00000000357945658739
0.00000324596230671386
0.00000001056092594956
0.00002686852613728456
0.00000092226778011820
0.00000000010919746640
0.00000009367725087835
0.00000000008036604182
0.00000005442333230458
0.00000000005442333230
0.00000333894268424886
0.00000000333894268424
0.00000083107787225409
0.00000000097604594831
0.10000000000000000000
0.00000197622853795407
0.00537492573138319460
0.00000037756397607710
0.00084038620140808384
0.00000028564300791304
0.00000334333252681511
0.00000000279631061735
0.00000019352489542299
0.00000000021508790543
0.00000018936192718248
0.00000000008760318574
0.00000043411764196118
0.00000000009602177168
0.00000015786084387999
0.00000000048838116014
0.00000282850840320692
0.00000000542281465794
0.00000616603911571657
0.00000000208011334676
0.00012091798172168064
0.00000002184435841192
0.00003412734503162740
0.00000000000000000848
0.00000122641687531078
0.00000000085423730584
0.00000057643718260281
0.00000000028193665156
0.00000155718934577343
0.00000000162577011615
0.00089785216594392522
0.00000213359385113508
0.00110174132610119104
0.00000061993683389191
0.00004831839550498778
0.00000001342917389567
0.00000000005650314656
0.00000001161778406691
0.00000000007237084797
0.00000001554782852712
0.00000000000553495379
0.00000000553495379893
0.00000000075126113001
0.00000075126113001363
0.00000000000240807615
0.00000177169014590458
0.00000111112618179843
0.10000000000000000000
0.00000268726899472985
0.00199398017464250048
0.00000266835079723016
0.00005795209821351826
0.00000000061544579043
0.00000009713761669017
0.00000000000688992829
0.00000003071643050893
0.00000000001325114623
0.00000000774556658125
0.00000000004206856142
0.00000000619057830761
0.00000000001144067034
0.00000007850311563136
0.00000000003263304180
0.00000022684264762694
0.00000000010480164056
0.00000211149056126490
0.00000000498291291588
0.00000674127593351572
0.00000000270041161716
0.00000000000000120598
0.00000000202816839552
0.00000001747929986107
0.00000000005973908544
0.00000000344221164044
0.00000000018222393181
0.00000092734123409725
0.00000002174855343594
0.00138614498995993306
0.00000423855632248931
0.00024455376221705624
0.00000015014058479173
0.00000177496395827890
0.00000023240789576037
0.00000000001153298170
0.00000000381120354177
0.00000000000514214328
0.00000000933119432914
0.00000000000933119432
0.00000025443528680049
0.00000000025443528680
0.00000011756446265030
0.00000000373915410150
0.00409938609257962660
0.00000364528326994560
0.10000000000000000000
0.00000037300649058763
0.00246323033332459402
0.00000001681782966942
0.00000105615538760810
0.00000000007178208443
0.00000006176415216188
0.00000000003033716561
0.00000002426769353603
0.00000000000636704918
0.00000015092415992898
0.00000000001571754177
0.00000002219793170079
0.00000000009549763145
0.00000091765162768045
0.00000000244872115980
0.00000083868479399276
0.00000000022810892047
0.00000316070683788085
0.00000009470507891518
0.00031519510007653260
0.00000000000000000408
0.00000150251411868241
0.00000000012109065031
0.00000003912606329908
0.00000000003859438144
0.00000004985142037614
0.00000000083637160429
0.00008993836728284045
0.00000050248862079261
0.00763811860977487202
0.00000015422563394792
0.00001169684193708708
0.00000000007205801849
0.00000000003022185724
0.00000000980963591391
0.00000000001224009311
0.00000000933974975038
0.00000000002697190085
0.00000002697190085649
0.00000000275427561315
0.00000275427561315547
0.00000000042520311688
0.00000249817950713965
0.00000026370186170692
0.00247695015009571562
0.00000034158019188420
0.10000000000000000000
0.00000089634998637198
0.00083884951230034400
0.00000000041008442343
0.00000720761905083581
0.00000000068396022757
0.00000010973709382816
0.00000000021392234984
0.00000015517001461065
0.00000000051644615436
0.00000043755786646521
0.00000000012160475917
0.00000030435085444064
0.00000000132930601431
0.00000076906233775292
0.00000000226349328532
0.00001732298904924092
0.00000002179103396084
0.00007779215138740110
0.00000047728517958323
0.00000000000000131886
0.00000000192744090716
0.00000157009760332911
0.00000000070256407965
0.00000038403640375718
0.00000000621641906970
0.00000707606566893790
0.00000049388215093456
0.00430263587505776986
0.00000137917299132154
0.00493875574739236984
0.00000088664876248361
0.00004085767706322953
0.00000091453132501472
0.00000000013433990027
0.00000001819188479415
0.00000000001663856063
0.00000003806843146592
0.00000000003806843146
0.00000067040046903831
0.00000000067040046903
0.00000020785682461283
0.00000000586737015551
0.00057379013881617184
0.00000324034219779902
0.00220512308358600448
0.00000087625223456457
0.10000000000000000000
0.00000055394772072535
0.00000028421119441865
0.00000000240194034409
0.00000026368121621647
0.00000000002630624206
0.00000018325687612391
0.00000000001127444075
0.00000034263770641126
0.00000000025419387475
0.00000004562224162949
0.00000000114865613799
0.00000417501102955944
0.00000000185565916509
0.00000574702028744724
0.00000000026251186221
0.00006361815316050128
0.00000000550812028593
0.00003004019780719872
0.00000000000000000027
0.00000283731183477616
0.00000000021198322896
0.00000017021897119444
0.00000000015259322890
0.00000178975669334075
0.00000001822911588402
0.00129750055086160768
0.00001351540252326728
0.00079349625849959866
0.00000402153747989329
0.00129742521558102208
0.00000000889681031248
0.00000000081721813284
0.00000028275107488774
0.00000000098693853537
0.00000030608500850837
0.00000000008833346094
0.00000008833346094150
0.00000000210497673466
0.00000210497673466123
0.00000000273113711831
0.00000252467383735323
0.00000022668355522745
0.00008179737517553575
0.00000001749927320683
0.00095314248729598282
0.00000064385938468951
0.10000000000000000000
0.00000001220906349574
0.00000287614960826714
0.00000000047590000749
0.00000002161017040932
0.00000000003584577879
0.00000000376013279019
0.00000000018282772390
0.00000032727021382529
0.00000000000690536129
0.00000142991393109723
0.00000000610094979806
0.00000073181302293512
0.00000000289151871486
0.00002096500219633878
0.00000009411922900070
0.00058229983789745512
0.00000051243288168122
0.00000000000000003178
0.00000000608572543850
0.00000378377153311183
0.00000000030246466952
0.00000071604044139621
0.00000000251273486849
0.00003170234978258488
0.00000142175092595510
0.00023370068845404056
0.00000008049437005805
0.00019271042473053058
0.00000394562375763824
0.00000316253192384977
0.00000746017248324619
0.00000000318877541308
0.00000117754765725728
0.00000000015168384007
0.00000022826058127619
0.00000000022826058127
0.00001115973167984527
0.00000001115973167984
0.00003034540479329902
0.00000119103730744574
0.00000242349499389894
0.00000000079346202133
0.00000100379266192098
0.00000000042561133131
0.00000030173769332478
0.00000001115189028651
0.10000000000000000000
0.00000008467666001692
0.00000001325298217988
0.00000000006148609283
0.00000039421172278040
0.00000000089361470152
0.00000080845718065045
0.00000000103796206340
0.00000044918765856462
0.00000000528160766134
0.00001348446389758889
0.00000003591463039201
0.00000360954158841876
0.00000014324481831001
0.00082111045443004992
0.00000053882267940551
0.00034932352111959578
0.00000000000000000013
0.00010519082504877404
0.00000001102534855928
0.00000108133486606652
0.00000000207498261369
0.00005571513101199536
0.00000679093312198355
0.00001413181391303486
0.00000002033698619959
0.00000364721083081839
0.00000001318036817815
0.00000166727513371226
0.00001889296897086059
0.00000001025213266993
0.00001174018306597320
0.00000000377534314257
0.00000342143933629150
0.00000000197168328663
0.00000197168328663329
0.00000030615291552159
0.00030615291552159992
0.00000002373653809069
0.00000789957381967502
0.00000000166754621430
0.00000010302762679866
0.00000000005612575249
0.00000615405887378947
0.00000000209787939161
0.00000216126252124923
0.00000006966163013551
0.10000000000000000000
0.00000000850058704206
0.00002657114750563129
0.00000001544658430420
0.00000114951997543399
0.00000001521318100678
0.00002101381893122818
0.00000000209968451359
0.00001155750963470232
0.00000005479087848741
0.00008218374966348989
0.00000052773068473448
0.00003774809056769372
0.00000024247732855525
0.00002946512016846032
0.00000012858160453101
0.00000000000000039387
0.00000000229179868989
0.00042404590375145904
0.00000004307468355091
0.00000674979040139550
0.00001422807659181717
0.00004978059880608788
0.00000000008997657712
0.00000528417441241569
0.00000000452875693121
0.00000404973066564725
0.00000000261113972658
0.00000926745096441041
0.00000567178471506370
0.00000002187484893957
0.00001633255515578703
0.00000000482116946351
0.00000479680671612919
0.00000000479680671612
0.00004007932079209313
0.00000004007932079209
0.00000197930851316428
0.00000000145574020652
0.00000023158177396815
0.00000000001466412055
0.00000009690756105363
0.00000000117186002094
0.00000046213893686585
0.00000000071760726848
0.00000002187855301142
0.00000001705783803911
0.10000000000000000000
0.00000000268601259239
0.00003333780569352674
0.00000000047633258440
0.00000426251274100042
0.00000002856391555273
0.00000637512711969800
0.00000001164661694327
0.00041764092284653786
0.00000013833507056398
0.00017860546726524652
0.00000000944640998397
0.00002701385302546195
0.00000000035814774918
0.00000827045605397409
0.00000000000000000000
0.00000175404130082437
0.00000001218779168140
0.00008684386887524539
0.00000099497911167632
0.00004362012668306456
0.00000000074959351122
0.00000027026628581095
0.00000000092532638778
0.00000038240966193730
0.00000000039850199253
0.00000028380985436892
0.00000000075867736901
0.00000010725110284173
0.00056968735263408112
0.00000078226593534968
0.00049716601254039800
0.00000014394460740526
0.00014394460740526440
0.00000000678773145009
0.00000678773145009019
0.00000000194384809605
0.00000165390630953549
0.00000000009630050307
0.00000002446003627458
0.00000000001780906882
0.00000007034664264671
0.00000000001725032216
0.00000001219198274825
0.00000000003797754688
0.00001994942620336428
0.00000000100496994774
0.10000000000000000000
0.00001008457252504679
0.00001399619200373315
0.00000077386424562321
0.00023289967442174840
0.00000000458441497017
0.00076038606910630954
0.00000057171951772394
0.00010469638974972858
0.00000008984700644935
0.00000964227400093864
0.00000002471273020011
0.00001495063822297045
0.00000001273769421018
0.00000000000000000048
0.00000000019037419805
0.00000224290156196400
0.00000000330559963225
0.00001620304369349178
0.00000000521977060501
0.00000014408781587345
0.00000000001617523579
0.00000020014082957558
0.00000000007758207402
0.00000015657188303563
0.00000000033844358974
0.00000208688263505400
0.00004590872033415734
0.00000013798844655068
0.00017334432227673424
0.00000018225043274793
0.00003105903073293412
0.00000003105903073293
0.00000539438756300446
0.00000000539438756300
0.00000007464535420059
0.00000000166530143876
0.00000008291690614914
0.00000000001031995150
0.00000001393261287931
0.00000000013411703377
0.00000011752669843011
0.00000000001977843966
0.00000023813180596386
0.00000001134202019215
0.00001219887834398637
0.00000986268930681849
0.10000000000000000000
0.00000007680698796667
0.00011903954754780088
0.00000025691304605157
0.00000813776345975921
0.00000003139150513389
0.00130611896735584448
0.00000074849980625797
0.00035762016711183938
0.00000012811719602257
0.00017348766896653488
0.00000000627305344533
0.00026876003830057520
0.00000000000000000004
0.00000007734341361564
0.00000000037384372084
0.00000911605728908682
0.00000000111007596016
0.00000530360575256407
0.00000000018653523350
0.00000007559488133561
0.00000000012480982906
0.00000018154473873217
0.00000000012843277885
0.00000003457357615778
0.00000000149658510866
0.00000518573334017228
0.00506400876831509062
0.00000002797608091181
0.00001286970228275182
0.00000000571959074315
0.00000571959074315094
0.00000000739168238971
0.00000739168238971380
0.00000000064341179709
0.00000025737328219296
0.00000000007064438454
0.00000001110924955889
0.00000000000673208507
0.00000017916076250206
0.00000000001331614720
0.00000000382088978784
0.00000000099413530588
0.00000155446805462539
0.00000000032099665169
0.00002520896829767194
0.00000014145166251058
0.10000000000000000000
0.00000006189685739620
0.00036982212585461056
0.00000474620591829486
0.01098090617091303208
0.00000020770180606484
0.00004680589326760149
0.00000004970379757982
0.00000402584463972627
0.00000010002852536936
0.00002521355394065018
0.00000005796602934199
0.00000000000000000068
0.00000000011887589719
0.00000000400993599210
0.00000002695841703139
0.00000110226671246124
0.00000000088852000378
0.00000060457189769547
0.00000000000916472946
0.00000030312543102453
0.00000000008828143273
0.00000023119975505957
0.00000000002572842649
0.00000173517638773181
0.20568800553061064484
0.00004676219736782919
0.00249938912625155968
0.00000104973665675831
0.00029181830968891260
0.00000029181830968891
0.00193144121827150762
0.00000193144121827150
0.00010562335776537078
0.00000033285071377608
0.00000699339783777328
0.00000000120534742958
0.00000318781574299215
0.00000001191195934477
0.00000808428818475843
0.00000000371130318653
0.00001796698763478619
0.00000041096833891096
0.00005738243253693886
0.00002784408915693387
0.00437947087942412564
0.00000123649297495740
2.00000000000000000000
0.00001098695248300262
0.01638184978487291206
0.00010542037375129056
0.00126811975152342784
0.00002600535592095967
0.00118647380235659168
0.00000136700885654157
0.00572975977803672404
0.00000070017384361647
0.00314853892135579126
0.00000000000000000066
0.00005346951297494249
0.00000026727444804972
0.00198065398574238980
0.00000046306667039801
0.00033470392732729000
0.00000028571874200960
0.00000352364380331103
0.00000000931048602475
0.00000654039914866229
0.00000001097602187507
0.00001081821064997857
0.00000003021728526807
0.00016798126873575544
0.27831086859917752628
0.00000562225226325291
0.00309109610241255764
0.00000001557210603114
0.00001557210603114440
0.00000027691177595534
0.00027691177595534432
0.00000005877497470269
0.00009393561317100562
0.00000000128601533727
0.00000014746244830891
0.00000000027600357091
0.00000839052787160497
0.00000000498617305314
0.00000552314564669542
0.00000001917764877478
0.00047194235130254098
0.00000031968822385837
0.00696679047064283520
0.00000785800258604846
0.00614202497363697862
0.00000913424970723236
2.00000000000000000000
0.00000121036065508029
0.05176700987548888024
0.00000090508040235877
0.01418856447123515206
0.00000155417919556017
0.00002111019085506578
0.00000076267147193032
0.00044238819658510344
0.00000039202655415447
0.00000000000000019030
0.00000001584062994829
0.00029739265730062220
0.00000118407827347561
0.00011881150200788772
0.00000032861485450680
0.00002585958653009725
0.00000000126604044119
0.00000823752630744165
0.00000000281498658173
0.00000388190358553696
0.00000000032013792951
0.00003568850648099038
0.05131868410933778622
0.00004401588372974769
0.00181753676765299648
0.00000053263499011616
0.00000931986226572259
0.00000000931986226572
0.00044914689326861872
0.00000044914689326861
0.00003662293897348028
0.00000000903899801865
0.00000296901703673782
0.00000000038270446301
0.00000054739953567303
0.00000000327465986193
0.00000125672635461817
0.00000000016365461560
0.00001165476528376257
0.00000006622162712259
0.00010019812244526762
0.00000019257930987550
0.00034953680120751556
0.00011069476944889918
0.01912583519946685808
0.00000169971706236514
2.00000000000000000000
0.00004680436889205778
0.00062646407645137744
0.00000057298719531089
0.00005167122833617947
0.00000087992214411753
0.00104600788776397248
0.00000037566208601872
0.00050927845350027786
0.00000000000000000020
0.00000204730734582688
0.00000004148502600612
0.00108633652586221248
0.00000006336394353066
0.00002164167157746814
0.00000000993021429491
0.00000023269689751781
0.00000000631969477000
0.00000317081739213309
0.00000000636624655448
0.00000336393539959834
0.00000003885085427697
0.00001082227683265600
0.07350331349539995284
0.00000643758782973279
0.00062388344347040280
0.00000019335359652744
0.00019335359652744088
0.00000097108975464461
0.00097108975464461024
0.00000006172484318486
0.00005092267641243332
0.00000000318478232325
0.00000091050331349038
0.00000000081652050688
0.00000284166404511428
0.00000001097076020017
0.00001174990435863115
0.00000004751431093873
0.00012638416077182052
0.00000006346775092550
0.01107496692702468804
0.00000046750102467926
0.08879761197137742484
0.00004267412292768293
0.02520562664049805800
0.00001622814860292856
2.00000000000000000000
0.00001086701271950703
0.00949906069781765860
0.00001664106357210698
0.01921102806358354462
0.00001783958746439922
0.00207345340685561206
0.00002446968121390872
0.00000000000000204997
0.00000000197940436541
0.00001581817430186146
0.00000125314272572545
0.00024233602641671498
0.00000003419451618352
0.00005450720900706799
0.00000001287418705955
0.00000923077004409644
0.00000000821979450640
0.00000425817833553907
0.00000000878182571899
0.00018772820881417556
0.00669639822103212406
0.00000808714297992536
0.00840953013585723844
0.00000146504567408746
0.02368698972670000008
0.00002368698972669999
0.00337593887643067402
0.00000337593887643067
0.00001881082587855849
0.00000043015080686058
0.00002004905335329281
0.00000000041140327149
0.00000852840629042454
0.00000001349083165481
0.00004334308885425650
0.00000005449258771935
0.00013185831743906420
0.00000065125668591851
0.00247384172360511008
0.00000905121437992553
0.02114310226310834468
0.00000182565590065950
0.00055797644503387512
0.00000047901280838456
0.00023609908328085704
0.00001181206210565601
2.00000000000000000000
0.00004092487320920654
0.10121249841735718402
0.00004896185390521278
0.05685727117082069882
0.00000239824409129136
0.07714060014278975424
0.00000000000000000726
0.00005444201121813874
0.00000091105168060252
0.00079461730712612202
0.00000041805902386649
0.00180337137686794720
0.00000000826402556709
0.00004363544559242200
0.00000001793047022933
0.00003554747672283804
0.00000000789888375852
0.00010255716661389902
0.00000086805229616062
0.00000088342219388403
0.00676177965957696404
0.00000362158078726340
0.00164062710227465622
0.00000111325974370710
0.00111325974370710720
0.00001876634348128731
0.01876634348128731628
0.00000063402491983621
0.00016540537445589920
0.00000005091895285833
0.00000378837703709967
0.00000003014724851064
0.00001033935867567931
0.00000002551988695753
0.00000865881415821248
0.00000046522554197381
0.00129404145021875968
0.00000108547409541827
0.00219570425337463402
0.00001605077366322770
0.00054500124515640192
0.00001515781859040977
0.00994756366249375202
0.00000028606277666495
0.01367774533775305060
0.00005421327541337915
2.00000000000000000000
0.00007476606699930845
0.12177261686629008060
0.00011725479852634510
0.00282817578451182804
0.00016070095547198944
0.00000000000003120437
0.00000021235829413346
0.00074708590217671392
0.00000014847611536138
0.00243958242697142048
0.00000291590518872382
0.00027053434993400472
0.00000000013595948703
0.00001640729627833221
0.00000005598486068343
0.00004856038373261276
0.00000005337781148780
0.00010712823884003314
0.00490356190553939924
0.00000004839594831786
0.00180461687876984246
0.00000016210798028188
0.00052443950127925720
0.00000052443950127925
0.00207362038060697526
0.00000207362038060697
0.00287284072458661120
0.00000272383681856542
0.00005429630152831139
0.00000000164136753454
0.00000968314389885954
0.00000002853780316178
0.00007411950931908055
0.00000003208437342860
0.00004384837155748806
0.00000779262634281085
0.00131428994844422688
0.00000176707514668620
0.00719176603202313522
0.00000054274495902153
0.00064854680817798746
0.00000102185348501374
0.00002419215123381840
0.00002247109316637775
0.12573660209451520000
0.00007011546289544562
2.00000000000000000000
0.00013582439281766804
0.12412633329010478484
0.00000481932470750261
0.16309246158508504608
0.00000000000000002509
0.00023411435703829460
0.00000126362590285372
0.00454860375574214584
0.00000231414326836854
0.00088862664661166282
0.00000035419690872269
0.00006068367978173000
0.00000008235355428978
0.00008761214250412478
0.00000005496288282185
0.00007601950097448156
0.00000041768070714854
0.00000121629387325233
0.00012218660615748096
0.00000299434124091602
0.00002036700836547854
0.00000084468510007081
0.00084468510007081786
0.00000058151674181406
0.00058151674181406144
0.00000034638919453295
0.00848825558917141544
0.00000001915645250013
0.00003458525771703925
0.00000000275438091184
0.00022841692064798204
0.00000000354081186662
0.00024329130114816504
0.00000181988713096152
0.00058294906189385480
0.00000007269881669868
0.00019833300380708012
0.00000269454280695219
0.00004597559427558605
0.00000078148134479802
0.00001451589482839882
0.00000043085790381123
0.02713050270984235208
0.00006361353675441796
0.11943263743079548848
0.00014205021199582362
2.00000000000000000000
0.00009214345351960528
0.03015610881644668064
0.00018473096225572636
0.00000000000002755751
0.00000248497880941074
0.01420514946753970246
0.00000006160154247874
0.00019043470312565840
0.00000015158900723583
0.00353343059320405120
0.00000003100844539462
0.00013377569933135202
0.00000005126041079043
0.00016606547659332540
0.00000004340336966413
0.00156645784567888480
0.00555371696630154408
0.00000010178628767285
0.00075372477355412496
0.00000001714762908330
0.00044912110182883848
0.00000044912110182883
0.00317727366661630180
0.00000317727366661630
0.00018615237059113156
0.00000085929860879430
0.00090003135258648202
0.00000006596655910490
0.00003084640873849451
0.00000023223193527083
0.00069354339309910458
0.00000088277228928178
0.00843151810536086568
0.00000302653304617522
0.00016802958177427248
0.00000041084207214036
0.00294906901591839386
0.00000092327881184322
0.00264741706260784320
0.00000042386525406833
0.00041396482345483592
0.00002036248156103465
0.05970577811370165884
0.00009294856108053790
0.10492203435678596262
0.00007447373716901440
2.00000000000000000000
0.00008466653773357325
0.10354594879237702402
0.00000000000000001104
0.00294391725224308008
0.00000023816991560561
0.00014530525128379056
0.00000007469739705099
0.00155329881125011008
0.00001525779053725651
0.00016299392132340556
0.00000184814950285116
0.00030046922369201098
0.00000204474862500302
0.00222900153624370980
0.00000180323632638352
0.00000021085912165267
0.00034506978237794538
0.00000031299537347612
0.00003393301568552546
0.00000023607117864868
0.00023607117864868284
0.00000258602619795516
0.00258602619795516202
0.00000043418844511973
0.01216112834493436486
0.00000032757570716859
0.00017979941857469360
0.00000186208417063211
0.00167026557819325504
0.00000012097667452338
0.01100329217644870242
0.00001114694112678415
0.00074094870471082624
0.00000000448814712298
0.00050074838879484720
0.00000021483298219030
0.00046886596987880858
0.00000065177466764469
0.00049533554217113946
0.00000029952390547273
0.00476810512973657920
0.00000507375367077629
0.00451672958692922806
0.00000820719230189741
0.04910430955583228064
0.00017057581125267828
2.00000000000000000000
0.00003930622302773892
0.00000000000003995323
0.00000180757321100466
0.00000321858152253595
0.00000013003700668874
0.00008432976008916378
0.00000078435268552964
0.00895077380241503046
0.00000209327243809881
0.00211365710453591040
0.00000045380460972806
0.00032798420273941940
0.00000403054231351845
0.00056584511731076512
0.00393258240670209060
0.00000017508510701292
0.00122686574511232522
0.00000000461576683257
0.00029137151944071096
0.00000029137151944071
0.00073339670390613696
0.00000073339670390613
0.00004707486100714616
0.00000347152616850155
0.00021816326676733520
0.00000003070314600556
0.00264187476541498004
0.00000436852101234208
0.00028125985316070498
0.00000412780998124037
0.00308066447528823124
0.00000137836900480255
0.00004418156019866794
0.00000018186845523841
0.00392367832117985280
0.00000045950996197286
0.00124941694460756240
0.00000018711912448958
0.00017309963724424576
0.00002398758819067159
0.06957059856078801846
0.00010940643862269210
0.11839927415382602648
0.00012823032140524270
0.08892942576967382440
0.00001675591101361518
2.00000000000000000000
0.00000000000000009262
0.00055066670532369472
0.00000067433279513755
0.00004091901918572784
0.00000005443536654609
0.00059791599025272280
0.00000503753873711494
0.00062448285439431946
0.00000300260237519580
0.00040470677974318576
0.00000179340699657552
0.00074334805625274554
0.00000610600565416768
0.00000000000000000128
0.00000000000000065313
0.00000000000000000068
0.00000000000000000146
0.00000000000000000003
0.00000000000000003589
0.00000000000000000110
0.00000000000000110418
0.00000000000000000077
0.00000000000007657313
0.00000000000000010720
0.00000000000002710727
0.00000000000000006776
0.00000000000002386427
0.00000000000000000513
0.00000000000000050624
0.00000000000000000243
0.00000000000000834714
0.00000000000000000009
0.00000000000000001356
0.00000000000000000137
0.00000000000000001073
0.00000000000000000051
0.00000000000000017957
0.00000000000000000013
0.00000000000000397281
0.00000000000000001295
0.00000000000004199818
0.00000000000000003602
0.00000000000003781653
0.00000000000000001875
0.00000000000003367047
0.00000000000000018310
2.00000000000000000000
0.00000000000000008141
0.00000000000000048749
0.00000000000000000014
0.00000000000000025882
0.00000000000000000582
0.00000000000000012352
0.00000000000000000826
0.00000000000001052785
0.00000000000000007101
0.00000000000000447941
0.00000000000000001237
0.00000000000000197100
0.00000679284242715987
0.00000001044750475270
0.00000049643615165771
0.00000000083971246217
0.00000011749234254969
0.00000000011749234254
0.00001511288008876631
0.00000001511288008876
0.00018441685893460060
0.00012644610393967956
0.00001086164324635447
0.00000003194737744074
0.00001744735599148055
0.00000002444082399350
0.00003680360143048767
0.00000006791619612256
0.00128520594107730848
0.00000003403622737010
0.00001298164404293023
0.00000000376576259927
0.00000156433703943186
0.00000000130554990697
0.00002939563493583710
0.00000001047498553122
0.00000096405584393848
0.00000000268825887528
0.00006802290560464316
0.00000020029584575747
0.00023546235941495744
0.00000238974752021568
0.00350280746355153784
0.00000106753204165198
0.00076289911373251024
0.00000000000000005705
2.00000000000000000000
0.00000047302297884235
0.00000006902061172474
0.00000000357142896004
0.00015745526377186448
0.00000287633843750215
0.00002663224307297531
0.00000031273467225786
0.00001379055928474129
0.00000015890970576949
0.00022739027382418912
0.00000021509553256952
0.00000048814313613708
0.00000092089641551829
0.00000001064417417309
0.00000204687632395529
0.00000004597210927372
0.00004597210927372269
0.00000021859854900665
0.00021859854900665858
0.00006679878501123882
0.00065039478420569192
0.00000000878201440686
0.00000031960490042084
0.00000000163222440555
0.00002311104680745390
0.00000000319185348157
0.00004901670336347553
0.00000015636710162887
0.00731031374792432808
0.00000010470636888543
0.00005150071508556400
0.00000000877718551651
0.00000005112052504704
0.00000017056591689764
0.00022828081776118820
0.00000002267611801364
0.00002493739683020047
0.00000132136325856645
0.00081795883934388144
0.00000147526540638363
0.01585744934251127888
0.00000032895444976526
0.00000220651930523152
0.00000108445308366177
0.00000000000000039656
0.00000054908607964722
2.00000000000000000000
0.00000100174842505105
0.00027417850211249472
0.00000383621437635658
0.00055719438147833312
0.00000000293979727530
0.00003430530918595367
0.00000000388916190244
0.00001954172257997052
0.00000002085416292438
0.00059217659956916952
0.00139093923302680224
0.00000137802121882567
0.00006565778116539355
0.00000000986506271822
0.00130406698385799024
0.00000130406698385799
0.04010694800614102408
0.00004010694800614102
0.00052420124536701480
0.00000001334227646238
0.00000619391696885292
0.00000000114168356001
0.00000055123043714364
0.00000001080878029089
0.00000267884253727826
0.00000000409535569226
0.00001602917038569585
0.00000077614528020386
0.00077980321315765754
0.00000007933248866466
0.00022370207576663618
0.00000035921133597697
0.00132111676872697786
0.00000094998636390552
0.00062063963215820720
0.00000206487172766309
0.00120457824126659008
0.00000016990857056602
0.00555044144585864404
0.00000007187484030367
0.00020976254979139600
0.00000009317683678197
0.00006877957419183124
0.00000000000000000012
0.00000008374035159625
0.00000104702354801368
2.00000000000000000000
0.00000067803072995191
0.00053984391550009626
0.00000002197204983536
0.00000340023149710639
0.00000001312779167397
0.00000773733057046746
0.00000000889184369732
0.00001937179334156457
0.00000007591417631831
0.00000026143397141366
0.00046308188349489146
0.00000173236244818243
0.00003847563175221857
0.00000015059985593910
0.00015059985593910996
0.00000302327795435440
0.00302327795435440724
0.00000028868078147453
0.00000222320869579786
0.00000000610664659636
0.00000013260582566677
0.00000000109604649841
0.00001190970485453586
0.00000000484074655883
0.00001954305182391303
0.00000006200163732750
0.00024515969348705020
0.00001800933506198948
0.00078385419569672016
0.00000005491026292386
0.00002960603143878941
0.00000062260696331006
0.00019214686484427940
0.00000007297182004019
0.00080491195965012720
0.00000127747512903230
0.00562745516398335926
0.00000569216551352768
0.00044788782433670744
0.00000021736517713067
0.00012180348683602258
0.00000018443921984071
0.00000000000000044359
0.00000000873445575443
0.00057765566634325226
0.00000136674418538572
2.00000000000000000000
0.00000042734921150408
0.00003137243606187040
0.00000000726514090633
0.00002792651366944961
0.00000000482912856293
0.00001891107606598758
0.00000001112976537696
0.00004986436987896981
0.00058185257436112152
0.00000004310241884932
0.00009644797809274376
0.00000002705207400849
0.00006110687270400055
0.00000006110687270400
0.00512536365422575040
0.00000512536365422575
0.00138842178739005088
0.00000100998730391566
0.00001958216953864231
0.00000000407566594987
0.00000082195977347574
0.00000011192755624349
0.00003296394726667397
0.00000003981710050516
0.00096656259710510144
0.00030003582246090960
0.00045839383724006106
0.00000014660819080479
0.00015231412905000380
0.00000001385571195957
0.00026127592343916472
0.00000030855326087600
0.00001447011275313832
0.00000006594091878415
0.00319939717267689044
0.00000390515322482069
0.00126903833693775786
0.00000020699459477272
0.00262426473141375008
0.00000065774624418618
0.00117619797093921984
0.00000000000000000579
0.00022357289476977204
0.00000469252548314029
0.00063179211456809000
0.00000024811386836165
2.00000000000000000000
0.00000120733196472061
0.00000964263754370985
0.00000004626381865970
0.00006278565619664564
0.00000004489927408122
0.00001579852233869756
0.00000211825830936520
0.00000004139638082932
0.00000187049848731609
0.00000000024729527736
0.00000155427814384528
0.00000000549316271643
0.00000549316271643093
0.00000008170349312835
0.00008170349312835835
0.00000004332828368710
0.01299802405871939624
0.00000001073131204079
0.00001088697042985500
0.00000000723846720105
0.00006687486166752434
0.00000017623214429240
0.00026368700207286344
0.00006183873359187636
0.00055101235416698944
0.00000000413477584439
0.00000212426346414652
0.00000000281192762183
0.00000494861761718453
0.00000011707161693209
0.00001274497037481906
0.00000000348509032206
0.00005517302297605744
0.00000000769571437920
0.00019017849225065452
0.00000026550608622410
0.00253257412466922964
0.00001353064770974391
0.00393986984854086242
0.00000520155219571421
0.00000000000000006451
0.00000214376045492005
0.00035775425188689018
0.00000001349742335250
0.00000956072177515654
0.00000063372523806052
2.00000000000000000000
0.00000001286826583953
0.00012734125376170312
0.00000005717320852127
0.00004356581745421619
0.00000019164935740353
0.18693043315086976006
0.00000103479555926262
0.00000000105029744693
0.00000601035871348799
0.00000000147680901071
0.00000038491332283030
0.00000000038491332283
0.00000790465296338225
0.00000000790465296338
0.00000524670252753032
0.00000019629889746572
0.00903309957741009604
0.00000038916710566284
0.00118639854837243360
0.00000711430776851423
0.01911900764182319686
0.00001802432730622924
0.00019614051880444818
0.00000000151799018587
0.00000227225099063796
0.00000000036347121098
0.00000173689645414043
0.00000000011433886224
0.00000220061041316893
0.00000000095104947117
0.00000012447561667340
0.00000001986236352896
0.00006193483430595210
0.00000000014567558737
0.00006933298503216519
0.00000003387535616545
0.00022031122360316624
0.00000140438222691711
0.00098281857803924784
0.00000000000000000657
0.00003025396447597965
0.00000000287695941060
0.00000318366275491034
0.00000000337461906039
0.00000771451135909429
0.00000001961364454487
2.00000000000000000000
0.00000014098178582784
0.00294277225542090408
0.00005374651022273340
0.00472625605848665600
0.00000003623499138175
0.00000000696658731761
0.00000100018282026426
0.00000000800802141754
0.00000250686496047350
0.00000000038548255317
0.00000038548255317624
0.00000002315301501972
0.00002315301501972885
0.00000004885453398546
0.00006572438101478124
0.00002125694957131099
0.02456244731187809848
0.00000656400747240115
0.06137636166112621804
0.00019721684579326152
0.00293395038441068002
0.00000027952022142484
0.00008828234646896638
0.00000000770400584211
0.00000445361141259268
0.00000000283979869585
0.00000374501721698395
0.00000000575812043428
0.00000612787041083852
0.00000000334770379590
0.00001410283001531961
0.00000002520254924893
0.00001740890715529857
0.00000009317675171686
0.00014472325930087450
0.00000247377127494277
0.00140427230656721642
0.00000467959092559905
0.00000000000000829964
0.00000035180969873517
0.00003324565682669765
0.00000001217215502863
0.00001284560795867670
0.00000003665314842395
0.00019220497546189844
0.00000013961119215274
2.00000000000000000000
0.00001483499686381393
0.25847450957231744006
0.00001356367319405475
0.00053432819286159520
0.00000979838076504895
0.00000000146020289074
0.00000062517913229771
0.00000000095192587665
0.00000088195783412005
0.00000000088195783412
0.00007792046799832450
0.00000007792046799832
0.00000175540832371608
0.00000009396301393207
0.01169369633862035044
0.00008001361933423124
0.10629484776633864082
0.00002095888962716435
0.01233510605901833608
0.00000107656748816662
0.00005340359422175897
0.00000008060439386720
0.00000339182544219016
0.00000000183916626316
0.00000440053434637738
0.00000000116194025686
0.00000430918982422607
0.00000000223085872152
0.00000178939052739345
0.00000001337864963312
0.00005322853975690536
0.00000006328314745225
0.00010560208676180102
0.00000005907805211603
0.00042845520000343176
0.00000032119492996606
0.00067194469090522026
0.00000000000000005964
0.00001652709924489779
0.00000000401524993071
0.00000764275488992568
0.00000000236640835304
0.00005299235581158289
0.00000009193291907569
0.00310453715347287522
0.00001580412440104215
2.00000000000000000000
0.00000302003405540741
0.00187310385491709440
0.00000030033513332176
0.00000001041258995819
0.00000164216959649264
0.00000000083179213451
0.00000059374943706413
0.00000000087887162855
0.00000087887162855874
0.00000004379978923362
0.00004379978923362425
0.00000002547580687073
0.00007971348060164051
0.00000615556715890199
0.00431885642522906806
0.00000200784804175987
0.07021267771588564082
0.00005848420441020445
0.00241117884105837962
0.00000018054506480190
0.00006743017806704855
0.00000000330661472379
0.00000347233679287757
0.00000000291236691082
0.00000284675607812818
0.00000000676526475745
0.00000287798777196934
0.00000000336097914407
0.00000648371067806760
0.00000001106496278130
0.00005135089771788818
0.00000006197637403280
0.00017904900119983344
0.00000272768244767344
0.00021717066734820280
0.00000278561035294828
0.00000000000000351942
0.00000017816140956247
0.00001887417011939475
0.00000000821673083614
0.00000866933179564529
0.00000003545198605726
0.00006553492601243989
0.00005304432661470920
0.25760195922183152046
0.00000282527223427928
2.00000000000000000000
0.00001822035247584747
0.00044616645510808376
0.00005045629398572415
0.00000000940471042360
0.00003489995483655525
0.00000000898876084507
0.00000321871392134618
0.00000000321871392134
0.00015406604629274124
0.00000015406604629274
0.00001836126284862622
0.00000030278977559265
0.00056012382485143192
0.00000309558996301571
0.00017778446407521820
0.00001471636357390762
0.02202823537961379624
0.00005763559668776289
0.00002666344500559230
0.00000005075854758313
0.00000274935916049895
0.00000000876284780110
0.00000091530412762717
0.00000000036985119111
0.00000778477698338884
0.00000000027709726546
0.00000207338961490000
0.00000001561117181354
0.00016772629630359544
0.00000006589881458405
0.00010007660944984152
0.00000005463449116145
0.00347148394036395564
0.00000311575020745618
0.00134798365664514640
0.00000000000000001135
0.00029763637712340780
0.00000002351520082961
0.00002089911888028078
0.00000000595670785641
0.00001456359614801777
0.00000033657760974459
0.00544573903123234806
0.00001578191381916398
0.00204579082804457120
0.00002127196857039032
2.00000000000000000000
0.00000015269784085326
0.00000064190629548604
0.00006808904522016145
0.00000003008200014439
0.00000275223657141785
0.00000000635158602774
0.00000635158602774701
0.00000033332760150470
0.00033332760150470858
0.00000026936671168170
0.00066538712474276298
0.00000013446590505666
0.00003161012447209137
0.00000000094601678364
0.00058575217284075786
0.00000013047372022287
0.00003990261723476419
0.00026097598152375858
0.00015560756666969844
0.00000000634822741494
0.00004667113272612812
0.00000003422266902683
0.00002154511243787962
0.00000001878181362918
0.00002668178142537142
0.00000002068355497476
0.00028825149357280760
0.00000122623123298663
0.00011423840858135910
0.00000047494500514090
0.00170315238688056628
0.00000242576530807786
0.00037782271180937538
0.00000956403064555430
0.00000000000000156163
0.00000024318504041182
0.00057676448746071866
0.00000007074119202133
0.00002305164736951379
0.00000168664008564029
0.28356276804878472422
0.00000003606276991440
0.00053700926685862000
0.00000028333279705999
0.00044992400371066400
0.00000013189375614749
2.00000000000000000000
