30
24
10.0
8.0
0.00010000000000000000
10.00000000000000000406
10.00000000000000000406
10.00000000000000000406
10.00000000000000000406
10.00000000000000000406
10.00000000000000000406
10.00000000000000000406
10.00000000000000000406
10.00000000000000000406
10.00000000000000000406
10.00000000000000000406
10.00000000000000000406
10.00000000000000000406
10.00000000000000000406
10.00000000000000000406
10.00000000000000000406
10.00000000000000000406
10.00000000000000000406
10.00000000000000000406
10.00000000000000000406
10.00000000000000000406
10.00000000000000000406
10.00000000000000000406
10.00000000000000000406
0.50000000000000000000
0.50000000000000000000
0.50000000000000000000
0.50000000000000000000
0.50000000000000000000
0.50000000000000000000
0.50000000000000000000
0.50000000000000000000
0.50000000000000000000
0.50000000000000000000
0.50000000000000000000
0.50000000000000000000
0.50000000000000000000
0.50000000000000000000
0.50000000000000000000
0.50000000000000000000
0.50000000000000000000
0.50000000000000000000
0.50000000000000000000
0.50000000000000000000
0.50000000000000000000
0.50000000000000000000
0.50000000000000000000
0.50000000000000000000
0.50000000000000000000
0.50000000000000000000
0.50000000000000000000
0.50000000000000000000
0.50000000000000000000
0.50000000000000000000
0.50000000000000000000
0.50000000000000000000
0.50000000000000000000
0.50000000000000000000
0.50000000000000000000
0.50000000000000000000
0.50000000000000000000
0.50000000000000000000
0.50000000000000000000
0.50000000000000000000
0.50000000000000000000
0.50000000000000000000
0.50000000000000000000
0.50000000000000000000
0.50000000000000000000
0.50000000000000000000
0.50000000000000000000
0.50000000000000000000
0.50000000000000000000
0.50000000000000000000
0.50000000000000000000
0.50000000000000000000
0.50000000000000000000
0.50000000000000000000
0.50000000000000000000
0.50000000000000000000
0.50000000000000000000
0.50000000000000000000
0.50000000000000000000
0.50000000000000000000
0.10000000000000000000
0.00000377384829795778
0.00000000298269768678
0.00000057336196783151
0.00050551415782579658
0.00000172641109823615
0.00000000063937142152
0.00000457786709021860
0.00075856882651612288
0.00000001376206276652
0.00000000002549177294
0.00000000949212364699
0.00000683340909992196
0.00000003615354238213
0.00000000000692282314
0.00000002347005781163
0.00030829659795645900
0.00000054367249380829
0.00000000012534704605
0.00000002932340449762
0.00003450347520710654
0.00000000488767564590
0.00000000000592576254
0.00000002095557073473
0.00001387135786500433
0.00000039574144820705
0.00000000143112657749
0.00000356928669326898
0.01439002290978230242
0.00000011210413355137
0.00000000046791302315
0.00000742965493964898
0.00711491993489960588
0.00000881414230660248
0.00000000001163018013
0.00000009853204202760
0.00004350109950876977
0.00000002540189787220
0.00000000000656888922
0.00000000536821426072
0.00000992902755742836
0.00000000848847296979
0.00000000010589515323
0.00000003407883734618
0.00016891424159949512
0.00000041741822743226
0.00000000032892199980
0.00000027816068171863
0.00077373431026488560
0.00000000869889831636
0.00000000003373817786
0.00000002344446069787
0.00001861712298644108
0.00000273531099818066
0.00000347406500146245
0.10000000000000000000
0.00000156958637823922
0.00000000130029223689
0.00000526430861208990
0.00175530622289645622
0.00000010201745845821
0.00000000040918078325
0.00000045111228533435
0.00002889358177191696
0.00000000448454536157
0.00000000000884538248
0.00000000697140961998
0.00000603225298395256
0.00000001518128382822
0.00000000001552860282
0.00000000107210436347
0.00029589516621116776
0.00000052526695637599
0.00000000013358608405
0.00000002997934786046
0.00004133979892358140
0.00000001234132297543
0.00000000000487533259
0.00000001109589758145
0.00047628672415135560
0.00000077139804129640
0.00000000213335102941
0.00000270135307427152
0.00000343228110146761
0.00000669192348610780
0.00000001047066956876
0.00000335278084405458
0.00305697225428373804
0.00000003608449614923
0.00000000002001341837
0.00000000627130848544
0.00004971187220255151
0.00000001842748412260
0.00000000003221568103
0.00000003175373419721
0.00003793162540089204
0.00000001516927254458
0.00000000015844020204
0.00000008212171142361
0.00006789297375612579
0.00000023306763272283
0.00000000073289043288
0.00000069969234551432
0.00000102913389780148
0.00000000045313362925
0.00000000002482724517
0.00000009393009177715
0.00003728806251513760
0.00000000551204798509
0.00000315090617648099
0.10000000000000000000
0.00000000000877121631
0.00000000016886360840
0.00000047368350634728
0.00021210884457446788
0.00000000000036427518
0.00000000015715944808
0.00000000062843399580
0.00000021051274478920
0.00000000000000248966
0.00000000000119165418
0.00000001336754538619
0.00000455918722575511
0.00000000000003509118
0.00000000003007431053
0.00000001406500295922
0.00004202991863079712
0.00000000000011716521
0.00000000001009635352
0.00000000520781230066
0.00001113531195510575
0.00000000000004000014
0.00000000001971296790
0.00000006591840719125
0.00001165815018886621
0.00000000000000759798
0.00000000227659429301
0.00000000011938794896
0.00343620061070836800
0.00000000001569174534
0.00000000053041761540
0.00002203774970227007
0.00001380850102906351
0.00000000000000460210
0.00000000000066761903
0.00000000536706732546
0.00000405800520962004
0.00000000000000351524
0.00000000000040093988
0.00000000837367522340
0.00001759346396188950
0.00000000000000971729
0.00000000004121965573
0.00000002581099347112
0.00019516238405095296
0.00000000000004053841
0.00000000003359183636
0.00000001057808607214
0.00004452781902401285
0.00000000000002688611
0.00000000008678092074
0.00000035319152067522
0.00000063648163702566
0.00000000156799424513
0.00000000000526881641
0.10000000000000000000
0.00000114132868142644
0.00000000010345421969
0.00000000000012487863
0.00060271936273458000
0.00000000151772261769
0.00000000001007509463
0.00000000000000026354
0.00000297312683337296
0.00000000186501376344
0.00000000000083078973
0.00000000000000410347
0.00000414926955663343
0.00000002569753838191
0.00000000018457984789
0.00000000000017930817
0.00008977401259972094
0.00000000769792760545
0.00000000001665897805
0.00000000000000476612
0.00000523890246262427
0.00000000882615322279
0.00000000025688751594
0.00000000000011580030
0.00003527523861480981
0.00000013376512733119
0.00000000001235082755
0.00000000000288518080
0.00803253140930846988
0.00001073810431329062
0.00000000587665127487
0.00000000000000255195
0.00002490784505810879
0.00000000406815002495
0.00000000001245004701
0.00000000000000313290
0.00000507474026001875
0.00000000069289551466
0.00000000000717853532
0.00000000000000763909
0.00002383639277405132
0.00000003606780208182
0.00000000001988756262
0.00000000000014829809
0.00015815193713017920
0.00000004063571141933
0.00000000000035478317
0.00000000000000212195
0.00000743322368790329
0.00000022049497443509
0.00000000022393983206
0.00039922044091616944
0.00000451613885177994
0.00000000007216253144
0.00000081195728252111
0.10000000000000000000
0.00000486056353187907
0.00000000042274857150
0.00000033213136960014
0.00038982946831848538
0.00000005878538358038
0.00000000000847804609
0.00000001072992928512
0.00000129976800964301
0.00000006056852293308
0.00000000002649995090
0.00000019696473328225
0.00009983574096901178
0.00000051414637923343
0.00000000149526321063
0.00000136999765590144
0.00003268694865443918
0.00000005812095819653
0.00000000001766650509
0.00000002760995086071
0.00004037528990844141
0.00000162453639022103
0.00000000149644576679
0.00000217741930538574
0.00008217299961371231
0.00000014653972909634
0.00000000005811656635
0.00000210308130532159
0.00351220772623419244
0.00000073232427910364
0.00000000003467431177
0.00000010401600520266
0.00006738609570671414
0.00000004476510066225
0.00000000004303958871
0.00000002051137650075
0.00001593378576345033
0.00000012139886940733
0.00000000004019711129
0.00000015063194326993
0.00129943728003327104
0.00000002808954431488
0.00000000085015935180
0.00000055407760053671
0.00028525461398783320
0.00000000178530624206
0.00000000001650081664
0.00000002651966988250
0.00068105134950352058
0.00000002577212989958
0.00000243700871941855
0.00269161075270451604
0.00000036182400329800
0.00000000013155400578
0.00000868800458200971
0.10000000000000000000
0.00001304393488264937
0.00000000955878174340
0.00001076216439911790
0.00009652174106426490
0.00000007577654420704
0.00000000004779600912
0.00000000166416824994
0.00007035162961205072
0.00000010960067798040
0.00000000106791869667
0.00000044167900511410
0.00001984530552305639
0.00000009312936225406
0.00000000334146002417
0.00000013473041151930
0.00018513190988693858
0.00000030405344538102
0.00000000094544785323
0.00000041563858497906
0.00002815374571612849
0.00000052852602345876
0.00000000269999672828
0.00000203980845961976
0.00021554132571230376
0.00000258757870084691
0.00000000278839863460
0.00000237655055801420
0.00114953004622317482
0.00000023815445799301
0.00000000012661738571
0.00000001486045353525
0.00005946501188360138
0.00000013772112781409
0.00000000000992841207
0.00000001630693423089
0.00063916028443981866
0.00000014284976723536
0.00000000075545580202
0.00000627349359865531
0.00016404736396966060
0.00000769109542470651
0.00000000253477979179
0.00000104344194084833
0.00022820664897531840
0.00000096225906628075
0.00000000069970294156
0.00000083056899220103
0.01346421545236396484
0.00000000107278046210
0.00000018594248601328
0.00019258065565718178
0.00000000000018875078
0.00000000089817370626
0.00001550434391352682
0.10000000000000000000
0.00000000001160995115
0.00000000499837389060
0.00000014368943333178
0.00011388358448640522
0.00000000000007433179
0.00000000000696028881
0.00000027490020421071
0.00000877887252671095
0.00000000000066394332
0.00000000146218961625
0.00000024361839802993
0.00114231627546233568
0.00000000000246544994
0.00000000012228453051
0.00000015202214976840
0.00022377908836397736
0.00000000000050566196
0.00000000014514392549
0.00000004067457475634
0.00396129496780190562
0.00000000000214318757
0.00000000010643394331
0.00000082762492310243
0.00552146474796467200
0.00000000000316675226
0.00000000271567064470
0.00000018621274347272
0.00028188747429851160
0.00000000000032074216
0.00000000025546008412
0.00000000128647124065
0.00007006928890180621
0.00000000000001667553
0.00000000015474400760
0.00000007794931677182
0.00018466534721460080
0.00000000000028541980
0.00000000382107026282
0.00000036221869322333
0.00448801960641960184
0.00000000000072724598
0.00000000130659550225
0.00000017304582881554
0.00049987888793088426
0.00000000000057438239
0.00000000005329137092
0.00000461600700074660
0.00000541256513054155
0.00000000052553504662
0.00000000000023305895
0.00064194541745511298
0.00000049724497783961
0.00000000800625903779
0.00000000000818111906
0.10000000000000000000
0.00001397908684612083
0.00000000000690942064
0.00000000000018315956
0.00000434462196180421
0.00000000092716273205
0.00000000013178772487
0.00000000000003890924
0.00037279405659675472
0.00000008181151015113
0.00000000012311454230
0.00000000000102666092
0.00236510155723936986
0.00000016093632802502
0.00000000011649961379
0.00000000000017916821
0.00063189480269593706
0.00000035652984828832
0.00000000015028897589
0.00000000000107574145
0.00010412288527577332
0.00000160667517581425
0.00000000010203633751
0.00000000000178243955
0.00113147241987954848
0.00000517500145084092
0.00000000047464650601
0.00000000000011273768
0.00028049883692292592
0.00000005054435077020
0.00000000002221561636
0.00000000000000987166
0.00001139228719171931
0.00000001404301503222
0.00000000019762411507
0.00000000000015449219
0.00057589338117317080
0.00000224727947573709
0.00000000097334041956
0.00000000000655332144
0.00079996336137437200
0.00000179046061618977
0.00000000018013538803
0.00000000000068921868
0.00043405759230314218
0.00000000190520317251
0.00000002996785054588
0.00103740517007124144
0.00000067016936221308
0.00000000011630279701
0.00000000186977275150
0.00067506973132432920
0.00001042653906509620
0.00000000407403279820
0.00001616933890833370
0.10000000000000000000
0.00000003742340278498
0.00000000028613282150
0.00000002230053643660
0.00001045601302900253
0.00000020226634006786
0.00000000000338526390
0.00000024753566690318
0.00046077110072407312
0.00000115481958581519
0.00000000340633016057
0.00000079017177010735
0.00058833627651032752
0.00000008510757673989
0.00000000017672683629
0.00000039838607627623
0.00014237529821508970
0.00000134326479808652
0.00000000922384292009
0.00000381445076073623
0.00048047105579524858
0.00000021086739826004
0.00000000102730303678
0.00000102094844560290
0.00142774781478907968
0.00000048361066160937
0.00000000020858252574
0.00000014004684306047
0.00025552947525347180
0.00000007025965968581
0.00000000003659369095
0.00000014116917272061
0.00030803237087387996
0.00000000153501561042
0.00000000003505630448
0.00000050388178062081
0.00275814292341489380
0.00000162068454359901
0.00000000268019443853
0.00000091031281666981
0.00695985180340087602
0.00000020685784208747
0.00000000060627604618
0.00000058092551126147
0.00027093598889435004
0.00001902882105954143
0.00000001600401065064
0.00003650002634383589
0.00000000039545877418
0.00000000001055449443
0.00000008656357959120
0.00007951655947987861
0.00000009958925751774
0.00000000000679589993
0.00000003182256298080
0.10000000000000000000
0.00001429028526029701
0.00000000004831138494
0.00000001693292139493
0.00007465028659305360
0.00000022727557570764
0.00000000033070677106
0.00000002955961474573
0.00031545350928135700
0.00000062586540514448
0.00000000138311121084
0.00000000489089155547
0.00004848543699705976
0.00000004943300709375
0.00000000012034227705
0.00000005442489769338
0.00218803284777332884
0.00000038770314149110
0.00000000015112892257
0.00000000013210035040
0.00276613078652431968
0.00000001164246062596
0.00000000002982479126
0.00000001513133568126
0.00000230146413035460
0.00001653058101388956
0.00000001487178731855
0.00000651749330106485
0.00046443329795238800
0.00000001956951094725
0.00000000160858416599
0.00000064353784352418
0.00009280076917467582
0.00000014441032255127
0.00000000016961306329
0.00000059227793827652
0.00210973337278015286
0.00000182616281842744
0.00000000018547732906
0.00000029253573036418
0.00002986570277197678
0.00000010179015953650
0.00000000011125451357
0.00000000995654015058
0.00001962922581141271
0.00000000002066323872
0.00000000394878302486
0.00000009233641164889
0.00000000000000019243
0.00000000000870191182
0.00000004351312587274
0.00005501762573181406
0.00000000000012557060
0.00000000016959483128
0.00000996079385592631
0.10000000000000000000
0.00000000000006970193
0.00000000002693269245
0.00000001560498431628
0.00000697346699618409
0.00000000000005668302
0.00000000009999295560
0.00000093338329211253
0.00040157351713843952
0.00000000000303596353
0.00000000004166768014
0.00000002115773818787
0.00000388698120660871
0.00000000000000429531
0.00000000002508848727
0.00000259831648566852
0.00028562226800808244
0.00000000000004355397
0.00000000000641614544
0.00001859250187483352
0.00005405080570739282
0.00000000000005989733
0.00000000000889187747
0.00000000310632326443
0.00207310956325168000
0.00000000001353929858
0.00000000156104372280
0.00000006787489481636
0.00001849614564242150
0.00000000000021110836
0.00000000019998512626
0.00000002207959439261
0.00024735406899978912
0.00000000000012131314
0.00000000016719387992
0.00000053037952691888
0.00102214630475546384
0.00000000000034646338
0.00000000000756140148
0.00000000211318340375
0.00001158156236034296
0.00000000000000595536
0.00000000000064238346
0.00000008841013447565
0.00000000963943581299
0.00000000000975778723
0.00000000000000136812
0.00000271984822013760
0.00000001379766645495
0.00000000003438483942
0.00000000000004498888
0.00000373164452593778
0.00000001655961068578
0.00000000004218833822
0.00000000000008732421
0.10000000000000000000
0.00000473179091844688
0.00000000842587871072
0.00000000000038343384
0.00019371850296953978
0.00000003027785755314
0.00000000019332050025
0.00000000000032190254
0.00017687317423580736
0.00000010282545564944
0.00000000020657568741
0.00000000000005290597
0.00004075885080778732
0.00000008268631305851
0.00000000091066835409
0.00000000000001510818
0.00006379238814590752
0.00000000287248012998
0.00000000004814134707
0.00000000000000510380
0.00001160105912678583
0.00000002130878533989
0.00000000000755540256
0.00000000000001375621
0.00012711378251063622
0.00000004084336039474
0.00000000522125747144
0.00000000000774345865
0.00271599713016498240
0.00000090962605695833
0.00000000211897129028
0.00000000000094600074
0.00178290872160366506
0.00000041246820791934
0.00000000080787461738
0.00000000000025333094
0.00008014643623206512
0.00000016320799104767
0.00000000000297949075
0.00000000000000611527
0.00008650363336941681
0.00000000115418099747
0.00000000016888554791
0.00000613728305107776
0.00000000680151768046
0.00000000000057914221
0.00000000150891152760
0.00000147817253538580
0.00000000105882234974
0.00000000000372570408
0.00000000070429522260
0.00000686675307631811
0.00000001307751800269
0.00000000002984146582
0.00000418481293230679
0.10000000000000000000
0.00000235251344634289
0.00000000061767570123
0.00000440255770800337
0.00050817994089539640
0.00000001676363227708
0.00000000128919348480
0.00000084930717409437
0.00031805408575974660
0.00000036394724861719
0.00000000007454407369
0.00000003798616587483
0.00020158157867444360
0.00000020835236901272
0.00000000000558243314
0.00000001921052572181
0.00000179371441305853
0.00000009548243558428
0.00000000000133703400
0.00000000624544244184
0.00001274647934027588
0.00000000488411885504
0.00000000006133885438
0.00000015035272004919
0.00000362640805560164
0.00001771087769938148
0.00000000683894705321
0.00000127049997485332
0.00011405754244171298
0.00000333824628985872
0.00000000013291461208
0.00000124257436372837
0.00043249762557146600
0.00000124707835552615
0.00000000001752077962
0.00000003242976832614
0.00024830961899611284
0.00000000037329967303
0.00000000002585592528
0.00000011628088501486
0.00000008215755985179
0.00000001272377069173
0.00000003149236370647
0.00000570795377092653
0.00000000630089608065
0.00000000000065191132
0.00000006680699507870
0.00004341259031819988
0.00000014271572541751
0.00000000009709333233
0.00000012883225288354
0.00005591657778719541
0.00000001676947193000
0.00000000722738809719
0.00000228164348134757
0.10000000000000000000
0.00000268045158042163
0.00000000411430697232
0.00000103766684826201
0.00021763423588628698
0.00000049156835910668
0.00000000019901238118
0.00000050276471835788
0.00035136353995727444
0.00000000221732085555
0.00000000009815260499
0.00000036367322902180
0.00021577408712621124
0.00000005803818104106
0.00000000004826476598
0.00000001587365860835
0.00002438144495899252
0.00000000297759873976
0.00000000004695974583
0.00000005709308707814
0.00002751878160316739
0.00000004228810169623
0.00000000001793955890
0.00000003245297392857
0.00477248090960611042
0.00000677481001310045
0.00000000465111082146
0.00000059731167476572
0.00288011725639444320
0.00000024914020120986
0.00000000131100548811
0.00000081380423623048
0.00168528241837697706
0.00000002877261856003
0.00000000007025306671
0.00000065109045129249
0.00003200125622795880
0.00000023165819256443
0.00000000001159060501
0.00000000021397215946
0.00007271772771315206
0.00000000001084606252
0.00000002583710586963
0.00000386520507859220
0.00000000000000579140
0.00000000005257199880
0.00000012164359411575
0.00000819728386400488
0.00000000000005155866
0.00000000000387818016
0.00000030619375989326
0.00001347842868020036
0.00000000000059154948
0.00000000107748355840
0.00000482105883222746
0.10000000000000000000
0.00000000000076131458
0.00000000228045738214
0.00000040521356282184
0.00499889323011627200
0.00000000000035054875
0.00000000009894265056
0.00000024242170775621
0.00005429393986607525
0.00000000000010823302
0.00000000018418164435
0.00000290054777653910
0.00000336334161364652
0.00000000000008114928
0.00000000000989165913
0.00000011035886929496
0.00000255160033822781
0.00000000000001638577
0.00000000007911983815
0.00000002019556862046
0.00026366418337186556
0.00000000000017253121
0.00000000002578915684
0.00000501700876121794
0.00056417365775214186
0.00000000001552901235
0.00000004204728068076
0.00000199711089601497
0.00016287425416035388
0.00000000000014646076
0.00000000026381738374
0.00000023491153208285
0.00025180483805127936
0.00000000000000697232
0.00000000197612966091
0.00000001425110406013
0.00007205483789170149
0.00000000000007300917
0.00000000001454401566
0.00000006605891641895
0.00000004725103072956
0.00000000003396065106
0.00000000000003822886
0.00000752509142027346
0.00000050211841918361
0.00000000152307908155
0.00000000000079665539
0.00063478426264762352
0.00000036440262344662
0.00000000057252560817
0.00000000000014078352
0.00038404313167672440
0.00000986877966653036
0.00000000950910005417
0.00000000000097830080
0.10000000000000000000
0.00000442270847599773
0.00000000149042325197
0.00000000000538972193
0.00083107598012820186
0.00000127189739342465
0.00000000192394275829
0.00000000000054869999
0.00034075560786179044
0.00000080082545348717
0.00000000085103770455
0.00000000000001837353
0.00101211466162754064
0.00000008057950018794
0.00000000018887862761
0.00000000000001854652
0.00007151727162246360
0.00000034162020898076
0.00000000011485133659
0.00000000000009316920
0.00005595553527809364
0.00000003623781029828
0.00000000490534846857
0.00000000000451280075
0.00010360151877961376
0.00000048720155182122
0.00000000765688347703
0.00000000000233779863
0.00173078038171737120
0.00000001435031426879
0.00000000577765689982
0.00000000000371986390
0.00047966673247300258
0.00000763167788586020
0.00000000000957043089
0.00000000000004610469
0.00095247638923703920
0.00000002201187296458
0.00000000235173833297
0.00028348082345903592
0.00000000107087434720
0.00000000001496397179
0.00000002128577564227
0.00011624159278635416
0.00000028770595118332
0.00000000080131083243
0.00000006362523609535
0.00030980382052360444
0.00000002337267527952
0.00000000011342949728
0.00000002741522823391
0.00052027593694492112
0.00000109536407561965
0.00000000133840653078
0.00000201997567560293
0.10000000000000000000
0.00000082040940859102
0.00000000573763604191
0.00000022741115060917
0.00007270712818049925
0.00000014205967756469
0.00000000039018767881
0.00000077634139228696
0.00007950263090795478
0.00000361790491434595
0.00000000076511739838
0.00000122961261949766
0.00003271674823863345
0.00000027185360137217
0.00000000000869233747
0.00000017264545690032
0.00020577056539824404
0.00000005149606205865
0.00000000066585540957
0.00000163117151416085
0.00018675549500327858
0.00000086319239675500
0.00000000009696924874
0.00000100250444913859
0.00017160966072351180
0.00000108364466746533
0.00000000731846438242
0.00000022045092831516
0.00007111546992926842
0.00000116455471222329
0.00000000016132079659
0.00000003109400144946
0.01032409521254672808
0.00000014066161862479
0.00000000059094523055
0.00000100247902314677
0.00004427224886058437
0.00000020635323509021
0.00000064611657699103
0.00038199518718679138
0.00000000904502138605
0.00000000019760631059
0.00000077371471652330
0.00001670776845453123
0.00000017255437320516
0.00000000012374934860
0.00000100353898097653
0.00032237665749230200
0.00000136846972397387
0.00000000022623677626
0.00000002218211315714
0.00029692470624829644
0.00000030737506169460
0.00000000087980416280
0.00000106034990402523
0.10000000000000000000
0.00000072131840663473
0.00000000177520961972
0.00000008591501948122
0.00001351834834848187
0.00000025551903602563
0.00000000070178026393
0.00000016654520098716
0.01053819895054657862
0.00000058182596898208
0.00000000015468675445
0.00000001595630746025
0.00002648985746524218
0.00000005361198719584
0.00000000023790646525
0.00000026383027483137
0.00000299278944769382
0.00000104303063103917
0.00000000186954188865
0.00000036113465486760
0.00021088042496634036
0.00000017345609459676
0.00000000004887624401
0.00000012910372527160
0.00010854134329017616
0.00000089740952797428
0.00000000201509266790
0.00000105416154735812
0.00021746719386527284
0.00000207302281000677
0.00000000098259326561
0.00000421645640980991
0.00012317333302034520
0.00000062807663760258
0.00000000069825349285
0.00000006072895272208
0.00040160342421445712
0.00000000012211715015
0.00000055589035145222
0.00002215732632262309
0.00000000000015736409
0.00000000184459385826
0.00000006427414703673
0.00066327142343252906
0.00000000000084595962
0.00000000242658707532
0.00000052432215122092
0.00048264662062490640
0.00000000000030881524
0.00000000139843384815
0.00000054978397347977
0.00310847623276209964
0.00000000000260814534
0.00000000607911836555
0.00000059131112387211
0.10000000000000000000
0.00000000000188818059
0.00000000091569768621
0.00000110320172444932
0.00004793861321611022
0.00000000000006836045
0.00000000061901985248
0.00000587194236133640
0.00082940681062662186
0.00000000000064427972
0.00000000006479050395
0.00000224998761133573
0.00021607700563450224
0.00000000000020092615
0.00000000029571398672
0.00000032850976787948
0.00031965699038397260
0.00000000000026256995
0.00000000068129656018
0.00000045389572246640
0.00027706645168148898
0.00000000000017394612
0.00000000138526446477
0.00000294595207051413
0.00002736458304059060
0.00000000000072524300
0.00000000178038833140
0.00000431407069227600
0.00247142249334573786
0.00000000000328128303
0.00000000518178260199
0.00000000923287584280
0.00023045958319112400
0.00000000000003587521
0.00000000011941755637
0.00000153276957536114
0.00000003606376983723
0.00000000017846968159
0.00000000000007797433
0.00009946043907451272
0.00000213352191815282
0.00000000291125426211
0.00000000000180715450
0.00246017822199140608
0.00000071059938066633
0.00000000146274470770
0.00000000000460632875
0.00021420542831026924
0.00000116300824151357
0.00000000028098454018
0.00000000000027517963
0.00050769201707557824
0.00000030416800806465
0.00000000183710023040
0.00000000000238362374
0.10000000000000000000
0.00000068112129588803
0.00000000155060475488
0.00000000000040347980
0.00038545664817184072
0.00000075211428133722
0.00000000432159711614
0.00000000000022460263
0.00130984509045585728
0.00000031460477029048
0.00000000929820475490
0.00000000000000746930
0.00009947256570047960
0.00000098426522103417
0.00000000035328056534
0.00000000000412519414
0.00569494607433325860
0.00000031607197233450
0.00000000112945748469
0.00000000000007693662
0.00020755561356400180
0.00000004427835596033
0.00000000040528053186
0.00000000000240500913
0.00437154830007552582
0.00000055568719624542
0.00000000128996054076
0.00000000000944568223
0.00313376037680932984
0.00000320694157855797
0.00000000002720554930
0.00000000000012907790
0.00062863655611944144
0.00000007936581209950
0.00000000261543221361
0.00003639126254558344
0.00000003434811934035
0.00000000000576228958
0.00000000731393522127
0.00004365452003029712
0.00000010066698368654
0.00000000007686845798
0.00000014356494728629
0.00045373940203262144
0.00000000443585171127
0.00000000005421697136
0.00000010679396157084
0.00037350509525569018
0.00000060875799073551
0.00000000006660839320
0.00000066632979546211
0.00008339813161979975
0.00000007624824534056
0.00000000099134276965
0.00000058411991206678
0.10000000000000000000
0.00000262752008357925
0.00000000345463164160
0.00000187300307084245
0.00462568245052512268
0.00000008240603893742
0.00000000020576589354
0.00000019830750410449
0.00000744885923301453
0.00000002835981463682
0.00000000000167163758
0.00000002472175443391
0.00006627491828731280
0.00000000520769846671
0.00000000006395417386
0.00000007764280349679
0.00030034717220024618
0.00000047786999998722
0.00000000000667010966
0.00000002321094849048
0.00003038683807854625
0.00000000473019402388
0.00000000006107348356
0.00000054015247320351
0.00085268966206354688
0.00000237278085993173
0.00000000074413861563
0.00000060150246743354
0.00278198022816549600
0.00000469575293789080
0.00000001368040060105
0.00000547580668933555
0.00002389532233337421
0.00000017976148112400
0.00000000407128673747
0.00003740624989919084
0.00000000234736639848
0.00000000001250030680
0.00000006130312752668
0.00010924403442098972
0.00000007547072941815
0.00000000008207555774
0.00000005183750868557
0.00003472924400161224
0.00000002174203547419
0.00000000016944169624
0.00000033754293441869
0.00033599406401516112
0.00000012888784206057
0.00000000079602064633
0.00000012869011354684
0.00000947500447452628
0.00000094323886694530
0.00000000105020405957
0.00000207510976242068
0.10000000000000000000
0.00000374277963470772
0.00000000167792395161
0.00000893549669580419
0.00035856799172545752
0.00000002246478860090
0.00000000009805865042
0.00000000873880030433
0.00002458632574880554
0.00000000606144437185
0.00000000001194672137
0.00000005290451823268
0.00000635141138229889
0.00000002287730202815
0.00000000003151346978
0.00000017188955580819
0.00038560116752865960
0.00000003397917451002
0.00000000000477447722
0.00000010748161510443
0.00004006849208411384
0.00000000225587228273
0.00000000090306928579
0.00000039974305916089
0.00188904718670416288
0.00000121992861652836
0.00000000105956846068
0.00000138792142814774
0.00478099385307650980
0.00000019645485428337
0.00000000721702720060
0.00000000224940845954
0.00025443279233220820
0.00000000000816420962
0.00000001847047730987
0.00000830172873185901
0.00000000000000591532
0.00000000003082060066
0.00000029676109668135
0.00018375186999880612
0.00000000000020878096
0.00000000017804057510
0.00000005856547026159
0.00000660669094749708
0.00000000000007177718
0.00000000011435213907
0.00000000350706683326
0.00004774549422330090
0.00000000000037549808
0.00000000058463996571
0.00000029622358945837
0.00006779424239170719
0.00000000000045199640
0.00000000451270937493
0.00000619062998828087
0.10000000000000000000
0.00000000001380255112
0.00000004211464113364
0.00000069171153340851
0.00000760296583459789
0.00000000000020840632
0.00000000002131990019
0.00000003056203891625
0.00000877551675350775
0.00000000000000216956
0.00000000012415751367
0.00000001840977494283
0.00000506895040920080
0.00000000000001132649
0.00000000002418895560
0.00000019017671745082
0.00000765114213068585
0.00000000000001305871
0.00000000007855957992
0.00000011138115844327
0.00010115482993397596
0.00000000000052326617
0.00000000005541974107
0.00000037665293543894
0.00048871335137225800
0.00000000000060778259
0.00000000096779753918
0.00000094846013814095
0.03231225955708109642
0.00000000001189943514
0.00000000000130234037
0.00000041462102877009
0.00000001759586592225
0.00000000000444694643
0.00000000000001817477
0.00000396272985573974
0.00000002935603099298
0.00000000056238776873
0.00000000000025305434
0.00044876189999054192
0.00000024460305961846
0.00000000008689285718
0.00000000000000444946
0.00003370116019589114
0.00000003551386006957
0.00000000009461469179
0.00000000000005800722
0.00014212060090519878
0.00000070893911589389
0.00000000049583682563
0.00000000000005891874
0.00026316610920393236
0.00000149112948018658
0.00000000169143031947
0.00000000000841202612
0.10000000000000000000
0.00000641673166362592
0.00000000102100939215
0.00000000000004988382
0.00050718351185625560
0.00000004073689202300
0.00000000003333018088
0.00000000000000970776
0.00000233390721087724
0.00000025993035454379
0.00000000002894198330
0.00000000000001443688
0.00001078156162081393
0.00000002515910601562
0.00000000005281903745
0.00000000000000657985
0.00003791092809913426
0.00000005424374973512
0.00000000014104310526
0.00000000000013422326
0.00022718024707068236
0.00000032747811435976
0.00000000000077553140
0.00000000000066007578
0.00069956948773823226
0.00000026621380943563
0.00000001423097736191
0.00000000001793267981
0.01590005409726375680
0.00000000531634961123
0.00000000081139333863
0.00001305693084395208
0.00000001134569397819
0.00000000001004084794
0.00000000748404850978
0.00004812362509295851
0.00000027715653392437
0.00000000008142604808
0.00000028384292025693
0.00009799487375734956
0.00000004405289475622
0.00000000002913387498
0.00000007664212297193
0.00021126825150995098
0.00000039298779112241
0.00000000011065718220
0.00000037442330185978
0.00008138580715235168
0.00000013191091360883
0.00000000059808670468
0.00000057563770299894
0.00412822785324432986
0.00001009744540035328
0.00000002877301219876
0.00000719324504844610
0.10000000000000000000
0.00000057895113246653
0.00000000006511761161
0.00000035658283801194
0.00002223627703362211
0.00000002426269719139
0.00000000000448678092
0.00000001366662251349
0.00015792559132675922
0.00000000905768035257
0.00000000005079186268
0.00000004889750890724
0.00024857941330940498
0.00000020734377592086
0.00000000002032211755
0.00000001054674187647
0.00002154379079764519
0.00000002171434923387
0.00000000003714993971
0.00000026999758164231
0.00069948756164593512
0.00000095732464022152
0.00000000122567804831
0.00000095258047327624
0.00047975837349555744
0.00001069490622075019
0.00000000577562436208
0.00000215082835035617
0.00000706641204376638
0.00000056223171689100
0.00000030976925263917
0.00040498761651084928
0.00000002792091983944
0.00000000018113933623
0.00000161018867102624
0.00001561169611807847
0.00000001897545312375
0.00000000009949790548
0.00000076883825832068
0.00147277128933943242
0.00000250911442111026
0.00000000070193805063
0.00000018158772195523
0.00019389725251474840
0.00000144916529862168
0.00000000033088603908
0.00000307984573939029
0.00694096157486518588
0.00000471787028750690
0.00000000275051688167
0.00000006115775360507
0.00033695272680910820
0.00000039299034800617
0.00000000095179924473
0.00000048144485429045
0.10000000000000000000
0.00000143545846039450
0.00000000066912123771
0.00000007800384974188
0.00109957908981567984
0.00000010002424120261
0.00000000009962848544
0.00000053206378122437
0.00016193131997180010
0.00000242725933965025
0.00000000077710680157
0.00000034331833425539
0.00006126054215201455
0.00000081786636336224
0.00000000010107306216
0.00000096028977288043
0.00142957879681770282
0.00000025765873675541
0.00000000263392694379
0.00000302975970520326
0.00022935901109921720
0.00000105428070109314
0.00000000172084848422
0.00000049981426110503
0.00025431908464456244
0.00000074612611582870
0.00000000097120626869
0.00000001960436160885
0.00010757669055390002
0.00000000118658324331
0.00000069477661752124
0.00000523053433857865
0.00000000000008649138
0.00000000157109229703
0.00000031043714161326
0.00195749071701258442
0.00000000000075437643
0.00000000559214785670
0.00000027642300666581
0.00029215537167442180
0.00000000000001233514
0.00000000000515353183
0.00000005524329253650
0.00000177992735671852
0.00000000000000756686
0.00000000068991134776
0.00000040591933927984
0.00070587077990196400
0.00000000000015141826
0.00000000016175557989
0.00000002236110121001
0.00000457544459365701
0.00000000000004925709
0.00000000005735833013
0.00000152049159578936
0.10000000000000000000
0.00000000000346604987
0.00000000015816693342
0.00000053831105667151
0.00109412272845209386
0.00000000000132989053
0.00000000060262921274
0.00000013256515150566
0.00023299434442773516
0.00000000000078080158
0.00000000017297702582
0.00000010156170997054
0.00004990936657829806
0.00000000000003118263
0.00000000021525160565
0.00000000121097282389
0.00026856922312416460
0.00000000000009843305
0.00000000335102269565
0.00000242446858475868
0.00044027741427425904
0.00000000000297312968
0.00000000104696830413
0.00000002942847216633
0.00012762083581268872
0.00000000000002783806
0.00000000005920096829
0.00000041500674754212
0.00000431550151319627
0.00000000280193889778
0.00000000000000497101
0.00003842048156756824
0.00000333359213493045
0.00000000231259836574
0.00000000000154437366
0.00010647706675408076
0.00000337231734900599
0.00000000015712747409
0.00000000000006496497
0.00007595047112520692
0.00000002586130038359
0.00000000006699241644
0.00000000000006262470
0.00060783041704169824
0.00000161682568096445
0.00000000015737271790
0.00000000000079957967
0.00128769510721997280
0.00000022732892875801
0.00000000014233327403
0.00000000000018289036
0.00073030423037678256
0.00000045802390994442
0.00000000103354141900
0.00000000000505434036
0.10000000000000000000
0.00000037582662701937
0.00000000067519468101
0.00000000000354164342
0.00881664678596531142
0.00000170340061778081
0.00000000119271921197
0.00000000000092602202
0.00002404404708994875
0.00000038779019911341
0.00000000002520742777
0.00000000000007631827
0.00009434120549287232
0.00000004842890340162
0.00000000096302613896
0.00000000000022060691
0.00214369094263694442
0.00000744215445089904
0.00000000113977431014
0.00000000000422930267
0.00353024467767653002
0.00000673719951690183
0.00000000015385522317
0.00000000000080227386
0.00038615967877596640
0.00000035601332277728
0.00000000862815684425
0.01309103166628877226
0.00000266956338895698
0.00000000112071266172
0.00000010962214578842
0.00009465903700539664
0.00000131458572733816
0.00000000005770785153
0.00000123623352208568
0.00031961429972843504
0.00000000010334061937
0.00000000000720092415
0.00000000257324532384
0.00000181688296985589
0.00000001657811018907
0.00000000000574371211
0.00000003641160560846
0.00003236887211261524
0.00000001221437534642
0.00000000006050081000
0.00000023271316889091
0.00000642492217896678
0.00000000954409800702
0.00000000001407756862
0.00000004413560959829
0.00002149078782360387
0.00000009065706522486
0.00000000017354332681
0.00000028278091406126
0.10000000000000000000
0.00000000373223650987
0.00000000056479025490
0.00000095516229051054
0.01156736532240570248
0.00001522746194202902
0.00000000001748897899
0.00000000364293642162
0.00000329294509350886
0.00000000660110466998
0.00000000000434023181
0.00000000941594044883
0.00000039377561718396
0.00000001170287717328
0.00000000001576417889
0.00000000708346001411
0.00002852849356385791
0.00000009962236510775
0.00000000027146636082
0.00000002320130934422
0.00006069034852072948
0.00000001056832413041
0.00000000004405045713
0.00000003220265905932
0.00005951455599653400
0.00000085334934186747
0.00000008045839355330
0.00000267595667703377
0.00000000004636673013
0.00000000000798525505
0.00000013317590858002
0.00010958911420556564
0.00000035401825436312
0.00000000006193906378
0.00000011066384449792
0.00170717146726314442
0.00001646225077610186
0.00000000003402355896
0.00000007630174804241
0.00002008883581068431
0.00000005055546464821
0.00000000006733415618
0.00000021219242110467
0.00001599763669563160
0.00000165755253023712
0.00000000542615386857
0.00000001929829030310
0.00002118429664940213
0.00000001592069978298
0.00000000002848893739
0.00000001849978499738
0.00100820636287547488
0.00000046597526815244
0.00000000040080109815
0.00000000294446570046
0.10000000000000000000
0.00000004604787121524
0.00000000007940885365
0.00000001457186507752
0.00000371116802439067
0.00000103201837519900
0.00000001430908247294
0.00000277580891107755
0.00000498343769646153
0.00000002416464466240
0.00000000002164359191
0.00000002839643880862
0.00013909012007852578
0.00000031806774829384
0.00000000003332908142
0.00000032881433499466
0.00063889545401397280
0.00000047489500422538
0.00000000083495571465
0.00000039470976574118
0.00000085352896475207
0.00000001849084135837
0.00000000002997299933
0.00000000942757619596
0.00051789628885102240
0.00000001534475933918
0.00023839240426136058
0.06097751295173191280
0.00000000008523363021
0.00000000241332298609
0.00006011400353426128
0.10791743575425764248
0.00000000004943901440
0.00000002463429307457
0.00000032831780008101
0.00218674815780366208
0.00000000000016481642
0.00000000004882010043
0.00000011210028552814
0.00005340952715765000
0.00000000000030210675
0.00000000031001062205
0.00000147939222343535
0.00727345815532001448
0.00000000000019916755
0.00000000005197599261
0.00000023863918643399
0.00020888042678328764
0.00000000000037914285
0.00000000015631753063
0.00000419057333214212
0.04327537347219605880
0.00000000009606162798
0.00000002035962409760
0.00000210404379656685
2.00000000000000000000
0.00000000047042256428
0.00000013261818329101
0.00020311753372812564
0.00108540115427694720
0.00000000000081358619
0.00000000057441226308
0.00000011791397609300
0.00004843128883317266
0.00000000000006134896
0.00000000022774031061
0.00000002579015259178
0.00126699142244249306
0.00000000000000486032
0.00000000055752439733
0.00000566457305777351
0.00403376697002617868
0.00000000000438465446
0.00000000200943759854
0.00000003806974335678
0.00023983119242721984
0.00000000000041595297
0.00000000287139428229
0.00000921917162084233
0.00009564085201300006
0.00000014641842976621
0.00000000010930556956
0.09314729089242686428
0.00003428083632515650
0.00000002542826857965
0.00000000002429580245
0.01231909512943787204
0.00000961003983573293
0.00000000033014665981
0.00000000000095122657
0.00014705649263101580
0.00000008951571211123
0.00000000069397867943
0.00000000000013463346
0.00045728673435413160
0.00000241699077922106
0.00000000257695903235
0.00000000000265490326
0.00104116936425370240
0.00000030173090617037
0.00000000018462657557
0.00000000000002027114
0.00003578056776403647
0.00000018690196335958
0.00000000163844380762
0.00000000002064764496
0.09387034075137344008
0.00001351573203023082
0.00000000142427544907
0.00000000018465794094
2.00000000000000000000
0.00004685462469838793
0.00000007105946090890
0.00000000000052910845
0.00084300534043224992
0.00000050831728742919
0.00000000025799108409
0.00000000000011799768
0.00006869349516115972
0.00000054466751208354
0.00000000026086533264
0.00000000000099223918
0.00026223752524276800
0.00000210810481259990
0.00000000078718916518
0.00000000000276746300
0.00585293390384967602
0.00001261895867766722
0.00000000001220022408
0.00000000000009380741
0.00002233899501796668
0.00000061540682602446
0.00000002011269832315
0.12525464482040656062
0.00006411733860598192
0.00000000505286865178
0.00017029207782962656
0.07829329479981078448
0.00002963862257929105
0.00000002849333507233
0.00007705384991103006
0.01837900136240387202
0.00000022906344659641
0.00000000019311630393
0.00000036939778583195
0.00024984768927508440
0.00000115385954495040
0.00000000088903804447
0.00000298724091697668
0.00393959992127447606
0.00000390818334790238
0.00000000534359004346
0.00001408896955582228
0.00110621295434941802
0.00000111811705934898
0.00000000158645196627
0.00000544966330434242
0.00295361718715074806
0.00001196632378492143
0.00000001279539917622
0.00002480223297159787
0.22384422078490596248
0.00000035742854495945
0.00000007119212365880
0.00006407690015264015
2.00000000000000000000
0.00007798046231493970
0.00000000271173338034
0.00000072348381365542
0.00022855630983591800
0.00000125407176271849
0.00000000066219209505
0.00000085458732122608
0.00009041546631562314
0.00000219118908131528
0.00000000105166079031
0.00000307969332409006
0.00207792400573823008
0.00000888748301313264
0.00000003505058330485
0.00001066890626512353
0.00223246992973695360
0.00000136417112329647
0.00000000574088571663
0.00000361240536177484
0.01330810417016236484
0.00003577396788365378
0.00014264622547415528
0.05374254411404941802
0.00019299396127703096
0.00000008567481000889
0.00001500735695281924
0.01317915876391238084
0.00000179610610885266
0.00000000649696547437
0.00000572298590577932
0.00003202868730253603
0.00000006201953762899
0.00000000012040640964
0.00000008800912812628
0.00051127555169955200
0.00000020861591895685
0.00000000092324965243
0.00000090635699852935
0.00004075518490318284
0.00000545715082310229
0.00000000464882546767
0.00000007990827819253
0.00012340170396377080
0.00000021625133812910
0.00000000055782421703
0.00000015573100594341
0.00334799124114266604
0.00000258755407755999
0.00000001596498816081
0.00027089148943775544
0.00008368374612123858
0.00010023806912918082
0.00000008933617264287
0.00007168729766528205
2.00000000000000000000
0.00000000351530777424
0.00000000004766619040
0.00000016533706403131
0.00042016779282360800
0.00000021185722871870
0.00000000025341241823
0.00000015093912435988
0.00026640730589908524
0.00000055601377576642
0.00000000015643403639
0.00000151394930765601
0.00014446840788129576
0.00000468793940346961
0.00000000133062426360
0.00000580422134719750
0.00015075345233783150
0.00000055730724838095
0.00000000053003384458
0.00000007226990874144
0.01417902005191042886
0.00000000023163890412
0.00000078071442585998
0.00014882224264748504
0.00000000000004578692
0.00000000087448721309
0.00000336024475583846
0.00334613303643303208
0.00000000000189912790
0.00000000303773276666
0.00028311826047606660
0.05093882980876059284
0.00000000000026979610
0.00000000136026019379
0.00000096691622693628
0.00335187127906735926
0.00000000000092172277
0.00000001442281521881
0.00001748028868349341
0.00653501681990714240
0.00000000006680557740
0.00000000120770167925
0.00000054701665997165
0.00007327793134862555
0.00000000000034244240
0.00000000107472431002
0.00006176102172423036
0.00559693516146492800
0.00000000001525444935
0.00000000038289273713
0.00002863932379944870
0.00065920484518751618
0.00000000000081864378
0.00000000306794962985
0.00000000432621589518
2.00000000000000000000
0.00000000025516136803
0.00000005584920993533
0.00000417514086608554
0.00084656316250040954
0.00000000003151557383
0.00000001690217562470
0.00000178793621844052
0.01526364391256595200
0.00000000001817790747
0.00000000752394758738
0.00001091760395043805
0.01656677282071220480
0.00000000001173297996
0.00000000109258166138
0.00000023110395439906
0.00055855482881112978
0.00000000000053805273
0.00000000045607365275
0.00000881363956276603
0.00000256349692305339
0.00000000056561782794
0.00000000000006479000
0.00058376019203915680
0.00000342669965476044
0.00000000233365039939
0.00000000000497340400
0.00617229146800271044
0.00000266425152953755
0.00000033271561647599
0.00000000043456338546
0.00325656484464713004
0.00000435539827476182
0.00000000053581229592
0.00000000000286506266
0.00072310480005317264
0.00004615300599327861
0.00000004092766753856
0.00000000000701193344
0.12047257738798616048
0.00000191523575976315
0.00000000098428808528
0.00000000000021388534
0.00033406104548684656
0.00000135151205512817
0.00000002582909906366
0.00000000002450055028
0.00051738406251156992
0.00000010418243909734
0.00000051870134384126
0.00000000000064545198
0.00170376954372703722
0.00000106920335725292
0.00000000007662765481
0.00000000033330757097
2.00000000000000000000
0.00002187431150063079
0.00000000145060565499
0.00000000000039324099
0.01004994905863771048
0.00001868212138944066
0.00000000004695962248
0.00000000002926849376
0.01103517793533412480
0.00001168787906870638
0.00000001928619811846
0.00000000003518990894
0.01398178036539265606
0.00000505709620243523
0.00000000013790285037
0.00000000000069470059
0.00030192094977085392
0.00000002996156666036
0.00000001938182525616
0.00113033923984924128
0.00000017701628939836
0.00000000000938714499
0.00000009522446346823
0.00221717216725852960
0.00000027354436366992
0.00000000395616126320
0.00000111081372489090
0.00485507738807463460
0.00014562765838965876
0.00000005004092006246
0.00000104506140200580
0.00010491715596106706
0.00000096807425214270
0.00000000042771733017
0.00000046770648350969
0.00527748498306039040
0.00000789594680319177
0.00000001817114147691
0.00000667786792699016
0.00739942264378781224
0.00000536202391827935
0.00000000045620053016
0.00000077856096404917
0.00686201402468246006
0.00001139669164280992
0.00000000542096785448
0.00000833403958019524
0.00009405473663786702
0.00010049591419724376
0.00000000045513195097
0.00000102605031479378
0.00033734786300185824
0.00000026545967930464
0.00000007286190868183
0.00002184679058301521
2.00000000000000000000
0.00000310955311375636
0.00000000055984937808
0.00000364962227763250
0.00171343730662812000
0.00000126278542663540
0.00000000506760608710
0.00000235861491661732
0.00541412449636723840
0.00001069129500459270
0.00000010222407233989
0.00000581056763855254
0.01069583809383947048
0.00000081791718913751
0.00000000229473376592
0.00000076295730407091
0.00002807815907626087
0.00000166936798949401
0.00000060381884070649
0.00128365143927086224
0.00000006903570834477
0.00000000026659652813
0.00000134741262759473
0.00100135746676957504
0.00000001822564644706
0.00000000044664132757
0.00000122121778255759
0.00949332931078571204
0.00000199045018269517
0.00000012221580569005
0.00046875061094727280
0.13023577307569898662
0.00007611959820205942
0.00000005791795665777
0.00002231480763631236
0.00421796760625525120
0.00001107475245235910
0.00000002182999572728
0.00001077000680944554
0.01100397314460661220
0.00000328116400908933
0.00000000149527071077
0.00000523611733326820
0.00186034958239198208
0.00000291172486261495
0.00000000049558617819
0.00000017248237577423
0.00016505162202946096
0.00000008546943436894
0.00000000047639851546
0.00000169332009022292
0.00061713904957591458
0.00000498295042962565
0.00000000132536208814
0.00000284465696950927
2.00000000000000000000
0.00056499528127894898
0.00000002873559495477
0.00000013633260969544
0.05614743587464256008
0.00001027261947614364
0.00000005751227695769
0.00000627090754050932
0.06905628850370421886
0.00000048498477261085
0.00000000073005811729
0.00000202555030581584
0.00003405547742849222
0.00000046557090610477
0.00000000600591809405
0.00000005895510557079
0.00032967181727961992
0.00000000023397325320
0.00000071299554997211
0.00007821375260529986
0.00000000000010052289
0.00000000194116718612
0.00000347505739606319
0.00148745676234645888
0.00000000000029738885
0.00000000095307499308
0.00000059938925108492
0.00081275034089984656
0.00000000027159453715
0.00000027122191942081
0.00027702374380788156
0.01282620606712735202
0.00000000007984051100
0.00000000375624017184
0.00000519864685640697
0.01012967849006694400
0.00000000000222818193
0.00000000022525423568
0.00000145297381112755
0.00019780198375201556
0.00000000000027911275
0.00000000076899073413
0.00003721601373435850
0.00214405622272409120
0.00000000000224829326
0.00000000016993186099
0.00000119923683042581
0.00005260237501309180
0.00000000000032649231
0.00000000133978294445
0.00000046626985221591
0.00151393971370310646
0.00000000000053836615
0.00000000076742670029
0.00084660065797551184
2.00000000000000000000
0.00000000000648757708
0.00000007175406647578
0.00015952894595593570
0.00414773167582339924
0.00000000001681786176
0.00000004169529223772
0.00000500029471024923
0.02161400111687262404
0.00000000000166983112
0.00000000164667286302
0.00000009193430916916
0.00015162958702579378
0.00000000000021927642
0.00000000021957629777
0.00000659919657139601
0.00000009692462519822
0.00000000063185598536
0.00000000000003434442
0.00008253936266436158
0.00000046894255858978
0.00000000012699049591
0.00000000000017944300
0.00017397035825094776
0.00000186376324073742
0.00000002497484380681
0.00000000000470231123
0.04828868363851151260
0.00002554113649130278
0.00000009640655732052
0.00000000017896135434
0.00092912315569390640
0.00001968501020407942
0.00000000074255493853
0.00000000000322371391
0.00304706726315352246
0.00000039734055418996
0.00000000010349057546
0.00000000000017113346
0.00081518758118646064
0.00000020230214064987
0.00000000233137933772
0.00000000000067904239
0.00140882117269727168
0.00000018687689257973
0.00000000054448246127
0.00000000000003377665
0.00009634853390632420
0.00000087646970950435
0.00000000028271702082
0.00000000002856961892
0.00697449604251972804
0.00000253596723084095
0.00000002182649437573
0.00000000000328861130
2.00000000000000000000
0.00003934056623715890
0.00000000345125317474
0.00000000001427543619
0.00742638516995998662
0.00000869174663542759
0.00000000344520266843
0.00000000000130040120
0.00040517518139258898
0.00000965923853535473
0.00000000014107115513
0.00000000000108079968
0.00053091878374957226
0.00000000172402825130
0.00000000009919816486
0.00027395094522500920
0.00000095171604363428
0.00000000000598606737
0.00000001722173256230
0.00055667999427679552
0.00000031873190830489
0.00000000254461622685
0.00000032770758397574
0.00621454059155067206
0.00001526844751636546
0.00000000680715174873
0.00002471386959587151
0.00350389727437081044
0.00001891963216593253
0.00000074048307173084
0.00000667694229457138
0.00514935539319223848
0.00000299730776437608
0.00000003923161838313
0.00000099334667646707
0.00079490881923274992
0.00000356017182005050
0.00000000157324129539
0.00000178239781152482
0.00063148942565900192
0.00003384867099458566
0.00000000716295665232
0.00000110514911963373
0.00001194269991843486
0.00000109164199672143
0.00000000019160685704
0.00000116740827228371
0.00014170494021203184
0.00000025732838064637
0.00000002341443253369
0.00001981239417021008
0.00181938971518620362
0.00000015824330356926
0.00000005558253248020
0.00006011770664147030
2.00000000000000000000
0.00012154354735617872
0.00000002452335993580
0.00000945170658469379
0.03307699502262432004
0.00004145827781860863
0.00000000164286139368
0.00000265205397723959
0.00991132297246686248
0.00000044918359279943
0.00000000096496081455
0.00000322071948503547
0.00001361507471981296
0.00000071709081817715
0.00000031767826174897
0.00154207635789429204
0.00000016957830420992
0.00000000024201192895
0.00000575298342992898
0.01694551784540549662
0.00000173865176437094
0.00000000625544068167
0.00000004200657834165
0.00298651160081847606
0.00000101941417269924
0.00000007808988283598
0.00013910334417482660
0.12374102098286056062
0.00004770580648663425
0.00000014233537124555
0.00004410520779782944
0.00341805933332936768
0.00011316732427401862
0.00000001233266511292
0.00000016784275490974
0.00180024500104905044
0.00000302551810407212
0.00000000628635117170
0.00000086334150153896
0.06835011610382026642
0.00000005466031885112
0.00000002980891457497
0.00000048143558374174
0.00725277958021715042
0.00000002943180454397
0.00000000075840205873
0.00000465815526537244
0.00061606116384174392
0.00000335957924282175
0.00000000006755028839
0.00000181877475932863
0.08839900181992405882
0.00016761896243331144
0.00000000715369562645
0.00016486320861377316
2.00000000000000000000
0.00001082794486636282
0.00000003518001765132
0.00001786948345022903
0.01235494417543464804
0.00005127386234094686
0.00000000037436644420
0.00004388791901646294
0.00106802792413074384
0.00000501775797037026
0.00000000716193171665
0.00000089340678774742
0.01689815615586934824
0.00000000309318041035
0.00000048132721771440
0.00027808449281329580
0.00000000000020100834
0.00000000148677265731
0.00000295594154296844
0.00321482206072290004
0.00000000000381676785
0.00000000074875870341
0.00000362728857923109
0.00891353297316459462
0.00000000002721024268
0.00000000432278030727
0.00000835446371030236
0.00303663603433865246
0.00000000003391869550
0.00000023248459361288
0.00002205699383060541
0.00082045628489504746
0.00000000005712012730
0.00000000169140487045
0.00000007910689953538
0.00214459796715126208
0.00000000000466923581
0.00000000115282969196
0.00000961495535249474
0.00946161444644600262
0.00000000000532964706
0.00000000050616036488
0.00001294491108018237
0.00112851644980561226
0.00000000000225149377
0.00000000174494212671
0.00000100353955096863
0.02238526981037475624
0.00000000003286050428
0.00000000569670127876
0.00001262321195860885
0.00340146139211257920
0.00000000002309480322
0.00000002596229337699
0.00000845117852649740
2.00000000000000000000
0.00000000016049873223
0.00000003479233405146
0.00005478100773649208
0.01914625760767584426
0.00000000002137132743
0.00000006074504564934
0.00000116807021660927
0.00391876301255847208
0.00000000000654835758
0.00000000005033631403
0.00000033838379698200
0.00000118104376840415
0.00000000596476184907
0.00000000000018223124
0.00074415732222263386
0.00000661026476598737
0.00000001854716006104
0.00000000000589532428
0.01688042412409273600
0.00001276898748992555
0.00000000505469811559
0.00000000000518669524
0.06084460881243511244
0.00004794737992910088
0.00000005215924910817
0.00000000000323976599
0.02979381106349234026
0.00000830879801378651
0.00000005876283270978
0.00000000002579896076
0.12318555158902660262
0.00001774856756779977
0.00000003757274991024
0.00000000001316236667
0.00937649744846974404
0.00000994074582089188
0.00000011661601012253
0.00000000000411435758
0.06144599135635070426
0.00000026984494162115
0.00000000160936605323
0.00000000000000513630
0.00070599441947515312
0.00000606268315386796
0.00000000033499031232
0.00000000003163006257
0.01469959082486320424
0.00000314578975142206
0.00000008384965699909
0.00000000001636355746
0.01425457929147474884
0.00001187204042342009
0.00000003257761962038
0.00000000019042486708
2.00000000000000000000
0.00005925705767911285
0.00000024205138604103
0.00000000004422911847
0.01286525001863132802
0.00000279805450122697
0.00000000136140074070
0.00000000000123883319
0.02520870566274887248
0.00000042912054977369
0.00000009260044601141
0.00458018763247943606
0.00000241891992508644
0.00000000060480811557
0.00000088100765815705
0.04461623075695306608
0.00012050736697716390
0.00000006175105627877
0.00005153877974427531
0.05468652814500848006
0.00001381011390339014
0.00000000559292540218
0.00001101334522619612
0.01305755903219394404
0.00002533276220279836
0.00000000456595413459
0.00000019327749444290
0.00209713376650293440
0.00002405196981242752
0.00000004955291239054
0.00001225153939583620
0.02192167406507695260
0.00001301273606219948
0.00000000109071576973
0.00001057518887303268
0.02014999165591003628
0.00010495386059818930
0.00000010959082779472
0.00016690365244287738
0.00085032207452453440
0.00001242275768756397
0.00000000046098408314
0.00000444052592024600
0.00320053690977000768
0.00000253657734583855
0.00000001024324837015
0.00001218140533274555
0.00564984677438032808
0.00000715330767649569
0.00000003174166829259
0.00001305328352955652
0.03250700535768769686
0.00001294705738922539
0.00000003229768530542
0.00004636346254737161
2.00000000000000000000
0.00005249050634096801
0.00000007556331557114
0.00000287425679810919
0.03386541379499252042
0.00000231142818915646
0.00000001665747010443
0.00000084556040488489
0.00392655005771599286
0.00032139866961642696
0.00000837133087278647
0.00147908941051231360
0.00000028010706743684
0.00000000035929209471
0.00000071332647852394
0.00233066304694752640
0.00000432948582893174
0.00000001651003146032
0.00002376666100274567
0.03638357528272861802
0.00001312234640519632
0.00000001595433960744
0.00002784698032325588
0.03880086309025359260
0.00000300703559328139
0.00000005755429240888
0.00002539966810467594
0.00366980785655156322
0.00008880712252273902
0.00000002103501336353
0.00004511764731277751
0.04548168977632412060
0.00000548270087455385
0.00000000001852300041
0.00002039671405689102
0.00587641063774765528
0.00005864344773254811
0.00000001890567212049
0.00000219617810753063
0.01785266950591903884
0.00000346413917386849
0.00000000122638664788
0.00001012460431165014
0.00017902585574327038
0.00001099323149282075
0.00000001486669407697
0.00000825172680053398
0.05826206007938804086
0.00000281542799366136
0.00000000382678078042
0.00003013479686889732
0.00662073122743611844
0.00003761178520482162
0.00000014007139345721
0.00003882280030803412
2.00000000000000000000
0.00000437870008536936
0.00000001127500566148
0.00007594409649851048
0.00092580626821115760
0.00000610477154749890
0.00000001067935514011
0.00000039625431788548
0.03620628638936250604
0.00000000773275302443
0.00000595209262215198
0.00248275336908079200
0.00000000000314065172
0.00000002530824949775
0.00012809039159540928
0.06288373487274774448
0.00000000013030549564
0.00000004607380739365
0.00003691776628383105
0.02964530541105465604
0.00000000000586463822
0.00000000045862308659
0.00000077654424210221
0.00377847385083093760
0.00000000004343813201
0.00000000412455046826
0.00004100830092866392
0.05963835497151631260
0.00000000018055844970
0.00000001658673002855
0.00003443073736485274
0.00833922168694917062
0.00000000001848093207
0.00000003061226736637
0.00003166435930345449
0.01248381892659651202
0.00000000008223565273
0.00000000701527742791
0.00001555568311917508
0.00289172556342191444
0.00000000000505415142
0.00000004680719809099
0.00000680993521629165
0.01955483131220670082
0.00000000003179831033
0.00000009248809307179
0.00000047965483441933
0.01426599645220025062
0.00000000000169322351
0.00000000139983244199
0.00003220915437065449
0.01540976257701544006
0.00000000003000324844
0.00000006551416663731
0.00000513290609542641
2.00000000000000000000
0.00000000002677145423
0.00000000257623348273
0.00000352200625103624
0.01695129216593059624
0.00000000000994918721
0.00000000123921179091
0.00021534198338720724
0.00000766529456155404
0.00000002193909239934
0.00000000000060449974
0.00392600298821950006
0.00001933411303419604
0.00000004948350783892
0.00000000001194419275
0.01864503690636789660
0.00001834299920345576
0.00000000439520000244
0.00000000001177855721
0.00217484892092203520
0.00000099503468790716
0.00000000222251137097
0.00000000000012263704
0.00656561750107883520
0.00000093186879217704
0.00000002278417813108
0.00000000009281416094
0.07021698216642246406
0.00001571579069692677
0.00000003505361531056
0.00000000001215658150
0.02295899191549669804
0.00002788769715341053
0.00000006058274829317
0.00000000009881589213
0.08046149045440606428
0.00000070280236304973
0.00000003205876715845
0.00000000000368445733
0.01252944787998748486
0.00001670048883809600
0.00000000226573085294
0.00000000001623365735
0.01480949553418593822
0.00000616230368685313
0.00000000084635009294
0.00000000000129190738
0.00061840309270931480
0.00000264880128445287
0.00000000027565894728
0.00000000002016208478
0.01022986998837108264
0.00000292106803034251
0.00000001549268807789
0.00000000003138078850
2.00000000000000000000
0.00015788296686025152
0.00000000287676563787
0.00000000001733591087
0.01778757933191650022
0.00000737545145502049
0.00000000629788851119
0.01535848640166228480
0.00001508725334661349
0.00000000036081663826
0.00000072662014305457
0.00716984543145320184
0.00001467276585594659
0.00000001545752956670
0.00003005947413917744
0.10101901686482876844
0.00000499332901436854
0.00000000018516568620
0.00000319014006949976
0.00548796551678601868
0.00001483691081934006
0.00000002503704858968
0.00007524531529941650
0.22287102468560378046
0.00007042561601816160
0.00000010557794236030
0.00005175959612991464
0.05235718850733840004
0.00003307441185840219
0.00000001394347984633
0.00000629326459359371
0.01011712224892007040
0.00001267472182021026
0.00000002506512831022
0.00011060789582432132
0.00132423116783529120
0.00001091653227040240
0.00000000121628720297
0.00001945831760729602
0.00251720367639889248
0.00000711902145490421
0.00000000108889350757
0.00000385835745713826
0.00817076673074050020
0.00000169144975414582
0.00000000091767650997
0.00001061928225506499
0.00713053479089071124
0.00002327789062367134
0.00000004127986390873
0.00000160262350763338
0.02479110852040930022
0.00007516704608576298
0.00000000217520686340
0.00011372573029514602
2.00000000000000000000
0.00000452819941298116
0.00000000936442595596
0.00003827193563024450
0.00270522410057882048
0.00015558775408093544
0.00000016310179322460
0.00002096104175941896
0.00000010732424100614
0.00000000000599239587
0.00000004238651966962
0.00303116733065674722
0.00000193373955961447
0.00000000285662718799
0.00000283604459002198
0.00048152841814430304
0.00000004888023906985
0.00000000005501084232
0.00000000779315581383
0.00068882215456424586
0.00000017055094348691
0.00000000008913101371
0.00000286823769401311
0.00194329016456129120
0.00000017769242744512
0.00000000041475845620
0.00008347673168373511
0.10761761279837248008
0.00001290754543658105
0.00000031777377916236
0.00021303420248425232
0.00609181441414033862
0.00000066549076502247
0.00000000238592553867
0.00000021781521753649
0.00002229785127894100
0.00000002176604295959
0.00000000001777000283
0.00000145291267091977
0.00017465520055695856
0.00000021755887176967
0.00000000009938306981
0.00000059019462034391
0.00002686216177889685
0.00000004839470236563
0.00000000014649689342
0.00000030524761473949
0.00053508054611817698
0.00000074978071214179
0.00000000073654492494
0.00000159829847453761
0.00086554868411785018
0.00000280894597623397
0.00000000195733813544
0.00000427723846434972
2.00000000000000000000
0.00040435017126569624
0.00000025615478487091
0.00000008177035138927
0.00359068938736699604
0.00000000061715941225
0.00000000900427035046
0.00044076124888071218
0.00000000000003496665
0.00000000038220971806
0.00001246966772529150
0.00544982922275826240
0.00000000001066332931
0.00000000810947475837
0.00000160116552593624
0.00026136325597041476
0.00000000000011015487
0.00000000052661968114
0.00000486484485845617
0.00084129830156809824
0.00000000000041891295
0.00000001175622831702
0.00000966751490398579
0.00432720976567580580
0.00000000000191986603
0.00000023726859841213
0.00000431428851638555
0.42901567455216792608
0.00000000039066974326
0.00000011224126307440
0.00001743657593668611
0.00281564017929332186
0.00000000001213803926
0.00000000088575531087
0.00000047128397764690
0.00013377853982845284
0.00000000000013330243
0.00000000596527970871
0.00000062992696375716
0.00051299895882488240
0.00000000000048844771
0.00000000161547212662
0.00000035827876790468
0.00007787273179532861
0.00000000000109500638
0.00000000063976330105
0.00000245260446817647
0.00245411870554275446
0.00000000000065389398
0.00000001123745003463
0.00000556829264408949
0.01318977311777852004
0.00000000001150772016
0.00000000862979206259
0.00039449262007514304
2.00000000000000000000
0.00000000049030975626
0.00000000030969282333
0.00001663209562383790
0.00000039078458769761
0.00000000044954400596
0.00000000000024250545
0.00011161366932724164
0.00000055973936029128
0.00000000826224399248
0.00000000000570611694
0.00611933996492906666
0.00000708050464971432
0.00000000159466521865
0.00000000000012246367
0.00141985272882656128
0.00000215807620867140
0.00000000022179353582
0.00000000000077675804
0.00788595458619199942
0.00001817261896549300
0.00000000979347399682
0.00000000000061380321
0.00852000953834504006
0.00008653882708412968
0.00000014441962384680
0.00000000014396390699
0.31563461952144912848
0.00003808735420258876
0.00000002068149302283
0.00000000000055964945
0.00532370845960580984
0.00000059003330449551
0.00000000069610964856
0.00000000000021142019
0.00002892584262620349
0.00000342034438242359
0.00000000054590937870
0.00000000000045029483
0.00019343502416632784
0.00000048942803746483
0.00000000421149307529
0.00000000000010261594
0.00049014094311887698
0.00000194573635568987
0.00000000318984388393
0.00000000000373680468
0.01212457445601353608
0.00000051978628496700
0.00000000887603714937
0.00000000000705413173
0.01075922336393621860
0.00003213816274521082
0.00000022772209534697
0.00000000044677820792
2.00000000000000000000
0.00000008321848928171
0.00000001055715918543
0.00046693634279269546
0.00000255915360985780
0.00000000117778389395
0.00000498180596876889
0.02162945222278159686
0.00001475733578817230
0.00000000079660745677
0.00000004041535984458
0.00496887864337566584
0.00000021473768242548
0.00000000001987655493
0.00000002850564028810
0.00000229431957159403
0.00000000616095416041
0.00000000023283087846
0.00000027422369612398
0.00120759620467599024
0.00000128164391226948
0.00000000307433176851
0.00000161853405895625
0.00056822942520539720
0.00000006773047494705
0.00000000002370826163
0.00000015879890091731
0.00018828769531939476
0.00000062816110961518
0.00000000179082750460
0.00000738518739642876
0.00164080102851697162
0.00000032945448952656
0.00000000219605388485
0.00000119903711490731
0.01895996271095972040
0.00000011200112620358
0.00000000057432144525
0.00000002888379879720
0.00002710223892182842
0.00000006220510631897
0.00000000015461666182
0.00000000239488795145
0.00001237653435263459
0.00000059873745882565
0.00000000004322125290
0.00000031055834203425
0.00363194485630097448
0.00000049555974330381
0.00000000132205471460
0.00000671275214511053
0.00341815533961655522
0.00000010938215920566
0.00000000042462007011
0.00000012521828664536
2.00000000000000000000
0.00000067823331039035
0.00006995184056013488
0.00103587833641622848
0.00000488763707759305
0.00000000515901494646
0.00000083457101871365
0.24392742041372404260
0.00007035601910542365
0.00000064819857620065
0.00035583683262933540
0.00043166845010449000
0.00000278930582641387
0.00000000425301282704
0.00000036230100295562
0.00213490390712503562
0.00000107828859890818
0.00000002987337600860
0.00000573916568878801
0.00864204093327721924
0.00004023525413714084
0.00000005438500483208
0.00000435867802202450
0.00781153181325043840
0.00000769615590827285
0.00000002471227463452
0.00001527515578919910
0.00351466425730783124
0.00001280051457158752
0.00000018249905719619
0.00002398871054832824
0.01845378695947691204
0.00000718934600129657
0.00000003995654990738
0.00005196796666051269
0.02240569525230228480
0.00001131677444052395
0.00000001905161475443
0.00000164299387926163
0.00035467760083579112
0.00000473815456573981
0.00000000014050500133
0.00000066466147789412
0.01154712390011532800
0.00000029625986849599
0.00000006833202483545
0.00030312343028847298
0.04616930304580703262
0.00023425017589022832
0.00000000584459330292
0.00020045241095492192
0.00489751518058817600
0.00002325217989286795
0.00000001619728874455
0.00000069155454566893
2.00000000000000000000
